gene_id,total_unsp,total_sp,total
WBGene00000001,16,778,794
WBGene00000002,28,370,398
WBGene00000003,5,218,223
WBGene00000004,144,1025,1169
WBGene00000005,0,1,1
WBGene00000006,370,2693,3063
WBGene00000007,8,31,39
WBGene00000008,7,11,18
WBGene00000009,12,17,29
WBGene00000010,24,365,389
WBGene00000012,18,35,53
WBGene00000013,0,1091,1091
WBGene00000014,2,13,15
WBGene00000015,0,62,62
WBGene00000016,35,1840,1875
WBGene00000017,6,2457,2463
WBGene00000018,298,641,939
WBGene00000019,15,2,17
WBGene00000020,156,540,696
WBGene00000022,25,194,219
WBGene00000023,12,9,21
WBGene00000024,0,1,1
WBGene00000025,0,2,2
WBGene00000027,0,2,2
WBGene00000028,0,0,0
WBGene00000029,0,0,0
WBGene00000030,0,0,0
WBGene00000031,55,14,69
WBGene00000032,0,1,1
WBGene00000033,2,1,3
WBGene00000034,1,76,77
WBGene00000035,3304,607,3911
WBGene00000036,176,673,849
WBGene00000037,40,608,648
WBGene00000038,40,68,108
WBGene00000039,3,3,6
WBGene00000040,14,982,996
WBGene00000041,285,4724,5009
WBGene00000042,59,177,236
WBGene00000043,24,57,81
WBGene00000044,29,53,82
WBGene00000045,3,15,18
WBGene00000046,120,228,348
WBGene00000047,56,184,240
WBGene00000048,15,57,72
WBGene00000049,9,28,37
WBGene00000050,4,66,70
WBGene00000051,21,122,143
WBGene00000053,12,21,33
WBGene00000054,14,132,146
WBGene00000055,10,199,209
WBGene00000056,30,87,117
WBGene00000057,75,117,192
WBGene00000058,154,334,488
WBGene00000059,17,108,125
WBGene00000060,13,28,41
WBGene00000061,15,69,84
WBGene00000062,156,208,364
WBGene00000063,405,73590,73995
WBGene00000064,135,6322,6457
WBGene00000065,153,26376,26529
WBGene00000066,1594,305160,306754
WBGene00000067,19,661,680
WBGene00000068,1122,1427,2549
WBGene00000069,22,124,146
WBGene00000070,216,663,879
WBGene00000071,22,142,164
WBGene00000072,57,648,705
WBGene00000073,91,930,1021
WBGene00000074,239,618,857
WBGene00000075,21,114,135
WBGene00000079,245,1720,1965
WBGene00000080,6,238,244
WBGene00000081,104,1706,1810
WBGene00000082,87,140,227
WBGene00000083,279,741,1020
WBGene00000084,57,115,172
WBGene00000085,25,200,225
WBGene00000086,92,541,633
WBGene00000088,51,364,415
WBGene00000089,51,853,904
WBGene00000090,103,861,964
WBGene00000092,301,3202,3503
WBGene00000093,12,198,210
WBGene00000094,85,756,841
WBGene00000095,199,2409,2608
WBGene00000096,272,750,1022
WBGene00000097,134,2093,2227
WBGene00000098,88,626,714
WBGene00000099,51,628,679
WBGene00000100,668,7393,8061
WBGene00000101,178,2043,2221
WBGene00000102,628,7385,8013
WBGene00000103,159,2108,2267
WBGene00000105,123,2770,2893
WBGene00000106,64,556,620
WBGene00000107,1022,8627,9649
WBGene00000108,3,3,6
WBGene00000109,61,2476,2537
WBGene00000110,160,3400,3560
WBGene00000111,64,351,415
WBGene00000112,234,1628,1862
WBGene00000113,156,201,357
WBGene00000114,749,153281,154030
WBGene00000115,27,704,731
WBGene00000116,90,506,596
WBGene00000117,350,535,885
WBGene00000118,37,25155,25192
WBGene00000120,2,2297,2299
WBGene00000121,20,1055,1075
WBGene00000122,38,3790,3828
WBGene00000123,190,3151,3341
WBGene00000133,19,314,333
WBGene00000134,43,124,167
WBGene00000135,20,157,177
WBGene00000136,12,114,126
WBGene00000137,71,253,324
WBGene00000138,38,219,257
WBGene00000139,127,283,410
WBGene00000140,1082,51512,52594
WBGene00000142,41,661,702
WBGene00000143,156,962,1118
WBGene00000144,119,892,1011
WBGene00000145,10,560,570
WBGene00000146,475,2328,2803
WBGene00000147,7,704,711
WBGene00000148,85,622,707
WBGene00000149,334,8201,8535
WBGene00000150,132,1074,1206
WBGene00000151,17,931,948
WBGene00000155,6,599,605
WBGene00000156,73,734,807
WBGene00000157,46,994,1040
WBGene00000158,453,1240,1693
WBGene00000159,33,2406,2439
WBGene00000160,477,1142,1619
WBGene00000161,121,1210,1331
WBGene00000162,428,1296,1724
WBGene00000163,62,1924,1986
WBGene00000164,74,544,618
WBGene00000165,16,716,732
WBGene00000166,39,204,243
WBGene00000168,317,112,429
WBGene00000169,27,324,351
WBGene00000170,3765,54824,58589
WBGene00000171,11,3,14
WBGene00000172,58,177,235
WBGene00000173,18,131,149
WBGene00000174,32,163,195
WBGene00000175,120,1782,1902
WBGene00000176,6,133,139
WBGene00000177,103,346,449
WBGene00000178,153,1796,1949
WBGene00000179,157,767,924
WBGene00000180,38,466,504
WBGene00000181,429,2915,3344
WBGene00000182,116,4439,4555
WBGene00000183,180,5296,5476
WBGene00000184,226,1547,1773
WBGene00000185,2,98,100
WBGene00000186,424,2106,2530
WBGene00000187,3,694,697
WBGene00000188,0,137,137
WBGene00000189,26,286,312
WBGene00000190,72,251,323
WBGene00000192,29,2054,2083
WBGene00000193,21,72,93
WBGene00000195,90,1139,1229
WBGene00000196,139,731,870
WBGene00000197,24,1732,1756
WBGene00000198,102,867,969
WBGene00000199,216,1889,2105
WBGene00000200,108,1855,1963
WBGene00000201,928,4183,5111
WBGene00000202,4,233,237
WBGene00000203,22,944,966
WBGene00000204,85,2057,2142
WBGene00000205,16,938,954
WBGene00000206,68,1060,1128
WBGene00000207,1053,29999,31052
WBGene00000208,1065,1310,2375
WBGene00000209,586,6719,7305
WBGene00000210,3741,35929,39670
WBGene00000211,131,452,583
WBGene00000212,39,225,264
WBGene00000213,18,219,237
WBGene00000214,0,34030,34030
WBGene00000215,128,1499,1627
WBGene00000216,45,10197,10242
WBGene00000217,2979,32285,35264
WBGene00000218,161,10246,10407
WBGene00000219,26,22118,22144
WBGene00000220,56,371,427
WBGene00000221,1113,7859,8972
WBGene00000222,97,926,1023
WBGene00000223,693,3701,4394
WBGene00000224,273,2748,3021
WBGene00000225,7931,2204,10135
WBGene00000226,164,1427,1591
WBGene00000227,168,720,888
WBGene00000228,172,2920,3092
WBGene00000229,2671,68690,71361
WBGene00000230,203,32260,32463
WBGene00000231,221,1408,1629
WBGene00000232,149,701,850
WBGene00000233,194,557,751
WBGene00000235,4,3289,3293
WBGene00000236,133,916,1049
WBGene00000237,55,273,328
WBGene00000238,53,245,298
WBGene00000239,26,97,123
WBGene00000240,2039,12509,14548
WBGene00000241,37,137,174
WBGene00000242,31,234,265
WBGene00000244,46,419,465
WBGene00000245,76,1228,1304
WBGene00000246,40,75,115
WBGene00000247,108,1764,1872
WBGene00000248,178,1329,1507
WBGene00000249,8,1721,1729
WBGene00000250,30,548,578
WBGene00000251,0,4,4
WBGene00000252,0,22,22
WBGene00000253,75,393,468
WBGene00000254,554,1904,2458
WBGene00000255,37,14,51
WBGene00000256,0,5,5
WBGene00000257,54,1381,1435
WBGene00000259,128,1225,1353
WBGene00000262,8,466,474
WBGene00000263,4019,33126,37145
WBGene00000264,232,518,750
WBGene00000265,112,481,593
WBGene00000266,89,933,1022
WBGene00000267,82,212,294
WBGene00000268,537,899,1436
WBGene00000269,193,670,863
WBGene00000270,33,439,472
WBGene00000271,35,748,783
WBGene00000272,26,48,74
WBGene00000273,709,22898,23607
WBGene00000274,255,707,962
WBGene00000275,20,809,829
WBGene00000276,319,7716,8035
WBGene00000277,2035,19610,21645
WBGene00000279,23,183,206
WBGene00000280,27,209,236
WBGene00000281,59,4058,4117
WBGene00000282,335,2904,3239
WBGene00000283,89,1269,1358
WBGene00000284,11,680,691
WBGene00000285,433,6677,7110
WBGene00000286,1299,13505,14804
WBGene00000287,146,689,835
WBGene00000288,196,1458,1654
WBGene00000289,246,978,1224
WBGene00000292,312,4625,4937
WBGene00000293,510,12321,12831
WBGene00000294,416,6310,6726
WBGene00000295,31,163,194
WBGene00000296,9,18,27
WBGene00000298,51,1359,1410
WBGene00000301,15,16344,16359
WBGene00000302,7,90,97
WBGene00000366,267,5732,5999
WBGene00000367,371,1815,2186
WBGene00000368,241,2033,2274
WBGene00000369,2,1509,1511
WBGene00000370,4863,21756,26619
WBGene00000371,4526,54730,59256
WBGene00000372,17,259,276
WBGene00000373,36,167,203
WBGene00000375,40,266,306
WBGene00000376,558,1361,1919
WBGene00000377,69,7339,7408
WBGene00000378,14,7312,7326
WBGene00000379,1001,12794,13795
WBGene00000380,885,19227,20112
WBGene00000381,44,4337,4381
WBGene00000382,39,416,455
WBGene00000383,257,4961,5218
WBGene00000386,18,220,238
WBGene00000387,344,205,549
WBGene00000388,2,12,14
WBGene00000389,0,0,0
WBGene00000390,154,3738,3892
WBGene00000391,372,2294,2666
WBGene00000392,0,34,34
WBGene00000393,102,865,967
WBGene00000395,74,319,393
WBGene00000396,78,1782,1860
WBGene00000397,3,19,22
WBGene00000399,4,3,7
WBGene00000401,27,37,64
WBGene00000402,63,6,69
WBGene00000403,549,5805,6354
WBGene00000405,52,2158,2210
WBGene00000406,32,268,300
WBGene00000407,312,1037,1349
WBGene00000408,442,1277,1719
WBGene00000409,116,856,972
WBGene00000410,261,1114,1375
WBGene00000411,19,1762,1781
WBGene00000412,3,20,23
WBGene00000413,57,361,418
WBGene00000414,279,5854,6133
WBGene00000415,2845,3271,6116
WBGene00000416,56,1338,1394
WBGene00000417,55,115,170
WBGene00000418,16,338,354
WBGene00000419,254,1364,1618
WBGene00000420,91,991,1082
WBGene00000421,290,2200,2490
WBGene00000422,6,28,34
WBGene00000423,32,670,702
WBGene00000424,99,876,975
WBGene00000425,9,117,126
WBGene00000426,342,1182,1524
WBGene00000427,3,7,10
WBGene00000428,6,108,114
WBGene00000429,85,164,249
WBGene00000430,4,61,65
WBGene00000431,17,305,322
WBGene00000432,32,22,54
WBGene00000433,134,525,659
WBGene00000434,12,40,52
WBGene00000435,8,74,82
WBGene00000436,12,55,67
WBGene00000437,161,1567,1728
WBGene00000438,26,29,55
WBGene00000439,53,429,482
WBGene00000440,1,22,23
WBGene00000441,287,461,748
WBGene00000442,23,171,194
WBGene00000443,135,2643,2778
WBGene00000444,2,215,217
WBGene00000445,24,170,194
WBGene00000446,13,186,199
WBGene00000447,34,121,155
WBGene00000448,91,732,823
WBGene00000449,183,588,771
WBGene00000450,3,5,8
WBGene00000451,4,42,46
WBGene00000452,4,164,168
WBGene00000453,35,344,379
WBGene00000454,34,382,416
WBGene00000455,111,1073,1184
WBGene00000457,9,70,79
WBGene00000458,77,485,562
WBGene00000459,113,1544,1657
WBGene00000460,14,218,232
WBGene00000461,9,13,22
WBGene00000462,6,157,163
WBGene00000463,50,296,346
WBGene00000464,952,2450,3402
WBGene00000465,31,847,878
WBGene00000466,355,1970,2325
WBGene00000467,70,502,572
WBGene00000468,5,4,9
WBGene00000469,25,43,68
WBGene00000472,77,24537,24614
WBGene00000473,3,512,515
WBGene00000474,5,549,554
WBGene00000475,28,9902,9930
WBGene00000476,90,244,334
WBGene00000477,10,26,36
WBGene00000478,55,225,280
WBGene00000479,17,1608,1625
WBGene00000480,166,1168,1334
WBGene00000481,20,266,286
WBGene00000482,143,2998,3141
WBGene00000483,17,16,33
WBGene00000484,48,137,185
WBGene00000485,107,664,771
WBGene00000487,22,12,34
WBGene00000488,90,163,253
WBGene00000490,38,338,376
WBGene00000491,167,475,642
WBGene00000492,155,309,464
WBGene00000493,44,214,258
WBGene00000496,61,181,242
WBGene00000497,22,49,71
WBGene00000498,8,604,612
WBGene00000499,41,40,81
WBGene00000500,67,1143,1210
WBGene00000501,67,402,469
WBGene00000502,30,1119,1149
WBGene00000503,1,63,64
WBGene00000506,271,908,1179
WBGene00000507,130,639,769
WBGene00000508,43,1405,1448
WBGene00000509,336,2109,2445
WBGene00000510,176,1218,1394
WBGene00000511,49,205,254
WBGene00000512,454,281,735
WBGene00000513,9,182,191
WBGene00000514,70,293,363
WBGene00000515,67,289,356
WBGene00000516,9,2788,2797
WBGene00000517,111,376,487
WBGene00000518,904,1316,2220
WBGene00000519,392,678,1070
WBGene00000520,119,675,794
WBGene00000521,5,12,17
WBGene00000522,105,325,430
WBGene00000523,67,516,583
WBGene00000524,31,470,501
WBGene00000525,9,539,548
WBGene00000526,25,574,599
WBGene00000527,245,704,949
WBGene00000528,156,301,457
WBGene00000529,151,209,360
WBGene00000530,76,157,233
WBGene00000531,18,32,50
WBGene00000532,43,985,1028
WBGene00000533,20,285,305
WBGene00000534,52,20186,20238
WBGene00000535,556,8557,9113
WBGene00000536,45,379,424
WBGene00000537,22,448,470
WBGene00000539,0,14,14
WBGene00000540,86,328,414
WBGene00000541,116,301,417
WBGene00000542,599,7609,8208
WBGene00000543,123,531,654
WBGene00000544,81,21,102
WBGene00000545,1153,2472,3625
WBGene00000546,21,23,44
WBGene00000547,322,1248,1570
WBGene00000548,167,1962,2129
WBGene00000549,238,1104,1342
WBGene00000550,25,1441,1466
WBGene00000551,0,11,11
WBGene00000552,699,11596,12295
WBGene00000553,1132,1045,2177
WBGene00000554,1171,9161,10332
WBGene00000555,0,1,1
WBGene00000556,0,17,17
WBGene00000557,13,208,221
WBGene00000558,230,3988,4218
WBGene00000559,0,4,4
WBGene00000560,44,590,634
WBGene00000561,1,12,13
WBGene00000562,30,103,133
WBGene00000563,32,11,43
WBGene00000564,288,729,1017
WBGene00000565,547,351,898
WBGene00000566,475,1196,1671
WBGene00000567,196,4306,4502
WBGene00000583,219,2016,2235
WBGene00000584,36,365,401
WBGene00000585,98,1187,1285
WBGene00000591,189,827,1016
WBGene00000592,29,396,425
WBGene00000593,0,24,24
WBGene00000594,0,3514,3514
WBGene00000596,0,1,1
WBGene00000597,7,63,70
WBGene00000598,0,21,21
WBGene00000599,10,1017,1027
WBGene00000601,0,206,206
WBGene00000602,0,2,2
WBGene00000603,1,32,33
WBGene00000606,0,0,0
WBGene00000608,0,18,18
WBGene00000609,0,4,4
WBGene00000610,6,10,16
WBGene00000611,286,2512,2798
WBGene00000612,0,3,3
WBGene00000613,0,12,12
WBGene00000614,3,16,19
WBGene00000615,0,19,19
WBGene00000616,10,24767,24777
WBGene00000617,0,1,1
WBGene00000618,0,14,14
WBGene00000620,1,2,3
WBGene00000621,0,66,66
WBGene00000622,3,22,25
WBGene00000623,11,1,12
WBGene00000624,17,7,24
WBGene00000625,8,56,64
WBGene00000626,0,0,0
WBGene00000627,0,203,203
WBGene00000628,0,5,5
WBGene00000629,0,0,0
WBGene00000630,50,323,373
WBGene00000631,7,11,18
WBGene00000632,2,137,139
WBGene00000633,0,5,5
WBGene00000634,1,21,22
WBGene00000636,14,12,26
WBGene00000637,1,73,74
WBGene00000638,0,10,10
WBGene00000639,0,94,94
WBGene00000640,10,37,47
WBGene00000641,14,315,329
WBGene00000644,0,10,10
WBGene00000645,44,359,403
WBGene00000646,2,8,10
WBGene00000647,3,41,44
WBGene00000648,68,3,71
WBGene00000649,0,8,8
WBGene00000650,0,7,7
WBGene00000651,1,16,17
WBGene00000652,10,115,125
WBGene00000653,1,596,597
WBGene00000654,5,19,24
WBGene00000655,2,79,81
WBGene00000656,17,6071,6088
WBGene00000657,7,270,277
WBGene00000658,3,4,7
WBGene00000659,1,6,7
WBGene00000660,7,7,14
WBGene00000661,5,16,21
WBGene00000662,12,18,30
WBGene00000663,0,8,8
WBGene00000664,1,261,262
WBGene00000665,1,5,6
WBGene00000666,6,2779,2785
WBGene00000667,2,141,143
WBGene00000668,0,170,170
WBGene00000669,18,4457,4475
WBGene00000670,0,142,142
WBGene00000671,1,137,138
WBGene00000672,0,7,7
WBGene00000673,33,59421,59454
WBGene00000674,50,85,135
WBGene00000675,1,258,259
WBGene00000676,0,0,0
WBGene00000677,55,41341,41396
WBGene00000678,1,43,44
WBGene00000679,1,13,14
WBGene00000680,0,16,16
WBGene00000681,38,50577,50615
WBGene00000682,1,37,38
WBGene00000683,13,106,119
WBGene00000684,12,42,54
WBGene00000685,7,38,45
WBGene00000687,2,11,13
WBGene00000688,0,99,99
WBGene00000689,13,42,55
WBGene00000690,0,52,52
WBGene00000691,0,2330,2330
WBGene00000692,2002,24473,26475
WBGene00000693,0,13,13
WBGene00000694,1,35,36
WBGene00000695,1,5,6
WBGene00000696,0,1,1
WBGene00000697,1,4,5
WBGene00000698,0,18,18
WBGene00000699,1,97,98
WBGene00000700,0,0,0
WBGene00000701,0,12,12
WBGene00000702,1,2,3
WBGene00000703,3,256,259
WBGene00000704,0,44,44
WBGene00000705,4,2,6
WBGene00000706,2,42,44
WBGene00000707,0,10,10
WBGene00000708,0,20,20
WBGene00000710,1,45,46
WBGene00000711,0,10,10
WBGene00000712,0,2,2
WBGene00000713,3,186,189
WBGene00000714,5,35,40
WBGene00000715,116,1166,1282
WBGene00000716,7,72,79
WBGene00000717,2,388,390
WBGene00000718,0,11,11
WBGene00000719,0,7,7
WBGene00000720,2,30092,30094
WBGene00000721,0,6,6
WBGene00000722,0,27,27
WBGene00000723,1,508,509
WBGene00000724,16,134,150
WBGene00000725,1,7,8
WBGene00000726,181,918,1099
WBGene00000727,0,263,263
WBGene00000728,0,241,241
WBGene00000729,2,3,5
WBGene00000730,0,6,6
WBGene00000731,4,6,10
WBGene00000732,0,42,42
WBGene00000733,10,20199,20209
WBGene00000734,0,27,27
WBGene00000735,1,1,2
WBGene00000736,0,5,5
WBGene00000737,0,24,24
WBGene00000738,1,19,20
WBGene00000739,1,2642,2643
WBGene00000740,3,530,533
WBGene00000741,3,259,262
WBGene00000742,0,37,37
WBGene00000743,0,3,3
WBGene00000744,0,1,1
WBGene00000745,1,51,52
WBGene00000746,7,5,12
WBGene00000747,0,10,10
WBGene00000748,2,47,49
WBGene00000749,1,429,430
WBGene00000750,47,216,263
WBGene00000751,0,4,4
WBGene00000752,0,0,0
WBGene00000753,0,13,13
WBGene00000754,1,438,439
WBGene00000755,0,12,12
WBGene00000756,0,4,4
WBGene00000757,1,28,29
WBGene00000758,0,1,1
WBGene00000759,3,17,20
WBGene00000760,8,44,52
WBGene00000761,43,699,742
WBGene00000762,132,668,800
WBGene00000763,312,2474,2786
WBGene00000764,36,460,496
WBGene00000765,6,653,659
WBGene00000766,24,597,621
WBGene00000767,66,736,802
WBGene00000768,286,2636,2922
WBGene00000770,3,59,62
WBGene00000771,1,10,11
WBGene00000772,2,86,88
WBGene00000773,96,1211,1307
WBGene00000774,60,1319,1379
WBGene00000775,87,670,757
WBGene00000776,1413,79206,80619
WBGene00000777,29,2741,2770
WBGene00000778,4,61,65
WBGene00000779,7969,105478,113447
WBGene00000780,77,585,662
WBGene00000781,4,806,810
WBGene00000782,4,695,699
WBGene00000783,20,307,327
WBGene00000784,0,89,89
WBGene00000785,4,745,749
WBGene00000786,309,3854,4163
WBGene00000787,59,3592,3651
WBGene00000788,361,58287,58648
WBGene00000789,183,4276,4459
WBGene00000792,36,88,124
WBGene00000793,5089,2182,7271
WBGene00000794,47,615,662
WBGene00000795,40,1033,1073
WBGene00000796,301,2943,3244
WBGene00000797,12,108,120
WBGene00000798,7,942,949
WBGene00000799,4,18,22
WBGene00000800,233,3093,3326
WBGene00000802,475,33116,33591
WBGene00000803,19,129,148
WBGene00000804,13,985,998
WBGene00000812,376,802,1178
WBGene00000813,154,967,1121
WBGene00000814,261,2902,3163
WBGene00000815,415,1263,1678
WBGene00000816,131,525,656
WBGene00000817,36,961,997
WBGene00000818,71,581,652
WBGene00000819,23,34,57
WBGene00000820,255,1187,1442
WBGene00000821,1,2,3
WBGene00000822,3311,38305,41616
WBGene00000829,0,71112,71112
WBGene00000830,0,584,584
WBGene00000831,5,969,974
WBGene00000832,779,6415,7194
WBGene00000833,60,12487,12547
WBGene00000834,740,740,1480
WBGene00000835,94,1577,1671
WBGene00000836,90,947,1037
WBGene00000837,320,1572,1892
WBGene00000838,144,485,629
WBGene00000839,66,1440,1506
WBGene00000840,131,1542,1673
WBGene00000841,51,81,132
WBGene00000843,27,1778,1805
WBGene00000845,380,3823,4203
WBGene00000846,109,335,444
WBGene00000851,1,4,5
WBGene00000853,49,37,86
WBGene00000854,242,1451,1693
WBGene00000857,89,1280,1369
WBGene00000858,73,1039,1112
WBGene00000859,0,5,5
WBGene00000860,15,138,153
WBGene00000861,5,14,19
WBGene00000862,57,219,276
WBGene00000863,29,801,830
WBGene00000864,5,25,30
WBGene00000865,12,320,332
WBGene00000866,0,120,120
WBGene00000867,4,98,102
WBGene00000868,8,738,746
WBGene00000869,171,8227,8398
WBGene00000870,128,1655,1783
WBGene00000871,53,494,547
WBGene00000872,70,1575,1645
WBGene00000874,91,1431,1522
WBGene00000875,19,768,787
WBGene00000876,387,4029,4416
WBGene00000877,17,4299,4316
WBGene00000878,38,183,221
WBGene00000879,638,15358,15996
WBGene00000880,87,1494,1581
WBGene00000881,3,10621,10624
WBGene00000882,1,909,910
WBGene00000883,925,20696,21621
WBGene00000884,42,1398,1440
WBGene00000885,116,292,408
WBGene00000886,60,804,864
WBGene00000887,180,1280,1460
WBGene00000888,43,695,738
WBGene00000889,88,1330,1418
WBGene00000890,72,491,563
WBGene00000891,142,818,960
WBGene00000892,144,512,656
WBGene00000893,17,15,32
WBGene00000894,52,2754,2806
WBGene00000895,37,58,95
WBGene00000896,186,3422,3608
WBGene00000897,130,731,861
WBGene00000898,3798,2666,6464
WBGene00000899,181,1483,1664
WBGene00000900,894,3056,3950
WBGene00000901,593,4292,4885
WBGene00000902,6,29,35
WBGene00000903,18,2187,2205
WBGene00000904,54,182,236
WBGene00000905,17,197,214
WBGene00000906,121,286,407
WBGene00000907,68,180,248
WBGene00000908,374,748,1122
WBGene00000910,649,2412,3061
WBGene00000911,455,3918,4373
WBGene00000912,3128,7012,10140
WBGene00000913,63,1126,1189
WBGene00000914,702,1049,1751
WBGene00000915,223,51630,51853
WBGene00000917,214,1817,2031
WBGene00000920,2,209,211
WBGene00000923,34,1948,1982
WBGene00000928,1,15,16
WBGene00000929,231,2049,2280
WBGene00000930,1,33,34
WBGene00000931,123,5746,5869
WBGene00000932,178,6279,6457
WBGene00000933,85,616,701
WBGene00000934,12,69,81
WBGene00000935,7,335,342
WBGene00000936,49,1533,1582
WBGene00000937,15,351,366
WBGene00000938,1347,4749,6096
WBGene00000939,224,1579,1803
WBGene00000940,163,853,1016
WBGene00000941,308,2932,3240
WBGene00000942,314,5842,6156
WBGene00000950,32,56,88
WBGene00000951,49,185,234
WBGene00000952,38,42,80
WBGene00000953,42,136,178
WBGene00000955,46,218,264
WBGene00000958,100,384,484
WBGene00000959,323,1982,2305
WBGene00000960,30,87,117
WBGene00000961,72,1142,1214
WBGene00000962,118,3738,3856
WBGene00000963,204,399,603
WBGene00000964,110,4410,4520
WBGene00000965,86,1565,1651
WBGene00000966,54,228,282
WBGene00000967,187,306,493
WBGene00000968,28,121,149
WBGene00000969,5,321,326
WBGene00000970,47,1179,1226
WBGene00000971,12,126,138
WBGene00000972,52,413,465
WBGene00000973,112,1864,1976
WBGene00000974,18,248,266
WBGene00000975,297,3052,3349
WBGene00000976,301,2419,2720
WBGene00000977,23,329,352
WBGene00000978,32,1941,1973
WBGene00000979,0,32,32
WBGene00000980,409,2402,2811
WBGene00000981,13,977,990
WBGene00000982,362,6126,6488
WBGene00000983,82,683,765
WBGene00000984,150,961,1111
WBGene00000985,45,1553,1598
WBGene00000986,5,50,55
WBGene00000987,192,585,777
WBGene00000988,780,2795,3575
WBGene00000989,6,27,33
WBGene00000990,17,81,98
WBGene00000991,201,1349,1550
WBGene00000992,0,240,240
WBGene00000993,296,1027,1323
WBGene00000994,31,353,384
WBGene00000995,85,359,444
WBGene00000996,151,3381,3532
WBGene00000998,1421,33403,34824
WBGene00001000,481,5723,6204
WBGene00001001,198,1367,1565
WBGene00001002,52,952,1004
WBGene00001005,43,10915,10958
WBGene00001006,157,1841,1998
WBGene00001007,230,2735,2965
WBGene00001008,464,3058,3522
WBGene00001016,28,439,467
WBGene00001017,294,3164,3458
WBGene00001018,179,1874,2053
WBGene00001019,494,1623,2117
WBGene00001020,23,201,224
WBGene00001021,50,200,250
WBGene00001022,44,363,407
WBGene00001023,277,3387,3664
WBGene00001025,90,931,1021
WBGene00001026,62,1849,1911
WBGene00001027,468,610,1078
WBGene00001028,129,1244,1373
WBGene00001029,108,1030,1138
WBGene00001030,82,5147,5229
WBGene00001031,42,2240,2282
WBGene00001032,44,920,964
WBGene00001033,91,438,529
WBGene00001034,91,1649,1740
WBGene00001035,71,861,932
WBGene00001036,22,542,564
WBGene00001037,30,3616,3646
WBGene00001038,244,4808,5052
WBGene00001039,96,476,572
WBGene00001040,65,1740,1805
WBGene00001041,32,1496,1528
WBGene00001042,100,347,447
WBGene00001043,432,695,1127
WBGene00001044,13,357,370
WBGene00001045,66,248,314
WBGene00001046,15,287,302
WBGene00001047,228,2097,2325
WBGene00001048,127,629,756
WBGene00001049,54,604,658
WBGene00001050,48,380,428
WBGene00001051,5,1712,1717
WBGene00001052,215,661,876
WBGene00001053,53,223,276
WBGene00001054,74,330,404
WBGene00001055,90,341,431
WBGene00001056,99,1160,1259
WBGene00001057,21,1038,1059
WBGene00001058,99,1034,1133
WBGene00001059,6,43,49
WBGene00001060,16,522,538
WBGene00001061,57,877,934
WBGene00001062,1,5,6
WBGene00001063,13,10,23
WBGene00001064,1,22,23
WBGene00001065,0,4,4
WBGene00001066,3,17,20
WBGene00001067,0,123,123
WBGene00001068,8,139,147
WBGene00001069,4,11,15
WBGene00001070,2,10,12
WBGene00001071,4,7,11
WBGene00001072,7,9,16
WBGene00001073,86,1664,1750
WBGene00001074,2,15,17
WBGene00001075,15,115,130
WBGene00001076,2,154,156
WBGene00001077,16,397,413
WBGene00001078,151,308,459
WBGene00001079,8,14,22
WBGene00001080,973,3376,4349
WBGene00001081,240,6400,6640
WBGene00001082,282,1579,1861
WBGene00001085,125,1645,1770
WBGene00001086,112,2391,2503
WBGene00001087,2045,2361,4406
WBGene00001088,4,5795,5799
WBGene00001089,294,706,1000
WBGene00001090,239,587,826
WBGene00001092,2,58,60
WBGene00001093,80,1950,2030
WBGene00001094,22,2800,2822
WBGene00001095,73,383,456
WBGene00001096,36,254,290
WBGene00001099,14,197,211
WBGene00001101,1209,4509,5718
WBGene00001102,29,715,744
WBGene00001103,0,7,7
WBGene00001104,7,8,15
WBGene00001105,8,11,19
WBGene00001106,74,27,101
WBGene00001107,7,18,25
WBGene00001108,5,110,115
WBGene00001109,0,162,162
WBGene00001110,23,424,447
WBGene00001112,87,795,882
WBGene00001113,2082,15933,18015
WBGene00001115,337,1207,1544
WBGene00001116,185,1010,1195
WBGene00001117,62,349,411
WBGene00001118,129,215,344
WBGene00001119,27,231,258
WBGene00001121,72,154,226
WBGene00001122,69,1016,1085
WBGene00001123,8,138,146
WBGene00001127,49,222,271
WBGene00001129,22,143,165
WBGene00001130,101,2076,2177
WBGene00001131,1010,8113,9123
WBGene00001132,146,1853,1999
WBGene00001133,31,91,122
WBGene00001134,165,1833,1998
WBGene00001135,39,268,307
WBGene00001136,20,35,55
WBGene00001137,301,18502,18803
WBGene00001145,1351,7433,8784
WBGene00001147,0,4,4
WBGene00001148,14,317,331
WBGene00001149,337,10222,10559
WBGene00001150,1,6,7
WBGene00001151,43,840,883
WBGene00001152,7,1206,1213
WBGene00001153,6,755,761
WBGene00001154,58,324,382
WBGene00001155,233,1790,2023
WBGene00001156,116,835,951
WBGene00001157,54,209,263
WBGene00001158,3,13,16
WBGene00001159,18,103,121
WBGene00001160,144,7874,8018
WBGene00001161,255,572,827
WBGene00001162,195,620,815
WBGene00001163,165,1236,1401
WBGene00001164,1,1,2
WBGene00001165,30,224,254
WBGene00001166,21,1573,1594
WBGene00001167,6334,151337,157671
WBGene00001168,12461,435602,448063
WBGene00001169,20,11172,11192
WBGene00001170,24,289,313
WBGene00001171,156,384,540
WBGene00001172,286,7355,7641
WBGene00001173,2926,6787,9713
WBGene00001174,34,449,483
WBGene00001175,26,126,152
WBGene00001177,2108,4783,6891
WBGene00001178,426,2476,2902
WBGene00001179,406,954,1360
WBGene00001182,131,1523,1654
WBGene00001184,179,1225,1404
WBGene00001185,25,45,70
WBGene00001186,307,661,968
WBGene00001187,281,2016,2297
WBGene00001188,297,1292,1589
WBGene00001189,895,13641,14536
WBGene00001190,156,432,588
WBGene00001193,8,520,528
WBGene00001194,605,6886,7491
WBGene00001196,1726,10408,12134
WBGene00001202,47,122,169
WBGene00001204,58,30,88
WBGene00001207,62,226,288
WBGene00001208,538,1998,2536
WBGene00001209,40,3623,3663
WBGene00001210,49,2205,2254
WBGene00001211,61,125,186
WBGene00001214,32,620,652
WBGene00001215,401,1649,2050
WBGene00001223,2,10,12
WBGene00001224,21,1085,1106
WBGene00001225,14,5072,5086
WBGene00001226,74,2042,2116
WBGene00001227,275,2190,2465
WBGene00001228,25,1462,1487
WBGene00001229,47,2012,2059
WBGene00001230,53,3451,3504
WBGene00001231,31,715,746
WBGene00001232,195,2092,2287
WBGene00001233,182,1841,2023
WBGene00001234,14,2667,2681
WBGene00001235,69,1566,1635
WBGene00001236,171,304,475
WBGene00001237,34,144,178
WBGene00001239,207,4902,5109
WBGene00001240,89,1689,1778
WBGene00001241,458,2273,2731
WBGene00001242,8,43,51
WBGene00001243,24,193,217
WBGene00001244,97,661,758
WBGene00001245,0,2,2
WBGene00001246,4,25,29
WBGene00001247,33,102,135
WBGene00001248,162,466,628
WBGene00001249,39,750,789
WBGene00001250,6,60,66
WBGene00001251,114,1197,1311
WBGene00001252,4,111,115
WBGene00001253,45,370,415
WBGene00001258,468,2000,2468
WBGene00001259,64,2560,2624
WBGene00001262,67,1859,1926
WBGene00001263,755,19163,19918
WBGene00001281,60,741,801
WBGene00001284,123,1323,1446
WBGene00001303,69,5920,5989
WBGene00001309,83,1550,1633
WBGene00001310,8,2,10
WBGene00001311,5,5,10
WBGene00001320,7,1201,1208
WBGene00001324,105,1105,1210
WBGene00001325,286,1458,1744
WBGene00001328,112,3461,3573
WBGene00001329,112,3903,4015
WBGene00001330,324,822,1146
WBGene00001331,245,1550,1795
WBGene00001332,107,536,643
WBGene00001333,207,1754,1961
WBGene00001334,382,1485,1867
WBGene00001335,103,934,1037
WBGene00001336,270,3074,3344
WBGene00001337,564,5606,6170
WBGene00001338,31,891,922
WBGene00001340,648,2963,3611
WBGene00001345,1681,2989,4670
WBGene00001352,274,1846,2120
WBGene00001358,39,277,316
WBGene00001365,200,1066,1266
WBGene00001366,550,1358,1908
WBGene00001368,180,1055,1235
WBGene00001371,53,945,998
WBGene00001372,20,114,134
WBGene00001373,94,169,263
WBGene00001374,423,754,1177
WBGene00001377,140,329,469
WBGene00001385,33899,429361,463260
WBGene00001386,495,17014,17509
WBGene00001387,15,53,68
WBGene00001388,1,25,26
WBGene00001389,46,814,860
WBGene00001390,131,3686,3817
WBGene00001391,841,16179,17020
WBGene00001392,60,3005,3065
WBGene00001393,64,7898,7962
WBGene00001394,99,17892,17991
WBGene00001395,836,6635,7471
WBGene00001396,166,3527,3693
WBGene00001397,0,67,67
WBGene00001398,31,2866,2897
WBGene00001399,1,5,6
WBGene00001400,3,68,71
WBGene00001401,1,252,253
WBGene00001402,2,101,103
WBGene00001403,369,2802,3171
WBGene00001404,1087,5923,7010
WBGene00001405,19,1218,1237
WBGene00001406,238,449,687
WBGene00001410,156,413,569
WBGene00001411,63,1355,1418
WBGene00001412,32,943,975
WBGene00001413,33,557,590
WBGene00001414,2,19,21
WBGene00001423,61,4885,4946
WBGene00001424,1,0,1
WBGene00001425,178,1235,1413
WBGene00001426,104,3328,3432
WBGene00001427,662,25106,25768
WBGene00001428,4,767,771
WBGene00001429,25,557,582
WBGene00001430,6,104,110
WBGene00001431,28,2033,2061
WBGene00001432,35,164,199
WBGene00001433,36,404,440
WBGene00001434,1,101,102
WBGene00001435,1,1,2
WBGene00001436,0,1,1
WBGene00001437,1,45,46
WBGene00001438,9,16,25
WBGene00001439,2776,3650,6426
WBGene00001440,31,439,470
WBGene00001441,470,6379,6849
WBGene00001442,3,73,76
WBGene00001443,535,1827,2362
WBGene00001444,5407,30196,35603
WBGene00001445,194,2143,2337
WBGene00001446,24,793,817
WBGene00001447,160,2687,2847
WBGene00001448,686,10050,10736
WBGene00001449,323,2068,2391
WBGene00001450,31,1196,1227
WBGene00001451,132,1366,1498
WBGene00001452,166,12904,13070
WBGene00001453,9,1738,1747
WBGene00001454,7,7007,7014
WBGene00001455,438,9086,9524
WBGene00001456,10,1214,1224
WBGene00001457,1601,11035,12636
WBGene00001458,410,5522,5932
WBGene00001459,151,5755,5906
WBGene00001460,59,1097,1156
WBGene00001461,968,6323,7291
WBGene00001462,113,7186,7299
WBGene00001463,114,2726,2840
WBGene00001464,226,3398,3624
WBGene00001465,19,68,87
WBGene00001466,7,151,158
WBGene00001468,7,27,34
WBGene00001470,68,1192,1260
WBGene00001475,147,1389,1536
WBGene00001476,63,357,420
WBGene00001477,62,820,882
WBGene00001478,53,225,278
WBGene00001479,63,1088,1151
WBGene00001480,2801,17730,20531
WBGene00001481,29,180,209
WBGene00001482,5,260,265
WBGene00001483,9,120,129
WBGene00001484,314,641,955
WBGene00001485,276,572,848
WBGene00001486,44,352,396
WBGene00001487,76,113,189
WBGene00001488,1100,35147,36247
WBGene00001489,291,1408,1699
WBGene00001490,142,709,851
WBGene00001491,1383,8218,9601
WBGene00001492,62,388,450
WBGene00001493,225,2412,2637
WBGene00001494,348,575,923
WBGene00001495,148,425,573
WBGene00001496,1556,6445,8001
WBGene00001497,84,938,1022
WBGene00001498,178,1820,1998
WBGene00001499,25,520,545
WBGene00001500,255,2304,2559
WBGene00001501,1087,7118,8205
WBGene00001502,346,27528,27874
WBGene00001503,97,5986,6083
WBGene00001505,79,556,635
WBGene00001506,40,84,124
WBGene00001507,26,90,116
WBGene00001508,84,400,484
WBGene00001509,147,2205,2352
WBGene00001510,250,1650,1900
WBGene00001511,26,697,723
WBGene00001512,58,158,216
WBGene00001513,2,921,923
WBGene00001514,32,352,384
WBGene00001515,49,185,234
WBGene00001516,775,2043,2818
WBGene00001517,79,375,454
WBGene00001518,157,473,630
WBGene00001519,465,2510,2975
WBGene00001520,123,4383,4506
WBGene00001522,66,87,153
WBGene00001523,119,1123,1242
WBGene00001526,201,1080,1281
WBGene00001527,36,1002,1038
WBGene00001528,16,14,30
WBGene00001529,27,14,41
WBGene00001530,8,43,51
WBGene00001531,14,96,110
WBGene00001532,9,77,86
WBGene00001533,43,35,78
WBGene00001534,16,65,81
WBGene00001535,12,101,113
WBGene00001536,36,86,122
WBGene00001537,1676,2024,3700
WBGene00001538,67,519,586
WBGene00001539,65,34,99
WBGene00001540,7,24,31
WBGene00001541,7,96,103
WBGene00001542,30,39,69
WBGene00001543,11,116,127
WBGene00001544,41,86,127
WBGene00001545,4,24,28
WBGene00001546,24,81,105
WBGene00001547,27,82,109
WBGene00001548,24,99,123
WBGene00001549,30,114,144
WBGene00001550,11,23,34
WBGene00001551,57,67,124
WBGene00001552,85,448,533
WBGene00001553,100,612,712
WBGene00001554,96,483,579
WBGene00001555,281,872,1153
WBGene00001556,178,1011,1189
WBGene00001557,131,691,822
WBGene00001558,31,3713,3744
WBGene00001559,181,423,604
WBGene00001560,73,176,249
WBGene00001561,2540,9221,11761
WBGene00001562,81,2033,2114
WBGene00001563,171,2774,2945
WBGene00001564,1439,45816,47255
WBGene00001565,325,1728,2053
WBGene00001566,31,573,604
WBGene00001568,71,1107,1178
WBGene00001569,1,58,59
WBGene00001570,44,389,433
WBGene00001571,23,580,603
WBGene00001572,502,3887,4389
WBGene00001574,315,2256,2571
WBGene00001575,14,62,76
WBGene00001577,277,1917,2194
WBGene00001578,133,864,997
WBGene00001579,104,682,786
WBGene00001580,67,836,903
WBGene00001581,2,691,693
WBGene00001582,434,2107,2541
WBGene00001583,27,505,532
WBGene00001584,388,1138,1526
WBGene00001585,59,1201,1260
WBGene00001586,115,197,312
WBGene00001587,152,238,390
WBGene00001588,28,312,340
WBGene00001589,254,951,1205
WBGene00001590,27,468,495
WBGene00001591,8,453,461
WBGene00001592,36,205,241
WBGene00001593,43,172,215
WBGene00001594,64,426,490
WBGene00001595,4,134,138
WBGene00001596,252,3093,3345
WBGene00001597,42,373,415
WBGene00001598,68,3005,3073
WBGene00001599,18,569,587
WBGene00001600,7,412,419
WBGene00001601,46,811,857
WBGene00001602,66,951,1017
WBGene00001603,2,39,41
WBGene00001604,126,15521,15647
WBGene00001606,23,439,462
WBGene00001607,32,453,485
WBGene00001608,90,496,586
WBGene00001609,28,567,595
WBGene00001612,28,70,98
WBGene00001613,155,115,270
WBGene00001614,26,66,92
WBGene00001615,140,427,567
WBGene00001616,39,268,307
WBGene00001617,145,367,512
WBGene00001618,26,36,62
WBGene00001619,18,52,70
WBGene00001620,54,545,599
WBGene00001621,11,75,86
WBGene00001622,58,103,161
WBGene00001623,11,291,302
WBGene00001624,12,17,29
WBGene00001625,4,8,12
WBGene00001626,3,25,28
WBGene00001627,47,321,368
WBGene00001628,30,410,440
WBGene00001629,216,507,723
WBGene00001630,632,645,1277
WBGene00001631,147,805,952
WBGene00001632,44,520,564
WBGene00001633,72,285,357
WBGene00001635,37,716,753
WBGene00001636,87,322,409
WBGene00001637,61,174,235
WBGene00001638,29,270,299
WBGene00001639,28,119,147
WBGene00001640,26,9,35
WBGene00001641,2,1,3
WBGene00001642,0,0,0
WBGene00001643,12,142,154
WBGene00001644,14,90,104
WBGene00001645,71,717,788
WBGene00001646,0,236,236
WBGene00001647,2,136,138
WBGene00001648,372,5313,5685
WBGene00001649,160,1609,1769
WBGene00001650,145,474,619
WBGene00001651,318,788,1106
WBGene00001653,165,1435,1600
WBGene00001660,52,564,616
WBGene00001661,94,1095,1189
WBGene00001662,53,1466,1519
WBGene00001663,324,150,474
WBGene00001664,15,231,246
WBGene00001665,24,209,233
WBGene00001666,23,366,389
WBGene00001667,13,10,23
WBGene00001668,10,68,78
WBGene00001669,263,920,1183
WBGene00001670,219,1078,1297
WBGene00001671,410,4790,5200
WBGene00001672,15,96,111
WBGene00001673,54,69,123
WBGene00001674,37,792,829
WBGene00001675,6,29,35
WBGene00001676,106,123,229
WBGene00001677,22,119,141
WBGene00001678,260,281,541
WBGene00001679,452,7235,7687
WBGene00001680,78,1858,1936
WBGene00001681,16,551,567
WBGene00001682,331,11714,12045
WBGene00001683,74,743,817
WBGene00001684,42,25592,25634
WBGene00001685,29,46741,46770
WBGene00001686,69,776,845
WBGene00001687,9,29,38
WBGene00001688,7,411,418
WBGene00001689,12,461,473
WBGene00001690,9,44,53
WBGene00001691,1,3,4
WBGene00001692,215,6523,6738
WBGene00001693,1,3,4
WBGene00001694,6,2210,2216
WBGene00001695,4,8,12
WBGene00001696,51,115,166
WBGene00001697,2,54,56
WBGene00001698,10,9,19
WBGene00001699,51,5279,5330
WBGene00001700,12,2,14
WBGene00001701,3,16,19
WBGene00001702,94,632,726
WBGene00001703,0,6,6
WBGene00001704,8,24,32
WBGene00001705,3,15,18
WBGene00001707,310,387,697
WBGene00001708,402,1655,2057
WBGene00001709,77,706,783
WBGene00001710,13,6,19
WBGene00001711,1,8,9
WBGene00001712,4,10,14
WBGene00001713,5,1243,1248
WBGene00001714,0,7,7
WBGene00001715,3,8,11
WBGene00001716,6,10,16
WBGene00001717,6,76,82
WBGene00001718,0,27,27
WBGene00001719,9,233,242
WBGene00001720,2,4,6
WBGene00001721,5,23,28
WBGene00001722,2,4,6
WBGene00001723,9,15,24
WBGene00001724,13,21,34
WBGene00001725,0,9,9
WBGene00001726,2,12,14
WBGene00001727,4,6,10
WBGene00001728,2,12,14
WBGene00001729,3,6,9
WBGene00001730,0,7,7
WBGene00001731,1,17,18
WBGene00001732,2,5,7
WBGene00001733,2,8,10
WBGene00001734,0,4,4
WBGene00001735,4,6,10
WBGene00001736,11,28,39
WBGene00001737,0,1,1
WBGene00001738,0,2,2
WBGene00001739,0,2,2
WBGene00001740,76,329,405
WBGene00001743,85,655,740
WBGene00001744,209,1304,1513
WBGene00001745,649,2301,2950
WBGene00001746,380,2422,2802
WBGene00001747,178,3597,3775
WBGene00001748,1385,20374,21759
WBGene00001749,4,2401,2405
WBGene00001750,78,783,861
WBGene00001751,133,4462,4595
WBGene00001752,8,730,738
WBGene00001753,479,16851,17330
WBGene00001754,0,325,325
WBGene00001755,246,16750,16996
WBGene00001756,1,465,466
WBGene00001757,32,82,114
WBGene00001758,15,2446,2461
WBGene00001759,11,216,227
WBGene00001760,28,1538,1566
WBGene00001761,55,650,705
WBGene00001762,6,215,221
WBGene00001763,38,3284,3322
WBGene00001764,4,561,565
WBGene00001765,1,44,45
WBGene00001766,15,3,18
WBGene00001767,9,676,685
WBGene00001768,147,36361,36508
WBGene00001769,15,263,278
WBGene00001770,4,1110,1114
WBGene00001771,3,375,378
WBGene00001772,17,3484,3501
WBGene00001773,3,76,79
WBGene00001774,0,63,63
WBGene00001775,4,1086,1090
WBGene00001776,39,432,471
WBGene00001777,12,117,129
WBGene00001778,0,480,480
WBGene00001779,3,229,232
WBGene00001780,3,30,33
WBGene00001781,71,1152,1223
WBGene00001782,108,240,348
WBGene00001783,279,2639,2918
WBGene00001784,159,1291,1450
WBGene00001785,0,18,18
WBGene00001786,0,72,72
WBGene00001787,2,1510,1512
WBGene00001788,68,514,582
WBGene00001789,10,1981,1991
WBGene00001790,80,1631,1711
WBGene00001791,93,511,604
WBGene00001792,22,153,175
WBGene00001793,1220,2976,4196
WBGene00001794,1449,10135,11584
WBGene00001795,105,647,752
WBGene00001796,44,143,187
WBGene00001803,86,634,720
WBGene00001804,44,153,197
WBGene00001805,42,189,231
WBGene00001806,16,29,45
WBGene00001808,262,1481,1743
WBGene00001811,19,142,161
WBGene00001812,53,718,771
WBGene00001813,185,557,742
WBGene00001814,41,710,751
WBGene00001815,93,464,557
WBGene00001816,138,167,305
WBGene00001817,32,271,303
WBGene00001818,8,7,15
WBGene00001819,47,505,552
WBGene00001820,25,796,821
WBGene00001821,210,835,1045
WBGene00001823,69,699,768
WBGene00001824,53,1236,1289
WBGene00001827,63,826,889
WBGene00001828,4,5,9
WBGene00001829,16,600,616
WBGene00001830,22,1080,1102
WBGene00001831,15,1360,1375
WBGene00001832,90,776,866
WBGene00001833,73,1104,1177
WBGene00001834,6,1034,1040
WBGene00001835,6,720,726
WBGene00001836,58,646,704
WBGene00001837,1099,1569,2668
WBGene00001838,67,221,288
WBGene00001839,26,62,88
WBGene00001840,356,6634,6990
WBGene00001841,6,65,71
WBGene00001842,11,30,41
WBGene00001843,638,5435,6073
WBGene00001844,30,629,659
WBGene00001851,476,5894,6370
WBGene00001852,455,20212,20667
WBGene00001853,88,19150,19238
WBGene00001854,74,19592,19666
WBGene00001855,32,5371,5403
WBGene00001856,6,3323,3329
WBGene00001857,0,23,23
WBGene00001858,0,15831,15831
WBGene00001859,18,19,37
WBGene00001860,99,1871,1970
WBGene00001862,14,298,312
WBGene00001863,1333,12312,13645
WBGene00001864,185,958,1143
WBGene00001865,51,388,439
WBGene00001867,42,468,510
WBGene00001869,11,680,691
WBGene00001872,57,232,289
WBGene00001874,35,1067,1102
WBGene00001875,0,1518,1518
WBGene00001876,0,1055,1055
WBGene00001877,0,2384,2384
WBGene00001878,0,712,712
WBGene00001879,0,1401,1401
WBGene00001880,0,1206,1206
WBGene00001881,0,918,918
WBGene00001882,0,545,545
WBGene00001883,0,378,378
WBGene00001884,0,0,0
WBGene00001885,0,2545,2545
WBGene00001886,0,0,0
WBGene00001887,0,0,0
WBGene00001888,0,0,0
WBGene00001889,0,0,0
WBGene00001890,0,269,269
WBGene00001891,0,210,210
WBGene00001892,0,1621,1621
WBGene00001893,0,0,0
WBGene00001894,0,0,0
WBGene00001895,0,0,0
WBGene00001896,0,0,0
WBGene00001898,27,29552,29579
WBGene00001899,0,260,260
WBGene00001900,0,0,0
WBGene00001901,0,0,0
WBGene00001902,0,0,0
WBGene00001903,0,3,3
WBGene00001904,0,3,3
WBGene00001905,0,255,255
WBGene00001906,0,1993,1993
WBGene00001907,0,0,0
WBGene00001908,0,2,2
WBGene00001909,1821,37776,39597
WBGene00001910,378,12893,13271
WBGene00001911,2277,85389,87666
WBGene00001912,0,63,63
WBGene00001913,0,5,5
WBGene00001914,0,97,97
WBGene00001915,1129,37965,39094
WBGene00001916,0,18,18
WBGene00001917,0,0,0
WBGene00001918,0,0,0
WBGene00001919,0,39,39
WBGene00001920,0,0,0
WBGene00001921,0,57,57
WBGene00001922,0,1299,1299
WBGene00001923,0,0,0
WBGene00001924,0,0,0
WBGene00001925,0,0,0
WBGene00001926,0,0,0
WBGene00001927,0,0,0
WBGene00001928,0,250,250
WBGene00001929,0,23,23
WBGene00001930,0,0,0
WBGene00001931,41,265,306
WBGene00001932,0,72,72
WBGene00001933,0,4549,4549
WBGene00001934,0,6558,6558
WBGene00001935,0,1385,1385
WBGene00001936,0,3071,3071
WBGene00001937,0,1152,1152
WBGene00001938,0,6095,6095
WBGene00001939,0,54,54
WBGene00001940,0,134,134
WBGene00001941,0,1683,1683
WBGene00001942,0,1654,1654
WBGene00001943,0,32,32
WBGene00001944,0,32,32
WBGene00001945,267,17260,17527
WBGene00001946,762,32866,33628
WBGene00001947,0,174,174
WBGene00001948,585,1822,2407
WBGene00001949,24,1035,1059
WBGene00001950,3,176,179
WBGene00001951,7,101,108
WBGene00001952,44,842,886
WBGene00001953,47,478,525
WBGene00001954,15,112,127
WBGene00001955,671,33851,34522
WBGene00001956,0,8,8
WBGene00001957,101,708,809
WBGene00001958,5,664,669
WBGene00001959,6,57,63
WBGene00001960,12,139,151
WBGene00001961,5,22,27
WBGene00001962,3,1,4
WBGene00001964,0,0,0
WBGene00001965,0,2,2
WBGene00001966,0,11,11
WBGene00001967,0,0,0
WBGene00001968,0,4,4
WBGene00001971,113,28963,29076
WBGene00001972,415,7473,7888
WBGene00001973,5,921,926
WBGene00001974,32,1747,1779
WBGene00001975,50,1015,1065
WBGene00001976,27,9847,9874
WBGene00001977,1,1213,1214
WBGene00001978,289,1631,1920
WBGene00001979,48,1183,1231
WBGene00001980,1811,1970,3781
WBGene00001981,2,12,14
WBGene00001983,50,546,596
WBGene00001984,65,122,187
WBGene00001985,7,123,130
WBGene00001986,120,486,606
WBGene00001987,594,475,1069
WBGene00001988,51,713,764
WBGene00001989,57,355,412
WBGene00001990,100,1488,1588
WBGene00001991,29,307,336
WBGene00001992,25,259,284
WBGene00001993,104,3862,3966
WBGene00001994,289,4116,4405
WBGene00001995,56,1010,1066
WBGene00001996,254,696,950
WBGene00001997,156,357,513
WBGene00001998,36,345,381
WBGene00001999,27,10291,10318
WBGene00002000,161,3422,3583
WBGene00002001,227,2231,2458
WBGene00002002,70,1901,1971
WBGene00002003,76,303,379
WBGene00002004,467,1147,1614
WBGene00002005,110,15015,15125
WBGene00002007,125,5077,5202
WBGene00002008,78,752,830
WBGene00002010,23,4043,4066
WBGene00002011,273,4073,4346
WBGene00002012,1418,121236,122654
WBGene00002013,599,91577,92176
WBGene00002015,0,0,0
WBGene00002016,10,1255,1265
WBGene00002017,0,263,263
WBGene00002018,17,1254,1271
WBGene00002019,0,8475,8475
WBGene00002020,0,0,0
WBGene00002021,28,191,219
WBGene00002023,289,5994,6283
WBGene00002024,100,1594,1694
WBGene00002025,129,656,785
WBGene00002026,5,195,200
WBGene00002027,175,4626,4801
WBGene00002028,15,293,308
WBGene00002029,15,174,189
WBGene00002030,79,364,443
WBGene00002031,68,391,459
WBGene00002032,15,210,225
WBGene00002033,19,184,203
WBGene00002034,13,533,546
WBGene00002035,238,1279,1517
WBGene00002036,265,1456,1721
WBGene00002037,72,248,320
WBGene00002038,159,1030,1189
WBGene00002039,35,133,168
WBGene00002040,244,1484,1728
WBGene00002041,224,619,843
WBGene00002042,44,472,516
WBGene00002043,159,467,626
WBGene00002044,29,413,442
WBGene00002045,7342,70464,77806
WBGene00002046,103,1224,1327
WBGene00002047,41,858,899
WBGene00002048,671,3237,3908
WBGene00002050,168,979,1147
WBGene00002051,3,13,16
WBGene00002052,137,1341,1478
WBGene00002053,201,1684,1885
WBGene00002054,259,9315,9574
WBGene00002055,19,2897,2916
WBGene00002056,255,1247,1502
WBGene00002057,9,85,94
WBGene00002058,7,73,80
WBGene00002059,135,2801,2936
WBGene00002060,31,2361,2392
WBGene00002061,12,1068,1080
WBGene00002062,53,616,669
WBGene00002063,145,412,557
WBGene00002064,552,3861,4413
WBGene00002065,698,103492,104190
WBGene00002066,153,2403,2556
WBGene00002067,17,94,111
WBGene00002068,4,770,774
WBGene00002069,630,6827,7457
WBGene00002070,30,628,658
WBGene00002071,13,751,764
WBGene00002072,71,862,933
WBGene00002073,5,558,563
WBGene00002074,56,2370,2426
WBGene00002075,97,650,747
WBGene00002076,313,633,946
WBGene00002077,219,5329,5548
WBGene00002078,648,10637,11285
WBGene00002079,40,322,362
WBGene00002080,122,649,771
WBGene00002081,27,558,585
WBGene00002083,7,732,739
WBGene00002084,31,885,916
WBGene00002085,0,16,16
WBGene00002086,35,917,952
WBGene00002087,1,21,22
WBGene00002088,6,45,51
WBGene00002089,3,95,98
WBGene00002090,2,0,2
WBGene00002091,2,0,2
WBGene00002092,0,5,5
WBGene00002093,54,635,689
WBGene00002094,24,272,296
WBGene00002095,6,15,21
WBGene00002096,1,2,3
WBGene00002097,16,471,487
WBGene00002098,4,27,31
WBGene00002099,4,7,11
WBGene00002100,45,3308,3353
WBGene00002101,293,1690,1983
WBGene00002102,0,4,4
WBGene00002103,5,45,50
WBGene00002104,10,19,29
WBGene00002105,12,229,241
WBGene00002106,2,21,23
WBGene00002107,55,647,702
WBGene00002108,149,92,241
WBGene00002109,55,590,645
WBGene00002110,500,4655,5155
WBGene00002111,45,518,563
WBGene00002112,94,696,790
WBGene00002113,69,2926,2995
WBGene00002114,0,4,4
WBGene00002115,0,0,0
WBGene00002116,49,20,69
WBGene00002117,3,12,15
WBGene00002118,34,608,642
WBGene00002119,64,132,196
WBGene00002120,0,5,5
WBGene00002121,1,1,2
WBGene00002123,417,855,1272
WBGene00002124,4,54,58
WBGene00002125,1,154,155
WBGene00002127,14,1105,1119
WBGene00002128,48,532,580
WBGene00002129,85,1603,1688
WBGene00002130,2,19,21
WBGene00002131,1,16,17
WBGene00002132,28,568,596
WBGene00002133,160,602,762
WBGene00002134,188,2724,2912
WBGene00002135,98,1929,2027
WBGene00002136,60,569,629
WBGene00002137,24,388,412
WBGene00002138,15,170,185
WBGene00002139,7,181,188
WBGene00002140,299,1269,1568
WBGene00002141,167,103,270
WBGene00002142,40,251,291
WBGene00002143,51,108,159
WBGene00002144,14,48,62
WBGene00002146,65,620,685
WBGene00002147,281,946,1227
WBGene00002148,93,1213,1306
WBGene00002149,33,103,136
WBGene00002150,242,249,491
WBGene00002151,210,206,416
WBGene00002152,134,2827,2961
WBGene00002153,34,545,579
WBGene00002162,3421,36672,40093
WBGene00002163,506,1623,2129
WBGene00002169,245,1571,1816
WBGene00002173,455,1867,2322
WBGene00002174,59,408,467
WBGene00002175,627,657,1284
WBGene00002176,361,561,922
WBGene00002177,31,186,217
WBGene00002178,96,651,747
WBGene00002179,468,3823,4291
WBGene00002180,16,974,990
WBGene00002181,116,327,443
WBGene00002182,67,203,270
WBGene00002183,98,1141,1239
WBGene00002184,269,1004,1273
WBGene00002185,494,963,1457
WBGene00002186,2,10,12
WBGene00002187,301,1128,1429
WBGene00002188,7,35,42
WBGene00002189,3000,7359,10359
WBGene00002190,754,4753,5507
WBGene00002191,1827,16378,18205
WBGene00002192,397,1977,2374
WBGene00002193,4,8,12
WBGene00002194,18,56,74
WBGene00002195,60,330,390
WBGene00002196,111,7000,7111
WBGene00002198,259,415,674
WBGene00002199,11,33,44
WBGene00002200,61,490,551
WBGene00002201,103,1943,2046
WBGene00002202,330,10533,10863
WBGene00002203,492,1667,2159
WBGene00002204,0,0,0
WBGene00002205,5,6,11
WBGene00002206,2,6,8
WBGene00002207,116,513,629
WBGene00002208,1,4,5
WBGene00002210,740,2148,2888
WBGene00002211,13,67,80
WBGene00002213,76,498,574
WBGene00002214,69,1137,1206
WBGene00002215,888,3697,4585
WBGene00002216,47,822,869
WBGene00002217,84,1119,1203
WBGene00002218,21,46,67
WBGene00002219,94,898,992
WBGene00002220,88,851,939
WBGene00002222,373,1617,1990
WBGene00002223,1304,3408,4712
WBGene00002224,202,239,441
WBGene00002225,3,917,920
WBGene00002226,2,1795,1797
WBGene00002227,12,13,25
WBGene00002228,94,1070,1164
WBGene00002229,96,903,999
WBGene00002230,179,400,579
WBGene00002231,47,924,971
WBGene00002232,162,1132,1294
WBGene00002233,62,260,322
WBGene00002234,12,80,92
WBGene00002235,43,95,138
WBGene00002238,1,1032,1033
WBGene00002239,176,762,938
WBGene00002240,364,556,920
WBGene00002241,720,2086,2806
WBGene00002242,223,308,531
WBGene00002243,66,185,251
WBGene00002244,209,1351,1560
WBGene00002245,307,921,1228
WBGene00002246,1,164,165
WBGene00002247,438,2261,2699
WBGene00002248,18,34,52
WBGene00002249,37,1617,1654
WBGene00002250,17,2263,2280
WBGene00002251,237,1615,1852
WBGene00002252,81,139,220
WBGene00002253,4706,20458,25164
WBGene00002254,8800,68518,77318
WBGene00002255,1235,8277,9512
WBGene00002256,51,1135,1186
WBGene00002257,70,810,880
WBGene00002258,83,1618,1701
WBGene00002259,19,380,399
WBGene00002260,3,15,18
WBGene00002261,846,2148,2994
WBGene00002262,184,2395,2579
WBGene00002263,1821,9311,11132
WBGene00002264,314,8936,9250
WBGene00002265,1252,18963,20215
WBGene00002266,831,7529,8360
WBGene00002267,457,10039,10496
WBGene00002268,2667,26454,29121
WBGene00002269,617,7918,8535
WBGene00002270,16,475,491
WBGene00002271,69,3435,3504
WBGene00002272,344,4919,5263
WBGene00002273,47,5366,5413
WBGene00002274,19,367,386
WBGene00002275,7,375,382
WBGene00002276,44,835,879
WBGene00002278,324,753,1077
WBGene00002280,1706,17872,19578
WBGene00002282,10,81,91
WBGene00002295,278,7187,7465
WBGene00002297,100,508,608
WBGene00002299,97,447,544
WBGene00002324,20,863,883
WBGene00002335,164,3243,3407
WBGene00002344,435,27905,28340
WBGene00002348,64,4855,4919
WBGene00002363,140,2798,2938
WBGene00002368,23,575,598
WBGene00002393,28,166,194
WBGene00002497,306,261,567
WBGene00002583,380,2843,3223
WBGene00002601,136,622,758
WBGene00002632,60,992,1052
WBGene00002637,125,4438,4563
WBGene00002694,54,1503,1557
WBGene00002696,103,2560,2663
WBGene00002717,1078,5701,6779
WBGene00002783,930,2194,3124
WBGene00002804,6,560,566
WBGene00002827,17,103,120
WBGene00002845,210,2445,2655
WBGene00002850,160,3542,3702
WBGene00002855,118,6141,6259
WBGene00002879,65,903,968
WBGene00002881,609,4401,5010
WBGene00002889,317,2115,2432
WBGene00002891,36,1912,1948
WBGene00002915,178,2379,2557
WBGene00002957,131,1833,1964
WBGene00002974,385,1009,1394
WBGene00002975,22,100,122
WBGene00002976,356,1175,1531
WBGene00002977,246,721,967
WBGene00002978,2333,134657,136990
WBGene00002979,804,1781,2585
WBGene00002980,399,71187,71586
WBGene00002981,559,26341,26900
WBGene00002982,159,1363,1522
WBGene00002983,42,216,258
WBGene00002985,92,1620,1712
WBGene00002986,92,1093,1185
WBGene00002987,77,143,220
WBGene00002988,41,277,318
WBGene00002989,202,439,641
WBGene00002990,731,1246,1977
WBGene00002991,395,1002,1397
WBGene00002992,121,512,633
WBGene00002994,47,2524,2571
WBGene00002996,49,194,243
WBGene00002997,79,572,651
WBGene00002998,100,1051,1151
WBGene00002999,384,1498,1882
WBGene00003000,53,220,273
WBGene00003001,46,130,176
WBGene00003002,626,3697,4323
WBGene00003003,2330,1491,3821
WBGene00003006,366,517,883
WBGene00003007,88,455,543
WBGene00003008,40,52,92
WBGene00003009,143,1935,2078
WBGene00003010,368,974,1342
WBGene00003011,151,1221,1372
WBGene00003012,119,1380,1499
WBGene00003014,418,6736,7154
WBGene00003015,84,78,162
WBGene00003017,14,55,69
WBGene00003018,80,1747,1827
WBGene00003019,133,1500,1633
WBGene00003020,283,772,1055
WBGene00003021,130,1587,1717
WBGene00003022,62,503,565
WBGene00003024,385,2493,2878
WBGene00003025,246,3318,3564
WBGene00003026,125,1262,1387
WBGene00003029,101,1210,1311
WBGene00003030,460,2412,2872
WBGene00003031,46,547,593
WBGene00003033,10,239,249
WBGene00003034,194,2577,2771
WBGene00003035,63,703,766
WBGene00003036,3,2459,2462
WBGene00003037,18,634,652
WBGene00003038,28,742,770
WBGene00003040,452,4847,5299
WBGene00003041,106,1450,1556
WBGene00003043,158,1901,2059
WBGene00003044,401,1949,2350
WBGene00003045,348,1253,1601
WBGene00003046,14,69,83
WBGene00003047,358,1879,2237
WBGene00003048,3233,5698,8931
WBGene00003052,101,7130,7231
WBGene00003053,37,7777,7814
WBGene00003055,10,123,133
WBGene00003056,145,453,598
WBGene00003057,1,4,5
WBGene00003058,1,8,9
WBGene00003059,81,705,786
WBGene00003060,972,2864,3836
WBGene00003061,196,4248,4444
WBGene00003062,26,1303,1329
WBGene00003063,331,30282,30613
WBGene00003064,10,1409,1419
WBGene00003065,133,4572,4705
WBGene00003066,89,1097,1186
WBGene00003068,177,1311,1488
WBGene00003071,361,4968,5329
WBGene00003072,316,4689,5005
WBGene00003073,212,7201,7413
WBGene00003074,52,804,856
WBGene00003075,9,37,46
WBGene00003076,93,1455,1548
WBGene00003077,41,625,666
WBGene00003078,28,1481,1509
WBGene00003079,0,6376,6376
WBGene00003080,92,1854,1946
WBGene00003081,423,2310,2733
WBGene00003082,220,1015,1235
WBGene00003083,111,2260,2371
WBGene00003084,164,1392,1556
WBGene00003085,221,4094,4315
WBGene00003086,639,1413,2052
WBGene00003087,56,1336,1392
WBGene00003089,92,1269,1361
WBGene00003090,1,1816,1817
WBGene00003091,0,77,77
WBGene00003092,1,202,203
WBGene00003093,20,334,354
WBGene00003094,1,7,8
WBGene00003095,1,2,3
WBGene00003096,0,31,31
WBGene00003097,12,3194,3206
WBGene00003098,0,1,1
WBGene00003099,0,4,4
WBGene00003100,14,13,27
WBGene00003102,315,936,1251
WBGene00003104,22,92,114
WBGene00003106,60,147,207
WBGene00003107,31,22,53
WBGene00003111,168,1210,1378
WBGene00003112,52,327,379
WBGene00003114,112,142,254
WBGene00003119,316,1051,1367
WBGene00003123,11,2542,2553
WBGene00003124,397,3664,4061
WBGene00003129,224,999,1223
WBGene00003130,298,1454,1752
WBGene00003132,72,1426,1498
WBGene00003133,158,1040,1198
WBGene00003134,72,539,611
WBGene00003136,100,626,726
WBGene00003142,105,725,830
WBGene00003143,138,992,1130
WBGene00003144,537,1517,2054
WBGene00003148,17,3068,3085
WBGene00003149,370,1933,2303
WBGene00003150,864,3895,4759
WBGene00003151,137,992,1129
WBGene00003153,3031,7227,10258
WBGene00003154,46,607,653
WBGene00003155,19,729,748
WBGene00003156,11,904,915
WBGene00003157,33,1410,1443
WBGene00003158,41,1238,1279
WBGene00003159,1,520,521
WBGene00003160,118,1954,2072
WBGene00003161,172,835,1007
WBGene00003162,13,2516,2529
WBGene00003163,457,16182,16639
WBGene00003164,17,304,321
WBGene00003165,55,466,521
WBGene00003166,700,667,1367
WBGene00003167,36,181,217
WBGene00003168,110,326,436
WBGene00003169,139,1410,1549
WBGene00003170,69,196,265
WBGene00003171,118,1826,1944
WBGene00003172,378,1633,2011
WBGene00003173,60,255,315
WBGene00003174,34,139,173
WBGene00003175,135,1769,1904
WBGene00003176,4,15,19
WBGene00003177,90,611,701
WBGene00003178,29,2208,2237
WBGene00003179,68,417,485
WBGene00003180,16,3,19
WBGene00003181,0,88,88
WBGene00003182,587,2520,3107
WBGene00003183,7,704,711
WBGene00003184,3,187,190
WBGene00003185,1,993,994
WBGene00003186,145,878,1023
WBGene00003196,382,1345,1727
WBGene00003209,465,2361,2826
WBGene00003210,154,1783,1937
WBGene00003214,61,1008,1069
WBGene00003216,2,405,407
WBGene00003218,87,3147,3234
WBGene00003219,6,60,66
WBGene00003220,100,762,862
WBGene00003221,410,1601,2011
WBGene00003222,71,900,971
WBGene00003224,22,212,234
WBGene00003225,376,5944,6320
WBGene00003228,21,214,235
WBGene00003229,130,1293,1423
WBGene00003230,5,291,296
WBGene00003231,3,142,145
WBGene00003232,51,145,196
WBGene00003233,79,269,348
WBGene00003234,492,3071,3563
WBGene00003235,351,2078,2429
WBGene00003236,1,394,395
WBGene00003237,342,2070,2412
WBGene00003238,187,1206,1393
WBGene00003239,96,1895,1991
WBGene00003241,125,1134,1259
WBGene00003242,1954,21826,23780
WBGene00003243,724,1777,2501
WBGene00003245,27,384,411
WBGene00003246,428,738,1166
WBGene00003247,289,1652,1941
WBGene00003248,25,74,99
WBGene00003249,234,3325,3559
WBGene00003252,48,295,343
WBGene00003253,38,2049,2087
WBGene00003254,25,278,303
WBGene00003258,922,252,1174
WBGene00003367,702,5286,5988
WBGene00003368,58,803,861
WBGene00003369,264,23778,24042
WBGene00003370,65891,395465,461356
WBGene00003371,914,478870,479784
WBGene00003372,420,4549,4969
WBGene00003373,46,337,383
WBGene00003374,387,1044,1431
WBGene00003375,269,1931,2200
WBGene00003376,149,571,720
WBGene00003377,11,129,140
WBGene00003378,714,3846,4560
WBGene00003380,54,412,466
WBGene00003384,26,150,176
WBGene00003385,311,1849,2160
WBGene00003386,52,312,364
WBGene00003387,238,184,422
WBGene00003388,141,1090,1231
WBGene00003389,54,2256,2310
WBGene00003390,14,538,552
WBGene00003391,738,4157,4895
WBGene00003392,111,1112,1223
WBGene00003393,195,2551,2746
WBGene00003394,20,218,238
WBGene00003395,7,320,327
WBGene00003396,214,829,1043
WBGene00003397,115,756,871
WBGene00003400,265,436,701
WBGene00003401,767,2395,3162
WBGene00003402,64,301,365
WBGene00003403,37,411,448
WBGene00003404,1044,3738,4782
WBGene00003405,37,939,976
WBGene00003406,35,1838,1873
WBGene00003407,419,2235,2654
WBGene00003408,243,761,1004
WBGene00003409,27,225,252
WBGene00003410,1,16,17
WBGene00003411,190,1193,1383
WBGene00003412,76,393,469
WBGene00003413,452,265,717
WBGene00003414,142,102,244
WBGene00003415,53,2390,2443
WBGene00003417,58,196,254
WBGene00003418,40,433,473
WBGene00003421,127,694,821
WBGene00003422,101,1175,1276
WBGene00003423,1403,1736,3139
WBGene00003424,0,0,0
WBGene00003425,0,0,0
WBGene00003426,0,1,1
WBGene00003429,0,0,0
WBGene00003430,0,2,2
WBGene00003431,0,0,0
WBGene00003432,0,0,0
WBGene00003434,0,1,1
WBGene00003435,0,0,0
WBGene00003438,0,0,0
WBGene00003442,0,0,0
WBGene00003443,0,2,2
WBGene00003444,0,3,3
WBGene00003446,0,0,0
WBGene00003448,0,1,1
WBGene00003449,0,1,1
WBGene00003450,0,0,0
WBGene00003451,0,0,0
WBGene00003452,0,0,0
WBGene00003456,0,0,0
WBGene00003457,0,3,3
WBGene00003458,0,0,0
WBGene00003462,0,1,1
WBGene00003463,0,1,1
WBGene00003464,0,0,0
WBGene00003465,0,0,0
WBGene00003466,0,0,0
WBGene00003467,0,0,0
WBGene00003468,0,0,0
WBGene00003469,0,0,0
WBGene00003470,0,0,0
WBGene00003471,53,376,429
WBGene00003472,189,1428,1617
WBGene00003473,142,9836,9978
WBGene00003474,27,548,575
WBGene00003475,273,1035,1308
WBGene00003476,1854,6659,8513
WBGene00003477,60,379,439
WBGene00003478,321,533,854
WBGene00003479,295,655,950
WBGene00003480,78,423,501
WBGene00003482,155,573,728
WBGene00003485,48,249,297
WBGene00003495,612,60750,61362
WBGene00003497,151,1625,1776
WBGene00003499,10,98,108
WBGene00003504,10,654,664
WBGene00003507,4,393,397
WBGene00003508,103,911,1014
WBGene00003509,64,855,919
WBGene00003510,245,1962,2207
WBGene00003511,13,699,712
WBGene00003514,151,6561,6712
WBGene00003515,730,47808,48538
WBGene00003516,134,868,1002
WBGene00003517,16,134,150
WBGene00003518,35,99,134
WBGene00003519,173,1017,1190
WBGene00003520,30,79,109
WBGene00003521,0,0,0
WBGene00003522,0,2,2
WBGene00003523,54,57,111
WBGene00003524,10,92,102
WBGene00003525,627,1517,2144
WBGene00003526,30,254,284
WBGene00003527,32,133,165
WBGene00003528,73,1787,1860
WBGene00003529,15,13,28
WBGene00003530,45,222,267
WBGene00003531,5,3,8
WBGene00003532,4,16,20
WBGene00003533,5,23,28
WBGene00003534,1,1,2
WBGene00003535,4,3,7
WBGene00003536,0,2,2
WBGene00003537,0,3,3
WBGene00003538,0,0,0
WBGene00003539,0,3,3
WBGene00003540,0,3,3
WBGene00003541,18,3,21
WBGene00003542,0,4,4
WBGene00003543,8,9,17
WBGene00003544,41,159,200
WBGene00003545,5,2,7
WBGene00003546,3,26,29
WBGene00003547,18,89,107
WBGene00003548,47,168,215
WBGene00003549,31,454,485
WBGene00003550,563,988,1551
WBGene00003551,10,53,63
WBGene00003552,143,230,373
WBGene00003553,17,32,49
WBGene00003554,10,3,13
WBGene00003555,150,177,327
WBGene00003558,153,385,538
WBGene00003559,1160,4886,6046
WBGene00003561,425,679,1104
WBGene00003562,67,669,736
WBGene00003563,30,153,183
WBGene00003564,66,4632,4698
WBGene00003565,381,2583,2964
WBGene00003566,346,2273,2619
WBGene00003567,842,15811,16653
WBGene00003568,130,1291,1421
WBGene00003569,52,545,597
WBGene00003570,2,40,42
WBGene00003571,20,25,45
WBGene00003572,11,48,59
WBGene00003573,5,105,110
WBGene00003574,1,0,1
WBGene00003575,3,34,37
WBGene00003576,155,1196,1351
WBGene00003577,18,73,91
WBGene00003578,171,1168,1339
WBGene00003579,12,73,85
WBGene00003580,34,337,371
WBGene00003581,105,1096,1201
WBGene00003582,533,1764,2297
WBGene00003583,52,774,826
WBGene00003584,112,732,844
WBGene00003585,40,107,147
WBGene00003586,29,261,290
WBGene00003587,79,3094,3173
WBGene00003588,16,8042,8058
WBGene00003589,403,2112,2515
WBGene00003590,101,636,737
WBGene00003591,156,1221,1377
WBGene00003592,260,1629,1889
WBGene00003593,219,1464,1683
WBGene00003594,121,950,1071
WBGene00003595,0,0,0
WBGene00003596,1594,23683,25277
WBGene00003597,1074,2617,3691
WBGene00003598,119,2537,2656
WBGene00003599,554,2909,3463
WBGene00003600,2197,4743,6940
WBGene00003601,18,119,137
WBGene00003602,273,5504,5777
WBGene00003603,157,1427,1584
WBGene00003604,138,597,735
WBGene00003605,97,331,428
WBGene00003606,335,1090,1425
WBGene00003607,37,250,287
WBGene00003608,1,45,46
WBGene00003609,354,2327,2681
WBGene00003610,14,28,42
WBGene00003611,23,146,169
WBGene00003612,134,297,431
WBGene00003613,68,1693,1761
WBGene00003614,55,318,373
WBGene00003615,10,90,100
WBGene00003616,240,713,953
WBGene00003617,53,1363,1416
WBGene00003618,1019,5405,6424
WBGene00003619,370,3406,3776
WBGene00003620,654,1119,1773
WBGene00003621,91,579,670
WBGene00003622,98,197,295
WBGene00003623,77,849,926
WBGene00003624,67,485,552
WBGene00003625,165,1293,1458
WBGene00003626,262,1991,2253
WBGene00003627,813,1935,2748
WBGene00003628,1128,4247,5375
WBGene00003629,1,7,8
WBGene00003630,1177,2180,3357
WBGene00003632,262,2530,2792
WBGene00003633,40,251,291
WBGene00003634,146,881,1027
WBGene00003635,69,870,939
WBGene00003636,735,1573,2308
WBGene00003637,222,1480,1702
WBGene00003638,187,1680,1867
WBGene00003639,322,3411,3733
WBGene00003640,230,833,1063
WBGene00003641,3,36,39
WBGene00003642,9,29,38
WBGene00003643,36,110,146
WBGene00003644,40,208,248
WBGene00003645,79,432,511
WBGene00003646,81,856,937
WBGene00003647,109,532,641
WBGene00003648,23,307,330
WBGene00003649,114,855,969
WBGene00003650,17,32,49
WBGene00003651,290,553,843
WBGene00003652,80,361,441
WBGene00003653,60,555,615
WBGene00003654,508,1276,1784
WBGene00003655,44,183,227
WBGene00003656,290,1698,1988
WBGene00003657,4,85,89
WBGene00003658,49,303,352
WBGene00003659,66,694,760
WBGene00003660,175,1170,1345
WBGene00003661,163,1048,1211
WBGene00003662,3,2,5
WBGene00003663,0,0,0
WBGene00003664,6,0,6
WBGene00003667,1,3,4
WBGene00003668,415,729,1144
WBGene00003669,51,151,202
WBGene00003670,32,371,403
WBGene00003671,4,11,15
WBGene00003672,0,3,3
WBGene00003674,80,1326,1406
WBGene00003675,237,413,650
WBGene00003676,296,624,920
WBGene00003677,258,1389,1647
WBGene00003678,1153,10874,12027
WBGene00003679,2,2,4
WBGene00003680,70,792,862
WBGene00003681,180,1427,1607
WBGene00003682,19,33,52
WBGene00003683,36,154,190
WBGene00003684,170,1216,1386
WBGene00003685,207,1455,1662
WBGene00003686,17,408,425
WBGene00003687,438,5272,5710
WBGene00003688,75,306,381
WBGene00003689,55,379,434
WBGene00003690,171,1714,1885
WBGene00003691,764,3103,3867
WBGene00003692,56,345,401
WBGene00003693,20,630,650
WBGene00003694,243,669,912
WBGene00003695,925,4473,5398
WBGene00003696,12,91,103
WBGene00003697,102,686,788
WBGene00003698,7,58,65
WBGene00003699,30,596,626
WBGene00003700,12,154,166
WBGene00003701,2,9,11
WBGene00003702,58,371,429
WBGene00003703,3,7,10
WBGene00003704,309,1094,1403
WBGene00003705,51,138,189
WBGene00003706,15,160,175
WBGene00003707,137,1104,1241
WBGene00003708,4,0,4
WBGene00003709,162,267,429
WBGene00003710,255,1162,1417
WBGene00003711,10,66,76
WBGene00003712,118,829,947
WBGene00003713,27,145,172
WBGene00003714,15,28,43
WBGene00003715,292,396,688
WBGene00003716,29,305,334
WBGene00003717,0,11,11
WBGene00003718,85,267,352
WBGene00003719,28,330,358
WBGene00003720,58,235,293
WBGene00003721,29,268,297
WBGene00003722,102,742,844
WBGene00003723,25,1211,1236
WBGene00003724,60,1156,1216
WBGene00003725,258,1144,1402
WBGene00003726,194,1086,1280
WBGene00003727,103,161,264
WBGene00003728,588,2228,2816
WBGene00003729,5,0,5
WBGene00003730,3,105,108
WBGene00003731,97,121,218
WBGene00003732,99,342,441
WBGene00003733,72,526,598
WBGene00003734,1,1,2
WBGene00003735,232,255,487
WBGene00003736,32,74,106
WBGene00003738,35,444,479
WBGene00003739,238,2824,3062
WBGene00003740,41,3259,3300
WBGene00003741,11,4515,4526
WBGene00003742,0,10,10
WBGene00003743,167,737,904
WBGene00003744,84,1669,1753
WBGene00003745,94,1541,1635
WBGene00003746,44,3348,3392
WBGene00003747,39,1220,1259
WBGene00003748,179,3585,3764
WBGene00003749,188,4112,4300
WBGene00003750,884,6479,7363
WBGene00003751,43,4279,4322
WBGene00003752,28,1832,1860
WBGene00003753,1066,6594,7660
WBGene00003754,34,524,558
WBGene00003755,201,10787,10988
WBGene00003756,252,6386,6638
WBGene00003757,20,614,634
WBGene00003758,443,5116,5559
WBGene00003759,592,3520,4112
WBGene00003760,1,6,7
WBGene00003761,0,58,58
WBGene00003762,970,7609,8579
WBGene00003763,19,66,85
WBGene00003764,76,701,777
WBGene00003765,883,7907,8790
WBGene00003766,1015,15859,16874
WBGene00003767,2489,46576,49065
WBGene00003768,154,1697,1851
WBGene00003769,720,10001,10721
WBGene00003770,12,180,192
WBGene00003771,2242,11154,13396
WBGene00003772,139,425,564
WBGene00003773,365,2617,2982
WBGene00003774,25,78,103
WBGene00003775,47,65,112
WBGene00003776,184,1763,1947
WBGene00003777,213,4740,4953
WBGene00003778,249,1706,1955
WBGene00003779,74,458,532
WBGene00003783,11,528,539
WBGene00003784,4,38,42
WBGene00003785,68,1169,1237
WBGene00003786,220,1501,1721
WBGene00003787,73,804,877
WBGene00003788,179,1090,1269
WBGene00003789,129,1029,1158
WBGene00003790,37,605,642
WBGene00003791,11,586,597
WBGene00003792,89,1294,1383
WBGene00003793,63,1431,1494
WBGene00003794,548,1166,1714
WBGene00003795,16,1172,1188
WBGene00003796,58,1509,1567
WBGene00003797,51,700,751
WBGene00003798,88,1820,1908
WBGene00003799,411,912,1323
WBGene00003800,31,1676,1707
WBGene00003801,16,735,751
WBGene00003802,27,2507,2534
WBGene00003803,81,1433,1514
WBGene00003804,69,1018,1087
WBGene00003805,41,809,850
WBGene00003806,205,1038,1243
WBGene00003807,38,153,191
WBGene00003808,173,883,1056
WBGene00003812,98,3971,4069
WBGene00003813,52,193,245
WBGene00003815,55,633,688
WBGene00003816,7,63,70
WBGene00003818,127,1371,1498
WBGene00003821,1054,15202,16256
WBGene00003822,204,4254,4458
WBGene00003825,289,5789,6078
WBGene00003826,831,1455,2286
WBGene00003827,429,2688,3117
WBGene00003828,169,1273,1442
WBGene00003829,8,977,985
WBGene00003830,133,1168,1301
WBGene00003831,1371,11700,13071
WBGene00003834,275,2250,2525
WBGene00003835,13,266,279
WBGene00003836,239,1511,1750
WBGene00003837,240,77,317
WBGene00003838,29,72,101
WBGene00003839,29,134,163
WBGene00003840,30,76,106
WBGene00003841,8,28,36
WBGene00003842,15,76,91
WBGene00003843,52,566,618
WBGene00003844,2,266,268
WBGene00003845,2,6,8
WBGene00003846,0,254,254
WBGene00003847,80,287,367
WBGene00003848,25,35,60
WBGene00003849,302,820,1122
WBGene00003850,27,294,321
WBGene00003851,120,1184,1304
WBGene00003854,5,18,23
WBGene00003856,159,1126,1285
WBGene00003858,1346,9240,10586
WBGene00003859,57,522,579
WBGene00003860,301,2683,2984
WBGene00003861,177,2813,2990
WBGene00003862,9,68,77
WBGene00003863,2,3,5
WBGene00003864,2,104,106
WBGene00003865,3,159,162
WBGene00003868,122,1139,1261
WBGene00003870,10,768,778
WBGene00003876,83,504,587
WBGene00003877,11,81,92
WBGene00003878,13,173,186
WBGene00003879,4,12,16
WBGene00003882,35,384,419
WBGene00003883,58,249,307
WBGene00003884,73,331,404
WBGene00003885,138,370,508
WBGene00003886,61,292,353
WBGene00003887,86,186,272
WBGene00003888,0,5,5
WBGene00003889,18,46,64
WBGene00003890,14,191,205
WBGene00003891,36,7850,7886
WBGene00003892,152,250,402
WBGene00003893,5154,49398,54552
WBGene00003898,128,655,783
WBGene00003901,110,3123,3233
WBGene00003902,905,64127,65032
WBGene00003903,180,11800,11980
WBGene00003904,27,2248,2275
WBGene00003905,662,1455,2117
WBGene00003906,0,6,6
WBGene00003907,376,1071,1447
WBGene00003909,36,229,265
WBGene00003911,71,707,778
WBGene00003912,47,513,560
WBGene00003914,183,908,1091
WBGene00003915,399,2754,3153
WBGene00003916,1853,2749,4602
WBGene00003917,113,376,489
WBGene00003918,172,1071,1243
WBGene00003919,78,184,262
WBGene00003920,155,25987,26142
WBGene00003921,71,344,415
WBGene00003922,6,866,872
WBGene00003923,15,2410,2425
WBGene00003924,9,4545,4554
WBGene00003925,108,1940,2048
WBGene00003926,95,2818,2913
WBGene00003927,29,2961,2990
WBGene00003928,25,1184,1209
WBGene00003929,262,3754,4016
WBGene00003930,247,2523,2770
WBGene00003931,117,1047,1164
WBGene00003932,166,2093,2259
WBGene00003933,235,1914,2149
WBGene00003934,27456,421339,448795
WBGene00003936,521,1387,1908
WBGene00003937,0,5,5
WBGene00003938,21,53,74
WBGene00003939,60,212,272
WBGene00003941,261,1423,1684
WBGene00003943,71,495,566
WBGene00003947,30,2614,2644
WBGene00003948,5,2467,2472
WBGene00003949,31,2911,2942
WBGene00003950,141,3348,3489
WBGene00003951,69,1532,1601
WBGene00003952,180,1955,2135
WBGene00003953,25,2600,2625
WBGene00003954,278,1747,2025
WBGene00003955,8,1882,1890
WBGene00003956,9,768,777
WBGene00003957,0,10,10
WBGene00003958,8,112,120
WBGene00003959,9,153,162
WBGene00003960,94,738,832
WBGene00003961,419,1738,2157
WBGene00003962,183,4483,4666
WBGene00003963,25,3360,3385
WBGene00003964,1245,9241,10486
WBGene00003965,104,696,800
WBGene00003966,422,2072,2494
WBGene00003967,225,1253,1478
WBGene00003968,65,1009,1074
WBGene00003969,347,1734,2081
WBGene00003970,160,1901,2061
WBGene00003975,153,1079,1232
WBGene00003976,13,178,191
WBGene00003977,0,0,0
WBGene00003978,150,495,645
WBGene00003979,6,527,533
WBGene00003980,129,822,951
WBGene00003981,14,4,18
WBGene00003982,2,879,881
WBGene00003983,0,1,1
WBGene00003986,63,627,690
WBGene00003987,4,16,20
WBGene00003989,58,2239,2297
WBGene00003990,19,757,776
WBGene00003991,539,4267,4806
WBGene00003992,14,1645,1659
WBGene00003993,58,352,410
WBGene00003994,8,286,294
WBGene00003995,204,353,557
WBGene00003996,122,330,452
WBGene00003997,2,28,30
WBGene00003998,69,88,157
WBGene00003999,7,38,45
WBGene00004000,28,72,100
WBGene00004001,1,7,8
WBGene00004002,11,25,36
WBGene00004003,41,103,144
WBGene00004004,114,634,748
WBGene00004005,35,95,130
WBGene00004006,5,50,55
WBGene00004007,0,14,14
WBGene00004008,0,68,68
WBGene00004010,57,384,441
WBGene00004011,14,77,91
WBGene00004013,238,1391,1629
WBGene00004014,12,3157,3169
WBGene00004015,14,3407,3421
WBGene00004016,254,408,662
WBGene00004017,2,5,7
WBGene00004020,15,49,64
WBGene00004023,439,2556,2995
WBGene00004024,58,506,564
WBGene00004025,41,244,285
WBGene00004026,29,4,33
WBGene00004027,28,199,227
WBGene00004028,318,340,658
WBGene00004029,324,374,698
WBGene00004030,46,379,425
WBGene00004031,66,1070,1136
WBGene00004032,653,2692,3345
WBGene00004033,424,749,1173
WBGene00004034,209,512,721
WBGene00004035,285,2738,3023
WBGene00004036,305,993,1298
WBGene00004037,47,382,429
WBGene00004038,37,503,540
WBGene00004039,137,2115,2252
WBGene00004040,233,2263,2496
WBGene00004042,8,1466,1474
WBGene00004043,15,191,206
WBGene00004044,20,328,348
WBGene00004045,318,410,728
WBGene00004046,154,11209,11363
WBGene00004047,600,719,1319
WBGene00004048,27,340,367
WBGene00004049,189,592,781
WBGene00004050,8,763,771
WBGene00004051,114,1084,1198
WBGene00004052,4,15,19
WBGene00004053,228,4766,4994
WBGene00004055,139,1086,1225
WBGene00004056,138,754,892
WBGene00004057,114,616,730
WBGene00004058,19,100,119
WBGene00004059,133,376,509
WBGene00004060,480,1255,1735
WBGene00004061,18,250,268
WBGene00004062,3,67,70
WBGene00004063,107,647,754
WBGene00004064,375,1055,1430
WBGene00004068,100,1000,1100
WBGene00004075,64,1126,1190
WBGene00004076,511,1972,2483
WBGene00004077,417,1041,1458
WBGene00004078,0,104,104
WBGene00004083,59,1253,1312
WBGene00004084,3,1,4
WBGene00004085,87,979,1066
WBGene00004086,87,388,475
WBGene00004087,316,1543,1859
WBGene00004088,221,1408,1629
WBGene00004089,31,343,374
WBGene00004090,96,579,675
WBGene00004091,149,2020,2169
WBGene00004092,74,1128,1202
WBGene00004093,15,440,455
WBGene00004094,54,1397,1451
WBGene00004095,291,3629,3920
WBGene00004096,52,804,856
WBGene00004097,5,4,9
WBGene00004098,0,0,0
WBGene00004099,0,1,1
WBGene00004100,166,1093,1259
WBGene00004101,378,1287,1665
WBGene00004102,10,6,16
WBGene00004103,4,1,5
WBGene00004104,10,21,31
WBGene00004105,102,1080,1182
WBGene00004106,309,309,618
WBGene00004107,3,9,12
WBGene00004108,979,2685,3664
WBGene00004109,451,1701,2152
WBGene00004110,301,1064,1365
WBGene00004111,210,1524,1734
WBGene00004112,381,1197,1578
WBGene00004113,327,9443,9770
WBGene00004114,32,1626,1658
WBGene00004115,35,39,74
WBGene00004116,394,1141,1535
WBGene00004117,0,1323,1323
WBGene00004118,26,125,151
WBGene00004119,98,711,809
WBGene00004120,1,12,13
WBGene00004121,223,942,1165
WBGene00004122,211,1454,1665
WBGene00004123,59,171,230
WBGene00004124,26,258,284
WBGene00004125,92,560,652
WBGene00004126,210,1316,1526
WBGene00004127,13,19,32
WBGene00004128,1166,3787,4953
WBGene00004129,33,377,410
WBGene00004130,447,9854,10301
WBGene00004131,2973,10225,13198
WBGene00004132,309,3627,3936
WBGene00004133,3,68,71
WBGene00004134,610,710,1320
WBGene00004135,6508,66071,72579
WBGene00004136,219,4556,4775
WBGene00004138,655,5998,6653
WBGene00004139,1,16,17
WBGene00004140,36,802,838
WBGene00004141,0,0,0
WBGene00004143,648,27699,28347
WBGene00004144,4,205,209
WBGene00004145,859,11746,12605
WBGene00004146,0,12,12
WBGene00004147,713,2750,3463
WBGene00004148,240,1510,1750
WBGene00004149,8,4,12
WBGene00004150,6,31,37
WBGene00004151,189,857,1046
WBGene00004152,198,3491,3689
WBGene00004153,0,103,103
WBGene00004154,159,165,324
WBGene00004155,2,25,27
WBGene00004156,6,14,20
WBGene00004157,139,8692,8831
WBGene00004158,0,0,0
WBGene00004159,0,0,0
WBGene00004160,0,0,0
WBGene00004161,568,1459,2027
WBGene00004163,28,128,156
WBGene00004164,474,2799,3273
WBGene00004165,11,1,12
WBGene00004166,309,2855,3164
WBGene00004167,1268,4571,5839
WBGene00004168,58,3677,3735
WBGene00004169,214,1384,1598
WBGene00004170,0,0,0
WBGene00004171,0,3,3
WBGene00004172,47,438,485
WBGene00004173,217,1899,2116
WBGene00004174,6,142,148
WBGene00004175,9,224,233
WBGene00004176,0,21,21
WBGene00004177,10,341,351
WBGene00004178,28,929,957
WBGene00004179,21,953,974
WBGene00004180,47,460,507
WBGene00004181,81,515,596
WBGene00004182,668,1778,2446
WBGene00004183,97,786,883
WBGene00004184,129,3214,3343
WBGene00004185,105,4661,4766
WBGene00004186,185,2682,2867
WBGene00004187,122,4079,4201
WBGene00004188,82,739,821
WBGene00004189,349,1532,1881
WBGene00004190,49,534,583
WBGene00004191,34,53,87
WBGene00004192,592,329,921
WBGene00004193,20,95,115
WBGene00004194,70,378,448
WBGene00004195,32,144,176
WBGene00004196,0,379,379
WBGene00004197,18,157,175
WBGene00004198,31,274,305
WBGene00004199,1,229,230
WBGene00004201,23,1242,1265
WBGene00004202,354,2073,2427
WBGene00004203,238,928,1166
WBGene00004204,334,5590,5924
WBGene00004205,10,260,270
WBGene00004206,112,282,394
WBGene00004207,298,986,1284
WBGene00004208,661,8200,8861
WBGene00004209,1,1,2
WBGene00004210,164,967,1131
WBGene00004211,27,68,95
WBGene00004212,572,3899,4471
WBGene00004213,973,4935,5908
WBGene00004214,50,1075,1125
WBGene00004215,1289,1884,3173
WBGene00004216,9,29,38
WBGene00004217,29,189,218
WBGene00004218,39,263,302
WBGene00004219,20,167,187
WBGene00004220,73,504,577
WBGene00004221,31,340,371
WBGene00004222,106,1178,1284
WBGene00004223,4,11,15
WBGene00004224,6,9,15
WBGene00004225,159,734,893
WBGene00004226,99,458,557
WBGene00004227,30,101,131
WBGene00004228,72,219,291
WBGene00004229,2,22,24
WBGene00004230,45,26,71
WBGene00004231,47,72,119
WBGene00004232,65,51,116
WBGene00004233,9,5,14
WBGene00004234,17,75,92
WBGene00004235,70,508,578
WBGene00004236,82,33,115
WBGene00004237,51,833,884
WBGene00004238,1288,4426,5714
WBGene00004239,0,146,146
WBGene00004241,0,130,130
WBGene00004242,11,101,112
WBGene00004243,22,197,219
WBGene00004244,62,689,751
WBGene00004245,402,2434,2836
WBGene00004248,29,1403,1432
WBGene00004249,1332,11613,12945
WBGene00004254,353,1416,1769
WBGene00004255,29,87,116
WBGene00004256,395,220,615
WBGene00004257,27,141,168
WBGene00004258,414,7679,8093
WBGene00004259,51,3807,3858
WBGene00004264,14,236,250
WBGene00004265,182,324,506
WBGene00004266,155,12246,12401
WBGene00004267,79,1511,1590
WBGene00004268,170,4449,4619
WBGene00004269,30,644,674
WBGene00004270,48,1596,1644
WBGene00004271,325,4172,4497
WBGene00004272,99,8854,8953
WBGene00004273,129,5623,5752
WBGene00004274,79,9955,10034
WBGene00004275,67,18,85
WBGene00004276,129,3610,3739
WBGene00004277,238,1194,1432
WBGene00004278,520,5657,6177
WBGene00004279,27,378,405
WBGene00004281,48,293,341
WBGene00004282,103,473,576
WBGene00004283,60,174,234
WBGene00004284,71,991,1062
WBGene00004285,114,225,339
WBGene00004286,59,2213,2272
WBGene00004287,3,5,8
WBGene00004296,191,2329,2520
WBGene00004297,65,597,662
WBGene00004298,63,223,286
WBGene00004300,15,64082,64097
WBGene00004301,31,53,84
WBGene00004302,144,4884,5028
WBGene00004303,49,1056,1105
WBGene00004304,181,1722,1903
WBGene00004305,28,1747,1775
WBGene00004306,150,1448,1598
WBGene00004307,97,1945,2042
WBGene00004308,81,1728,1809
WBGene00004309,8,36,44
WBGene00004310,424,2256,2680
WBGene00004311,370,1895,2265
WBGene00004312,145,700,845
WBGene00004313,193,2318,2511
WBGene00004314,622,566,1188
WBGene00004315,86,2251,2337
WBGene00004316,642,847,1489
WBGene00004317,153,1500,1653
WBGene00004318,318,2113,2431
WBGene00004319,159,2864,3023
WBGene00004320,192,3237,3429
WBGene00004321,38,3195,3233
WBGene00004322,303,2229,2532
WBGene00004323,250,1724,1974
WBGene00004324,106,632,738
WBGene00004326,37,1590,1627
WBGene00004328,16,84,100
WBGene00004332,28,374,402
WBGene00004333,61,428,489
WBGene00004334,1,55,56
WBGene00004335,58,281,339
WBGene00004336,1934,28972,30906
WBGene00004337,391,3303,3694
WBGene00004338,119,512,631
WBGene00004339,49,477,526
WBGene00004340,203,1621,1824
WBGene00004341,139,811,950
WBGene00004342,6,43,49
WBGene00004343,176,1129,1305
WBGene00004344,47,759,806
WBGene00004345,497,824,1321
WBGene00004346,75,311,386
WBGene00004347,813,206,1019
WBGene00004348,53,556,609
WBGene00004349,253,860,1113
WBGene00004350,213,765,978
WBGene00004351,0,0,0
WBGene00004352,0,2,2
WBGene00004353,0,17,17
WBGene00004354,1,5,6
WBGene00004355,53,1007,1060
WBGene00004356,29,1180,1209
WBGene00004357,1559,5379,6938
WBGene00004358,189,2240,2429
WBGene00004359,17,83,100
WBGene00004360,58,554,612
WBGene00004361,14,217,231
WBGene00004363,71,2339,2410
WBGene00004364,292,3332,3624
WBGene00004367,216,768,984
WBGene00004368,135,840,975
WBGene00004369,205,810,1015
WBGene00004370,33,427,460
WBGene00004371,141,1106,1247
WBGene00004372,83,234,317
WBGene00004373,675,3418,4093
WBGene00004374,76,528,604
WBGene00004375,177,915,1092
WBGene00004377,56,305,361
WBGene00004378,265,1718,1983
WBGene00004380,128,1499,1627
WBGene00004381,113,656,769
WBGene00004382,921,6204,7125
WBGene00004383,40,797,837
WBGene00004384,852,1953,2805
WBGene00004385,84,1226,1310
WBGene00004386,74,1122,1196
WBGene00004387,89,3761,3850
WBGene00004388,68,1393,1461
WBGene00004389,193,1622,1815
WBGene00004390,835,5687,6522
WBGene00004391,54,2246,2300
WBGene00004392,69,4631,4700
WBGene00004393,358,735,1093
WBGene00004394,1,0,1
WBGene00004395,23,137,160
WBGene00004397,1,25,26
WBGene00004398,5,16,21
WBGene00004400,6,148,154
WBGene00004401,401,392,793
WBGene00004402,9,7,16
WBGene00004403,315,537,852
WBGene00004404,166,563,729
WBGene00004405,26,1582,1608
WBGene00004408,143,291913,292056
WBGene00004409,9033,99426,108459
WBGene00004410,28393,135858,164251
WBGene00004411,88,1372,1460
WBGene00004412,29206,239097,268303
WBGene00004413,610,245801,246411
WBGene00004414,9695,251393,261088
WBGene00004415,214,135336,135550
WBGene00004416,14538,239348,253886
WBGene00004417,15270,229249,244519
WBGene00004418,24856,270590,295446
WBGene00004419,30297,278007,308304
WBGene00004420,20069,195126,215195
WBGene00004421,12397,319790,332187
WBGene00004422,526,14280,14806
WBGene00004423,25492,242996,268488
WBGene00004424,28535,372841,401376
WBGene00004425,14939,272509,287448
WBGene00004426,19925,225865,245790
WBGene00004427,2193,259363,261556
WBGene00004428,17578,244573,262151
WBGene00004429,54249,233780,288029
WBGene00004430,29344,261397,290741
WBGene00004431,16200,269002,285202
WBGene00004432,1235,214665,215900
WBGene00004433,12048,258467,270515
WBGene00004434,13559,188001,201560
WBGene00004435,13025,209419,222444
WBGene00004436,23534,244088,267622
WBGene00004437,3248,50172,53420
WBGene00004438,4491,36975,41466
WBGene00004439,12137,98821,110958
WBGene00004440,14571,187438,202009
WBGene00004441,34790,125036,159826
WBGene00004442,13271,131711,144982
WBGene00004443,88810,57885,146695
WBGene00004444,13784,131168,144952
WBGene00004445,5148,209846,214994
WBGene00004446,39466,299538,339004
WBGene00004447,28231,211850,240081
WBGene00004448,9808,176689,186497
WBGene00004449,21754,247133,268887
WBGene00004450,10572,238308,248880
WBGene00004451,45364,2101,47465
WBGene00004452,10632,217055,227687
WBGene00004453,5770,182435,188205
WBGene00004454,21469,209461,230930
WBGene00004455,3,4,7
WBGene00004456,0,206945,206945
WBGene00004457,23,850,873
WBGene00004458,41,1280,1321
WBGene00004459,18,1706,1724
WBGene00004460,25,2548,2573
WBGene00004461,23,1562,1585
WBGene00004462,203,3571,3774
WBGene00004463,65,2434,2499
WBGene00004464,581,2391,2972
WBGene00004465,104,1786,1890
WBGene00004466,27,1551,1578
WBGene00004467,17,3006,3023
WBGene00004468,88,1258,1346
WBGene00004469,1941,192834,194775
WBGene00004470,9416,257618,267034
WBGene00004471,83,167953,168036
WBGene00004472,19111,243292,262403
WBGene00004473,12878,207927,220805
WBGene00004474,25089,249977,275066
WBGene00004475,6832,141408,148240
WBGene00004476,30157,245659,275816
WBGene00004477,25209,302240,327449
WBGene00004478,20933,310118,331051
WBGene00004479,16991,224277,241268
WBGene00004480,35365,261859,297224
WBGene00004481,4164,191649,195813
WBGene00004482,18879,204217,223096
WBGene00004483,28110,305606,333716
WBGene00004484,19337,227376,246713
WBGene00004485,2928,83079,86007
WBGene00004486,11786,174146,185932
WBGene00004487,26114,224082,250196
WBGene00004488,24200,241388,265588
WBGene00004489,22762,248929,271691
WBGene00004490,46794,106405,153199
WBGene00004491,1622,160209,161831
WBGene00004492,25936,303458,329394
WBGene00004493,14708,216418,231126
WBGene00004494,39937,362622,402559
WBGene00004495,10859,238974,249833
WBGene00004496,18999,183064,202063
WBGene00004497,5198,144006,149204
WBGene00004498,99246,108563,207809
WBGene00004499,23680,211726,235406
WBGene00004501,32,1029,1061
WBGene00004502,24,2072,2096
WBGene00004503,4,1826,1830
WBGene00004504,303,2074,2377
WBGene00004505,14,1536,1550
WBGene00004506,23,3025,3048
WBGene00004507,44,841,885
WBGene00004508,74,1007,1081
WBGene00004509,170,1151,1321
WBGene00004510,26,641,667
WBGene00004679,423,4267,4690
WBGene00004680,161,767,928
WBGene00004681,524,1417,1941
WBGene00004682,131,1991,2122
WBGene00004684,81,882,963
WBGene00004698,7,1803,1810
WBGene00004699,69,1442,1511
WBGene00004700,13,4724,4737
WBGene00004701,25,1949,1974
WBGene00004702,96,1183,1279
WBGene00004703,96,2914,3010
WBGene00004704,180,3645,3825
WBGene00004705,478,3316,3794
WBGene00004706,134,914,1048
WBGene00004719,159,454,613
WBGene00004721,60,607,667
WBGene00004723,54,987,1041
WBGene00004726,0,43,43
WBGene00004727,308,2721,3029
WBGene00004728,369,1993,2362
WBGene00004729,182,765,947
WBGene00004732,815,2261,3076
WBGene00004735,443,1025,1468
WBGene00004736,2474,58481,60955
WBGene00004737,3,948,951
WBGene00004738,37,1990,2027
WBGene00004739,974,4756,5730
WBGene00004740,150,835,985
WBGene00004742,3,11,14
WBGene00004743,591,1273,1864
WBGene00004744,71,874,945
WBGene00004745,49,356,405
WBGene00004746,71,2426,2497
WBGene00004747,55,933,988
WBGene00004748,25,277,302
WBGene00004749,111,2541,2652
WBGene00004750,3,0,3
WBGene00004751,1348,3049,4397
WBGene00004752,69,692,761
WBGene00004753,174,811,985
WBGene00004754,302,724,1026
WBGene00004755,19,805,824
WBGene00004756,16,676,692
WBGene00004758,264,4936,5200
WBGene00004759,62,1911,1973
WBGene00004760,407,2614,3021
WBGene00004762,246,1258,1504
WBGene00004764,36,145,181
WBGene00004765,314,310,624
WBGene00004766,233,5089,5322
WBGene00004767,85,952,1037
WBGene00004768,11,726,737
WBGene00004769,18,282,300
WBGene00004771,94,518,612
WBGene00004773,1147,3422,4569
WBGene00004774,19,804,823
WBGene00004775,45,459,504
WBGene00004776,77,116,193
WBGene00004777,203,275,478
WBGene00004778,40,441,481
WBGene00004779,159,477,636
WBGene00004780,95,245,340
WBGene00004781,45,1812,1857
WBGene00004782,161,1521,1682
WBGene00004783,603,2769,3372
WBGene00004786,69,355,424
WBGene00004787,66,235,301
WBGene00004788,48,2298,2346
WBGene00004789,68,359,427
WBGene00004790,157,1032,1189
WBGene00004793,35,118,153
WBGene00004795,60,365,425
WBGene00004796,29,112,141
WBGene00004798,475,6793,7268
WBGene00004800,127,1602,1729
WBGene00004801,147,1551,1698
WBGene00004802,5,28,33
WBGene00004803,106,485,591
WBGene00004804,803,5040,5843
WBGene00004806,232,1463,1695
WBGene00004807,81,20786,20867
WBGene00004808,29,1895,1924
WBGene00004809,97,2321,2418
WBGene00004810,5,104,109
WBGene00004811,24,403,427
WBGene00004812,0,1,1
WBGene00004813,0,0,0
WBGene00004814,0,2,2
WBGene00004815,0,0,0
WBGene00004816,0,2,2
WBGene00004818,1,7,8
WBGene00004819,0,4,4
WBGene00004820,0,1,1
WBGene00004821,0,8,8
WBGene00004822,0,954,954
WBGene00004823,2,216,218
WBGene00004824,154,852,1006
WBGene00004825,0,2156,2156
WBGene00004826,0,1346,1346
WBGene00004827,0,472,472
WBGene00004829,516,2485,3001
WBGene00004830,198,820,1018
WBGene00004831,421,713,1134
WBGene00004854,73,599,672
WBGene00004855,354,4088,4442
WBGene00004856,316,1105,1421
WBGene00004857,71,360,431
WBGene00004858,145,418,563
WBGene00004859,90,271,361
WBGene00004860,37,338,375
WBGene00004862,980,6514,7494
WBGene00004873,412,2061,2473
WBGene00004874,108,2722,2830
WBGene00004875,27,43,70
WBGene00004876,24,222,246
WBGene00004877,6,11,17
WBGene00004878,29,113,142
WBGene00004879,482,3700,4182
WBGene00004880,217,1493,1710
WBGene00004881,445,2044,2489
WBGene00004882,109,2231,2340
WBGene00004883,3,344,347
WBGene00004884,423,3202,3625
WBGene00004885,32,793,825
WBGene00004886,93,774,867
WBGene00004887,110,1734,1844
WBGene00004888,303,4506,4809
WBGene00004889,126,855,981
WBGene00004890,107,451,558
WBGene00004891,110,2232,2342
WBGene00004892,926,2506,3432
WBGene00004893,86,597,683
WBGene00004894,1246,1060,2306
WBGene00004895,2429,732,3161
WBGene00004896,891,3297,4188
WBGene00004897,18,9472,9490
WBGene00004898,15,439,454
WBGene00004899,4,0,4
WBGene00004900,88,782,870
WBGene00004901,5,10,15
WBGene00004902,144,1963,2107
WBGene00004904,8,5,13
WBGene00004905,202,336,538
WBGene00004906,6,7,13
WBGene00004908,5,6,11
WBGene00004909,7,3,10
WBGene00004910,100,1552,1652
WBGene00004911,13,279,292
WBGene00004912,42,632,674
WBGene00004913,96,297,393
WBGene00004914,103,4918,5021
WBGene00004915,4,2182,2186
WBGene00004916,149,7082,7231
WBGene00004917,78,3583,3661
WBGene00004918,483,3530,4013
WBGene00004919,82,3231,3313
WBGene00004920,459,5729,6188
WBGene00004921,215,1704,1919
WBGene00004922,193,413,606
WBGene00004923,370,1187,1557
WBGene00004924,318,4609,4927
WBGene00004925,411,740,1151
WBGene00004926,47,436,483
WBGene00004927,210,1028,1238
WBGene00004928,98,479,577
WBGene00004929,945,1708,2653
WBGene00004930,485,8497,8982
WBGene00004931,500,2109,2609
WBGene00004932,298,2646,2944
WBGene00004933,462,2064,2526
WBGene00004944,124,362,486
WBGene00004945,134,2128,2262
WBGene00004946,322,1712,2034
WBGene00004947,2618,2344,4962
WBGene00004949,144,649,793
WBGene00004950,140,414,554
WBGene00004951,160,7020,7180
WBGene00004952,10,743,753
WBGene00004953,42,945,987
WBGene00004954,40,224,264
WBGene00004955,702,1783,2485
WBGene00004958,5,49,54
WBGene00004959,14,211,225
WBGene00004960,19,91,110
WBGene00004962,7,0,7
WBGene00004963,29,10,39
WBGene00004964,6,28,34
WBGene00004965,0,0,0
WBGene00004966,2,10,12
WBGene00004969,102,129,231
WBGene00004971,1,2,3
WBGene00004972,4,65,69
WBGene00004973,2,1,3
WBGene00004974,5,2,7
WBGene00004975,18,421,439
WBGene00004976,4,12,16
WBGene00004978,452,1096,1548
WBGene00004979,211,1245,1456
WBGene00004980,596,9850,10446
WBGene00004981,34,390,424
WBGene00004984,6,167,173
WBGene00004985,31,492,523
WBGene00004986,262,3741,4003
WBGene00004987,111,1226,1337
WBGene00004988,228,2784,3012
WBGene00004989,4,17,21
WBGene00004990,1600,19785,21385
WBGene00004991,17,114,131
WBGene00004992,3,3,6
WBGene00004993,568,4183,4751
WBGene00004994,2,14,16
WBGene00004995,2436,19093,21529
WBGene00004996,7,5,12
WBGene00004997,2,17,19
WBGene00004998,5,33,38
WBGene00004999,1724,21880,23604
WBGene00005000,1318,18132,19450
WBGene00005001,75,582,657
WBGene00005002,10,115,125
WBGene00005003,208,2680,2888
WBGene00005004,27,186,213
WBGene00005005,2,1,3
WBGene00005006,92,920,1012
WBGene00005007,22,1818,1840
WBGene00005008,5,125,130
WBGene00005009,27,1815,1842
WBGene00005010,260,820,1080
WBGene00005011,55,566,621
WBGene00005012,6,4,10
WBGene00005013,1,4,5
WBGene00005014,22,558,580
WBGene00005015,120,1659,1779
WBGene00005016,0,4,4
WBGene00005017,1,5,6
WBGene00005018,3,32,35
WBGene00005019,73,1336,1409
WBGene00005020,118,190,308
WBGene00005021,29,327,356
WBGene00005022,18,711,729
WBGene00005023,107,1190,1297
WBGene00005024,266,232,498
WBGene00005025,45,391,436
WBGene00005026,22,1304,1326
WBGene00005027,1,5,6
WBGene00005028,1,0,1
WBGene00005029,0,6,6
WBGene00005030,3,9,12
WBGene00005032,0,11,11
WBGene00005033,2,21,23
WBGene00005034,0,1,1
WBGene00005035,4,9,13
WBGene00005036,5,91,96
WBGene00005037,4,9,13
WBGene00005038,1,11,12
WBGene00005039,3,4,7
WBGene00005040,5,7,12
WBGene00005043,5,9,14
WBGene00005044,0,0,0
WBGene00005046,2,8,10
WBGene00005047,5,52,57
WBGene00005048,1,0,1
WBGene00005049,0,3,3
WBGene00005050,1,8,9
WBGene00005051,6,14,20
WBGene00005052,7,19,26
WBGene00005053,4,9,13
WBGene00005054,9,0,9
WBGene00005055,2,2,4
WBGene00005056,55,0,55
WBGene00005057,4,13,17
WBGene00005058,5,1,6
WBGene00005059,4,8,12
WBGene00005060,2,9,11
WBGene00005061,25,1,26
WBGene00005062,7,17,24
WBGene00005063,7,69,76
WBGene00005064,1,2,3
WBGene00005065,3,2,5
WBGene00005066,1,0,1
WBGene00005067,0,1,1
WBGene00005068,1,9,10
WBGene00005070,0,4,4
WBGene00005071,1,0,1
WBGene00005072,2,77,79
WBGene00005073,8,5,13
WBGene00005076,2,2,4
WBGene00005077,262,555,817
WBGene00005078,148,197,345
WBGene00005079,2,37,39
WBGene00005080,0,4,4
WBGene00005081,16,38,54
WBGene00005082,0,4,4
WBGene00005083,0,1,1
WBGene00005085,2,6,8
WBGene00005086,14,10,24
WBGene00005087,0,2,2
WBGene00005088,17,49,66
WBGene00005089,2,7,9
WBGene00005090,9,26,35
WBGene00005091,4,6,10
WBGene00005093,3,4,7
WBGene00005094,2,4,6
WBGene00005095,2,2,4
WBGene00005096,5,30,35
WBGene00005097,1,12,13
WBGene00005098,0,3,3
WBGene00005099,0,0,0
WBGene00005101,16,243,259
WBGene00005103,0,4,4
WBGene00005104,0,0,0
WBGene00005105,0,138,138
WBGene00005106,0,21,21
WBGene00005107,11,243,254
WBGene00005108,2,181,183
WBGene00005109,2,7,9
WBGene00005110,98,189,287
WBGene00005111,14,135,149
WBGene00005112,3,3,6
WBGene00005113,7,74,81
WBGene00005114,0,9,9
WBGene00005116,8,8,16
WBGene00005117,0,7,7
WBGene00005118,2,3,5
WBGene00005119,5,2,7
WBGene00005120,9,8,17
WBGene00005121,3,4,7
WBGene00005122,4,5,9
WBGene00005123,2,0,2
WBGene00005124,0,0,0
WBGene00005125,0,1,1
WBGene00005126,2,0,2
WBGene00005127,26,101,127
WBGene00005128,49,4,53
WBGene00005129,25,71,96
WBGene00005131,26,120,146
WBGene00005132,5,23,28
WBGene00005133,9,59,68
WBGene00005134,0,1,1
WBGene00005135,0,0,0
WBGene00005136,1,1,2
WBGene00005137,1,0,1
WBGene00005138,0,0,0
WBGene00005140,0,3,3
WBGene00005141,4,7,11
WBGene00005142,1,1,2
WBGene00005143,21,4,25
WBGene00005144,4,5,9
WBGene00005145,3,4,7
WBGene00005146,5,2,7
WBGene00005147,14,101,115
WBGene00005148,0,0,0
WBGene00005149,17,44,61
WBGene00005150,25,69,94
WBGene00005153,113,93,206
WBGene00005159,4,6,10
WBGene00005160,5,21,26
WBGene00005161,9,4,13
WBGene00005162,12,41,53
WBGene00005163,3,30,33
WBGene00005164,7,10,17
WBGene00005165,12,49,61
WBGene00005166,0,1,1
WBGene00005167,3,10,13
WBGene00005168,2,12,14
WBGene00005169,7,16,23
WBGene00005170,10,12,22
WBGene00005171,10,23,33
WBGene00005172,6,26,32
WBGene00005173,1,2,3
WBGene00005174,138,440,578
WBGene00005177,41,30,71
WBGene00005178,0,6,6
WBGene00005179,1,2,3
WBGene00005180,6,2,8
WBGene00005181,3,2,5
WBGene00005182,5,26,31
WBGene00005183,2,13,15
WBGene00005184,4,3,7
WBGene00005185,3,2,5
WBGene00005186,1,10,11
WBGene00005187,5,18,23
WBGene00005188,1,4,5
WBGene00005189,24,29,53
WBGene00005190,1,0,1
WBGene00005191,62,205,267
WBGene00005193,0,0,0
WBGene00005194,3,9,12
WBGene00005195,10,4,14
WBGene00005196,0,6,6
WBGene00005197,4,105,109
WBGene00005198,2,5,7
WBGene00005199,2,1,3
WBGene00005201,22,3,25
WBGene00005202,20,24,44
WBGene00005203,5,2,7
WBGene00005204,6,2,8
WBGene00005205,37,272,309
WBGene00005207,3,14,17
WBGene00005208,14,134,148
WBGene00005210,1,12,13
WBGene00005211,6,2,8
WBGene00005212,2,3,5
WBGene00005213,2,12,14
WBGene00005214,6,1,7
WBGene00005215,2,2,4
WBGene00005216,3,2,5
WBGene00005217,2,4,6
WBGene00005218,1,11,12
WBGene00005219,17,6,23
WBGene00005221,13,3,16
WBGene00005222,7,6,13
WBGene00005223,5,2,7
WBGene00005224,1,0,1
WBGene00005225,0,0,0
WBGene00005226,14,38,52
WBGene00005227,1,5,6
WBGene00005228,949,288,1237
WBGene00005229,5,12,17
WBGene00005230,0,3,3
WBGene00005231,2,19,21
WBGene00005233,3,6,9
WBGene00005234,2,12,14
WBGene00005236,0,11,11
WBGene00005237,3,5,8
WBGene00005240,1,13,14
WBGene00005241,10,17,27
WBGene00005242,11,18,29
WBGene00005243,13,144,157
WBGene00005244,7,1,8
WBGene00005245,6,31,37
WBGene00005246,1,56,57
WBGene00005247,1,6,7
WBGene00005248,3,17,20
WBGene00005249,3,8,11
WBGene00005250,0,4,4
WBGene00005251,20,48,68
WBGene00005253,20,50,70
WBGene00005254,2,4,6
WBGene00005255,0,2,2
WBGene00005256,0,0,0
WBGene00005257,6,18,24
WBGene00005258,5,15,20
WBGene00005259,1,0,1
WBGene00005260,0,3,3
WBGene00005261,8,4,12
WBGene00005262,8,47,55
WBGene00005263,1,7,8
WBGene00005264,1,9,10
WBGene00005265,1,7,8
WBGene00005267,14,20,34
WBGene00005268,3,12,15
WBGene00005269,7,41,48
WBGene00005270,0,10,10
WBGene00005271,25,54,79
WBGene00005272,12,20,32
WBGene00005273,3,10,13
WBGene00005274,5,3,8
WBGene00005275,3,2,5
WBGene00005278,0,0,0
WBGene00005279,3,8,11
WBGene00005280,0,0,0
WBGene00005281,7,0,7
WBGene00005282,1,1,2
WBGene00005283,4,7,11
WBGene00005284,1,0,1
WBGene00005285,1,1,2
WBGene00005288,0,8,8
WBGene00005289,2,14,16
WBGene00005290,0,6,6
WBGene00005291,0,0,0
WBGene00005292,0,48,48
WBGene00005293,4,20,24
WBGene00005294,0,0,0
WBGene00005295,2,8,10
WBGene00005296,2,6,8
WBGene00005297,2,3,5
WBGene00005299,13,33,46
WBGene00005300,1,10,11
WBGene00005301,5,8,13
WBGene00005303,5,8,13
WBGene00005304,0,1,1
WBGene00005306,4,5,9
WBGene00005308,0,2,2
WBGene00005309,1,2,3
WBGene00005310,4,3,7
WBGene00005313,1,5,6
WBGene00005315,4,16,20
WBGene00005316,5,1,6
WBGene00005317,2,13,15
WBGene00005318,5,3,8
WBGene00005319,1,9,10
WBGene00005321,1,1,2
WBGene00005323,4,4,8
WBGene00005324,31,8,39
WBGene00005328,0,1,1
WBGene00005330,0,1,1
WBGene00005331,0,0,0
WBGene00005332,2,3,5
WBGene00005334,0,1,1
WBGene00005335,3,1,4
WBGene00005337,4,3,7
WBGene00005338,1,9,10
WBGene00005339,9,21,30
WBGene00005340,0,2,2
WBGene00005341,2,3,5
WBGene00005342,0,22,22
WBGene00005344,12,21,33
WBGene00005345,6,12,18
WBGene00005346,1,18,19
WBGene00005347,1,32,33
WBGene00005348,0,4,4
WBGene00005349,3,4,7
WBGene00005350,1,5,6
WBGene00005351,11,11,22
WBGene00005352,1,3,4
WBGene00005353,0,15,15
WBGene00005354,1,16,17
WBGene00005355,1,0,1
WBGene00005356,1,8,9
WBGene00005357,2,6,8
WBGene00005358,1,1,2
WBGene00005359,1,5,6
WBGene00005361,0,6,6
WBGene00005362,2,20,22
WBGene00005363,2,11,13
WBGene00005364,2,5,7
WBGene00005365,0,8,8
WBGene00005370,9,14,23
WBGene00005375,2,3,5
WBGene00005382,1,7,8
WBGene00005383,2,12,14
WBGene00005385,13,62,75
WBGene00005386,8,4,12
WBGene00005387,29,30,59
WBGene00005388,2,9,11
WBGene00005389,1,4,5
WBGene00005390,2,6,8
WBGene00005392,3,1,4
WBGene00005393,2,17,19
WBGene00005394,0,11,11
WBGene00005395,3,11,14
WBGene00005396,5,3,8
WBGene00005397,2,12,14
WBGene00005398,14,1,15
WBGene00005399,5,24,29
WBGene00005400,1,1,2
WBGene00005401,0,10,10
WBGene00005402,0,2,2
WBGene00005404,0,1,1
WBGene00005405,15,14,29
WBGene00005406,1,8,9
WBGene00005407,6,5,11
WBGene00005408,4,5,9
WBGene00005410,18,6,24
WBGene00005411,0,9,9
WBGene00005412,2,3,5
WBGene00005414,1,5,6
WBGene00005415,2,9,11
WBGene00005416,1,15,16
WBGene00005417,0,15,15
WBGene00005418,0,7,7
WBGene00005419,1,8,9
WBGene00005421,4,17,21
WBGene00005422,11,106,117
WBGene00005423,5,16,21
WBGene00005424,1,4,5
WBGene00005425,0,2,2
WBGene00005426,2,2,4
WBGene00005427,3,13,16
WBGene00005428,3,4,7
WBGene00005429,2,2,4
WBGene00005430,1,4,5
WBGene00005432,3,37,40
WBGene00005433,2,2,4
WBGene00005435,0,0,0
WBGene00005436,0,0,0
WBGene00005437,5,8,13
WBGene00005439,0,2,2
WBGene00005440,3,4,7
WBGene00005441,1,1,2
WBGene00005442,0,2,2
WBGene00005443,0,0,0
WBGene00005444,1,0,1
WBGene00005446,0,3,3
WBGene00005447,13,18,31
WBGene00005448,4,24,28
WBGene00005449,1,1,2
WBGene00005450,1,2,3
WBGene00005451,1,2,3
WBGene00005452,2,1,3
WBGene00005453,0,3,3
WBGene00005454,1,0,1
WBGene00005456,0,0,0
WBGene00005457,0,0,0
WBGene00005458,1,3,4
WBGene00005461,1,4,5
WBGene00005463,30,3,33
WBGene00005464,0,0,0
WBGene00005470,0,4,4
WBGene00005471,2,6,8
WBGene00005472,0,4,4
WBGene00005474,3,6,9
WBGene00005475,17,8,25
WBGene00005476,0,2,2
WBGene00005477,5,54,59
WBGene00005478,3,2,5
WBGene00005479,4,6,10
WBGene00005480,2,4,6
WBGene00005481,2,20,22
WBGene00005482,0,19,19
WBGene00005484,1,21,22
WBGene00005486,5,13,18
WBGene00005487,1,10,11
WBGene00005488,0,6,6
WBGene00005489,10,0,10
WBGene00005490,2,5,7
WBGene00005491,0,0,0
WBGene00005492,0,1,1
WBGene00005493,0,0,0
WBGene00005494,2,2,4
WBGene00005495,2,0,2
WBGene00005496,0,2,2
WBGene00005497,0,0,0
WBGene00005499,1,1,2
WBGene00005500,3,4,7
WBGene00005501,0,0,0
WBGene00005502,3,0,3
WBGene00005503,0,1,1
WBGene00005504,2,2,4
WBGene00005505,17,0,17
WBGene00005507,8,6,14
WBGene00005508,0,4,4
WBGene00005509,0,0,0
WBGene00005512,0,4,4
WBGene00005513,1,7,8
WBGene00005514,5,17,22
WBGene00005516,2,16,18
WBGene00005517,21,10,31
WBGene00005518,17,37,54
WBGene00005519,0,2,2
WBGene00005521,0,2,2
WBGene00005522,5,2,7
WBGene00005523,5,39,44
WBGene00005524,3,2,5
WBGene00005525,0,0,0
WBGene00005526,0,0,0
WBGene00005527,12,4,16
WBGene00005528,1,2,3
WBGene00005529,3,6,9
WBGene00005530,37,35,72
WBGene00005531,53,113,166
WBGene00005532,5,12,17
WBGene00005533,3,23,26
WBGene00005536,2,18,20
WBGene00005537,4,5,9
WBGene00005538,5,15,20
WBGene00005539,2,1,3
WBGene00005540,3,4,7
WBGene00005541,4,3,7
WBGene00005542,6,17,23
WBGene00005543,18,64,82
WBGene00005544,1,1,2
WBGene00005545,7,0,7
WBGene00005546,2,0,2
WBGene00005548,3,7,10
WBGene00005549,2,3,5
WBGene00005550,0,4,4
WBGene00005551,9,10,19
WBGene00005552,18,15,33
WBGene00005554,7,1,8
WBGene00005555,0,2,2
WBGene00005557,12,34,46
WBGene00005558,1,13,14
WBGene00005559,14,56,70
WBGene00005560,48,144,192
WBGene00005562,2,2,4
WBGene00005563,2,3,5
WBGene00005565,0,1,1
WBGene00005566,3,0,3
WBGene00005569,2,2,4
WBGene00005572,0,1,1
WBGene00005573,0,2,2
WBGene00005574,1,5,6
WBGene00005575,14,20,34
WBGene00005577,6,22,28
WBGene00005578,0,0,0
WBGene00005579,11,0,11
WBGene00005581,3,4,7
WBGene00005582,0,0,0
WBGene00005583,1,0,1
WBGene00005584,3,2,5
WBGene00005585,4,7,11
WBGene00005586,5,20,25
WBGene00005589,33,8,41
WBGene00005590,1,2,3
WBGene00005591,10,13,23
WBGene00005592,0,6,6
WBGene00005593,1,2,3
WBGene00005594,2,1,3
WBGene00005595,9,5,14
WBGene00005596,2,1,3
WBGene00005597,0,0,0
WBGene00005598,1,3,4
WBGene00005599,0,5,5
WBGene00005601,0,1,1
WBGene00005602,60,1134,1194
WBGene00005603,7,6,13
WBGene00005604,19,4,23
WBGene00005606,8,15,23
WBGene00005607,7,6,13
WBGene00005608,7,17,24
WBGene00005609,0,18,18
WBGene00005610,5,3,8
WBGene00005611,19,8,27
WBGene00005612,16,6,22
WBGene00005613,25,5,30
WBGene00005614,5,5,10
WBGene00005615,1,3,4
WBGene00005616,1,47,48
WBGene00005617,1,0,1
WBGene00005618,3,1,4
WBGene00005621,2,5,7
WBGene00005622,9,7,16
WBGene00005623,0,0,0
WBGene00005624,1,1,2
WBGene00005625,2,1,3
WBGene00005626,0,0,0
WBGene00005627,4,0,4
WBGene00005628,1,0,1
WBGene00005629,0,1,1
WBGene00005631,1,1,2
WBGene00005632,0,0,0
WBGene00005633,2,0,2
WBGene00005634,4,0,4
WBGene00005635,0,2,2
WBGene00005638,0,23,23
WBGene00005639,2,1,3
WBGene00005640,2,10,12
WBGene00005641,24,82,106
WBGene00005642,21,105,126
WBGene00005643,5,90,95
WBGene00005644,129,664,793
WBGene00005647,115,1025,1140
WBGene00005648,407,2823,3230
WBGene00005649,23,31,54
WBGene00005652,51,311,362
WBGene00005653,14,99,113
WBGene00005654,27,521,548
WBGene00005655,212,2034,2246
WBGene00005657,12,224,236
WBGene00005658,0,0,0
WBGene00005659,5,8,13
WBGene00005660,1,6,7
WBGene00005661,0,33,33
WBGene00005662,97,806,903
WBGene00005663,821,5765,6586
WBGene00005664,1,24,25
WBGene00005665,0,17,17
WBGene00005666,4,2,6
WBGene00005667,1,2,3
WBGene00005669,4,3,7
WBGene00005670,13,29,42
WBGene00005671,3,145,148
WBGene00005672,2,2,4
WBGene00005674,4,0,4
WBGene00005675,2,3,5
WBGene00005676,2,17,19
WBGene00005678,0,6,6
WBGene00005679,2,2,4
WBGene00005680,1,1,2
WBGene00005681,1,0,1
WBGene00005682,5,1,6
WBGene00005683,1,3,4
WBGene00005684,16,5,21
WBGene00005685,6,11,17
WBGene00005686,2,6,8
WBGene00005687,7,15,22
WBGene00005688,2,0,2
WBGene00005689,6,4,10
WBGene00005690,4,11,15
WBGene00005691,0,3,3
WBGene00005692,1,7,8
WBGene00005693,0,2,2
WBGene00005694,0,0,0
WBGene00005696,7,8,15
WBGene00005698,1,10,11
WBGene00005699,1,1,2
WBGene00005700,1,7,8
WBGene00005701,9,54,63
WBGene00005702,6,30,36
WBGene00005703,20,233,253
WBGene00005705,5,83,88
WBGene00005707,0,4,4
WBGene00005708,2,1,3
WBGene00005710,66,102,168
WBGene00005711,1,3,4
WBGene00005712,18,115,133
WBGene00005713,3,41,44
WBGene00005714,3,7,10
WBGene00005715,117,115,232
WBGene00005716,48,205,253
WBGene00005717,13,94,107
WBGene00005718,14,67,81
WBGene00005719,33,54,87
WBGene00005720,11,8,19
WBGene00005721,28,23,51
WBGene00005722,8,8,16
WBGene00005723,3,1,4
WBGene00005724,8,19,27
WBGene00005725,15,25,40
WBGene00005726,24,30,54
WBGene00005727,18,11,29
WBGene00005728,0,1,1
WBGene00005730,0,0,0
WBGene00005732,0,1,1
WBGene00005733,1,0,1
WBGene00005735,5,17,22
WBGene00005736,7,7,14
WBGene00005737,5,5,10
WBGene00005738,1,7,8
WBGene00005739,8,15,23
WBGene00005740,2,14,16
WBGene00005741,2,2,4
WBGene00005742,2,15,17
WBGene00005743,4,3,7
WBGene00005744,3,10,13
WBGene00005745,3,7,10
WBGene00005748,5,15,20
WBGene00005749,1,0,1
WBGene00005750,2,4,6
WBGene00005751,0,0,0
WBGene00005753,18,19,37
WBGene00005754,5,3,8
WBGene00005755,4,8,12
WBGene00005756,2,31,33
WBGene00005757,4,31,35
WBGene00005758,3,19,22
WBGene00005759,0,160,160
WBGene00005760,0,0,0
WBGene00005761,1,0,1
WBGene00005762,0,2,2
WBGene00005763,1,11,12
WBGene00005764,5,25,30
WBGene00005766,5,14,19
WBGene00005767,1,0,1
WBGene00005768,1,1,2
WBGene00005769,0,1,1
WBGene00005770,1,1,2
WBGene00005771,0,5,5
WBGene00005773,0,1,1
WBGene00005776,1,2,3
WBGene00005777,0,0,0
WBGene00005778,5,1,6
WBGene00005779,1,0,1
WBGene00005780,3,3,6
WBGene00005781,0,2,2
WBGene00005782,4,0,4
WBGene00005783,0,0,0
WBGene00005785,1,0,1
WBGene00005786,5,1,6
WBGene00005787,3,0,3
WBGene00005788,3,3,6
WBGene00005789,0,2,2
WBGene00005790,0,1,1
WBGene00005791,2,10,12
WBGene00005795,0,0,0
WBGene00005798,0,2,2
WBGene00005800,1,1,2
WBGene00005801,0,0,0
WBGene00005802,2,0,2
WBGene00005803,1,0,1
WBGene00005804,1,0,1
WBGene00005806,1,0,1
WBGene00005807,7,12,19
WBGene00005808,12,19,31
WBGene00005809,1,1,2
WBGene00005810,2,31,33
WBGene00005812,2,1,3
WBGene00005813,1,1,2
WBGene00005814,4,3,7
WBGene00005815,227,1316,1543
WBGene00005816,159,574,733
WBGene00005818,235,1426,1661
WBGene00005819,2,1,3
WBGene00005820,21,11,32
WBGene00005822,2,0,2
WBGene00005823,0,2,2
WBGene00005824,2,1,3
WBGene00005826,3,2,5
WBGene00005829,6,5,11
WBGene00005830,3,2,5
WBGene00005831,2,5,7
WBGene00005832,356,2151,2507
WBGene00005833,25,664,689
WBGene00005834,4,17,21
WBGene00005835,2,0,2
WBGene00005836,6,9,15
WBGene00005837,0,0,0
WBGene00005838,14,28,42
WBGene00005841,7,3,10
WBGene00005842,6,9,15
WBGene00005844,0,1,1
WBGene00005845,12,12,24
WBGene00005846,0,2,2
WBGene00005847,5,1,6
WBGene00005848,11,7,18
WBGene00005849,7,11,18
WBGene00005850,4,6,10
WBGene00005854,2,2,4
WBGene00005855,1,2,3
WBGene00005856,10,2,12
WBGene00005858,12,4,16
WBGene00005859,2,4,6
WBGene00005860,1,0,1
WBGene00005862,1,3,4
WBGene00005864,1,1,2
WBGene00005865,0,0,0
WBGene00005866,0,0,0
WBGene00005867,0,1,1
WBGene00005868,0,0,0
WBGene00005869,4,0,4
WBGene00005870,1,0,1
WBGene00005871,0,0,0
WBGene00005874,2,2,4
WBGene00005876,7,3,10
WBGene00005877,14,3,17
WBGene00005880,0,0,0
WBGene00005881,1,1,2
WBGene00005882,0,2,2
WBGene00005883,5,5,10
WBGene00005884,2,0,2
WBGene00005885,1,0,1
WBGene00005886,3,5,8
WBGene00005887,10,13,23
WBGene00005888,0,0,0
WBGene00005889,0,3,3
WBGene00005890,0,0,0
WBGene00005891,4,5,9
WBGene00005892,2,22,24
WBGene00005893,10,85,95
WBGene00005894,2,1,3
WBGene00005895,4,4,8
WBGene00005896,1,1,2
WBGene00005897,2,4,6
WBGene00005898,1,18,19
WBGene00005899,2,3,5
WBGene00005900,8,2,10
WBGene00005901,1,2,3
WBGene00005903,11,9,20
WBGene00005904,18,2,20
WBGene00005905,12,7,19
WBGene00005907,0,4,4
WBGene00005908,2,6,8
WBGene00005909,10,9,19
WBGene00005910,27,104,131
WBGene00005911,3,2,5
WBGene00005912,2,5,7
WBGene00005913,3,5,8
WBGene00005914,2,3,5
WBGene00005915,1,1,2
WBGene00005917,3,2,5
WBGene00005919,2,0,2
WBGene00005920,2,0,2
WBGene00005922,1,2,3
WBGene00005923,0,1,1
WBGene00005924,3,0,3
WBGene00005925,4,15,19
WBGene00005926,19,75,94
WBGene00005927,9,8,17
WBGene00005929,11,32,43
WBGene00005930,0,0,0
WBGene00005931,8,35,43
WBGene00005932,14,52,66
WBGene00005933,4,6,10
WBGene00005934,3,35,38
WBGene00005935,6,7,13
WBGene00005936,47,234,281
WBGene00005937,12,42,54
WBGene00005938,20,52,72
WBGene00005939,0,1,1
WBGene00005941,9,20,29
WBGene00005942,0,1,1
WBGene00005944,0,0,0
WBGene00005945,4,1,5
WBGene00005946,3,4,7
WBGene00005947,21,86,107
WBGene00005949,4,46,50
WBGene00005950,0,0,0
WBGene00005951,3,0,3
WBGene00005953,7,7,14
WBGene00005954,2,1,3
WBGene00005955,2,5,7
WBGene00005956,0,0,0
WBGene00005957,0,2,2
WBGene00005958,23,103,126
WBGene00005959,10,89,99
WBGene00005964,2,15,17
WBGene00005965,91,8,99
WBGene00005967,109,219,328
WBGene00005968,1,20,21
WBGene00005969,5,3,8
WBGene00005971,5,39,44
WBGene00005973,25,17,42
WBGene00005975,54,69,123
WBGene00005976,3,34,37
WBGene00005977,6,30,36
WBGene00005978,0,0,0
WBGene00005979,2,1,3
WBGene00005980,6,3,9
WBGene00005981,2,11,13
WBGene00005983,1,3,4
WBGene00005984,0,0,0
WBGene00005986,9,7,16
WBGene00005987,12,13,25
WBGene00005988,2,4,6
WBGene00005989,6,5,11
WBGene00005992,0,0,0
WBGene00005993,3,2,5
WBGene00005995,5,4,9
WBGene00005996,5,3,8
WBGene00005999,5,9,14
WBGene00006001,0,0,0
WBGene00006002,10,37,47
WBGene00006003,3,8,11
WBGene00006004,4,4,8
WBGene00006005,1,19,20
WBGene00006006,3,28,31
WBGene00006007,4,5,9
WBGene00006008,5,11,16
WBGene00006009,2,0,2
WBGene00006010,1,5,6
WBGene00006011,4,2,6
WBGene00006012,0,5,5
WBGene00006013,2,0,2
WBGene00006016,15,133,148
WBGene00006019,4,28,32
WBGene00006020,12,40,52
WBGene00006021,2,13,15
WBGene00006022,1,2,3
WBGene00006024,3,4,7
WBGene00006025,1,10,11
WBGene00006026,15,31,46
WBGene00006027,5,6,11
WBGene00006028,1,4,5
WBGene00006038,0,1,1
WBGene00006039,0,6,6
WBGene00006040,0,0,0
WBGene00006044,0,7,7
WBGene00006047,0,0,0
WBGene00006048,0,0,0
WBGene00006049,0,1,1
WBGene00006050,16,185,201
WBGene00006051,11,88,99
WBGene00006052,0,0,0
WBGene00006053,0,1,1
WBGene00006055,91,402,493
WBGene00006056,11,15,26
WBGene00006058,1,11,12
WBGene00006059,107,778,885
WBGene00006060,1,2,3
WBGene00006061,27,1228,1255
WBGene00006062,474,965,1439
WBGene00006063,25,641,666
WBGene00006064,185,155,340
WBGene00006065,9,12,21
WBGene00006066,101,1728,1829
WBGene00006067,206,1142,1348
WBGene00006068,30,211,241
WBGene00006069,8,20,28
WBGene00006070,1,1,2
WBGene00006071,2,5,7
WBGene00006072,1,13,14
WBGene00006073,0,1,1
WBGene00006074,0,0,0
WBGene00006075,7,12,19
WBGene00006076,0,0,0
WBGene00006077,9,24,33
WBGene00006078,2,3,5
WBGene00006080,10,30,40
WBGene00006081,2,3,5
WBGene00006082,4,0,4
WBGene00006083,0,2,2
WBGene00006084,9,1,10
WBGene00006085,1,3,4
WBGene00006086,2,17,19
WBGene00006087,1,4,5
WBGene00006090,2,2,4
WBGene00006092,2,1,3
WBGene00006093,1,13,14
WBGene00006094,0,2,2
WBGene00006096,1,12,13
WBGene00006097,0,0,0
WBGene00006098,2,1,3
WBGene00006099,9,0,9
WBGene00006101,13,8,21
WBGene00006102,3,8,11
WBGene00006103,6,21,27
WBGene00006104,2,3,5
WBGene00006105,1,2,3
WBGene00006106,0,0,0
WBGene00006108,5,14,19
WBGene00006109,14,36,50
WBGene00006110,0,1,1
WBGene00006111,2,4,6
WBGene00006112,36,108,144
WBGene00006113,9,38,47
WBGene00006117,0,1,1
WBGene00006120,0,1,1
WBGene00006121,1,4,5
WBGene00006122,6,11,17
WBGene00006124,0,0,0
WBGene00006125,3,0,3
WBGene00006126,0,8,8
WBGene00006127,0,20,20
WBGene00006128,2,1,3
WBGene00006129,5,5,10
WBGene00006130,0,1,1
WBGene00006131,0,0,0
WBGene00006133,1,1,2
WBGene00006134,2,0,2
WBGene00006135,0,11,11
WBGene00006136,0,0,0
WBGene00006137,2,2,4
WBGene00006138,6,8,14
WBGene00006139,4,7,11
WBGene00006140,163,31,194
WBGene00006141,3,2,5
WBGene00006142,1,7,8
WBGene00006143,2,3,5
WBGene00006144,2,2,4
WBGene00006145,0,0,0
WBGene00006146,1,7,8
WBGene00006147,2,1,3
WBGene00006148,8,15,23
WBGene00006149,1,16,17
WBGene00006150,1,4,5
WBGene00006151,0,8,8
WBGene00006152,6,15,21
WBGene00006153,2,12,14
WBGene00006154,5,10,15
WBGene00006155,0,10,10
WBGene00006156,2,1,3
WBGene00006157,1,0,1
WBGene00006158,1,1,2
WBGene00006159,2,2,4
WBGene00006160,0,0,0
WBGene00006161,0,2,2
WBGene00006162,2,5,7
WBGene00006163,39,26,65
WBGene00006164,16,11,27
WBGene00006165,4,3,7
WBGene00006166,2,0,2
WBGene00006167,7,35,42
WBGene00006169,18,25,43
WBGene00006170,0,0,0
WBGene00006171,0,0,0
WBGene00006172,16,5,21
WBGene00006173,3,0,3
WBGene00006174,5,2,7
WBGene00006175,0,0,0
WBGene00006176,1,3,4
WBGene00006178,3,1,4
WBGene00006179,2,10,12
WBGene00006180,0,9,9
WBGene00006182,1,1,2
WBGene00006183,3,3,6
WBGene00006184,3,2,5
WBGene00006186,1,2,3
WBGene00006187,9,10,19
WBGene00006188,5,2,7
WBGene00006189,2,2,4
WBGene00006190,3,0,3
WBGene00006191,7,22,29
WBGene00006192,11,5,16
WBGene00006193,3,9,12
WBGene00006195,2,6,8
WBGene00006196,6,0,6
WBGene00006197,7,0,7
WBGene00006198,8,26,34
WBGene00006199,8,14,22
WBGene00006200,0,0,0
WBGene00006201,4,4,8
WBGene00006202,2,3,5
WBGene00006203,4,2,6
WBGene00006204,0,5,5
WBGene00006205,11,34,45
WBGene00006206,4,9,13
WBGene00006207,38,47,85
WBGene00006208,21,14,35
WBGene00006209,10,22,32
WBGene00006210,13,6,19
WBGene00006211,13,19,32
WBGene00006212,5,14,19
WBGene00006213,6,8,14
WBGene00006214,13,5,18
WBGene00006215,1,8,9
WBGene00006216,3,6,9
WBGene00006217,5,8,13
WBGene00006218,3,5,8
WBGene00006219,2,0,2
WBGene00006220,48,225,273
WBGene00006221,1,3,4
WBGene00006222,4,3,7
WBGene00006224,2,2,4
WBGene00006225,3,0,3
WBGene00006226,1,56,57
WBGene00006228,0,2,2
WBGene00006229,1,1,2
WBGene00006230,1,0,1
WBGene00006231,1,0,1
WBGene00006232,0,0,0
WBGene00006233,8,30,38
WBGene00006234,1,17,18
WBGene00006235,0,2,2
WBGene00006236,1,0,1
WBGene00006237,0,6,6
WBGene00006238,2,1,3
WBGene00006239,8,5,13
WBGene00006240,0,0,0
WBGene00006241,3,23,26
WBGene00006242,4,3,7
WBGene00006244,1,5,6
WBGene00006247,0,6,6
WBGene00006249,1,3,4
WBGene00006251,3,8,11
WBGene00006252,4,11,15
WBGene00006253,16,2,18
WBGene00006255,13,37,50
WBGene00006256,1,3,4
WBGene00006257,3,4,7
WBGene00006258,2,26,28
WBGene00006259,3,2,5
WBGene00006260,2,8,10
WBGene00006261,4,2,6
WBGene00006262,1,0,1
WBGene00006263,0,4,4
WBGene00006264,0,1,1
WBGene00006265,2,2,4
WBGene00006266,130,1,131
WBGene00006268,2,8,10
WBGene00006270,2,5,7
WBGene00006271,0,0,0
WBGene00006272,7,53,60
WBGene00006273,3,1,4
WBGene00006274,0,0,0
WBGene00006275,0,0,0
WBGene00006276,3,0,3
WBGene00006277,2,8,10
WBGene00006278,7,28,35
WBGene00006279,21,39,60
WBGene00006280,5,10,15
WBGene00006281,11,2,13
WBGene00006282,0,0,0
WBGene00006283,0,0,0
WBGene00006284,0,0,0
WBGene00006286,20,22,42
WBGene00006287,8,20,28
WBGene00006288,13,58,71
WBGene00006289,0,3,3
WBGene00006306,386,1068,1454
WBGene00006307,50,1137,1187
WBGene00006308,15,43,58
WBGene00006309,46,851,897
WBGene00006310,79,203,282
WBGene00006311,19,341,360
WBGene00006318,134,1166,1300
WBGene00006319,32,235,267
WBGene00006321,365,4990,5355
WBGene00006324,45,988,1033
WBGene00006331,544,14272,14816
WBGene00006342,331,1113,1444
WBGene00006349,201,804,1005
WBGene00006351,59,582,641
WBGene00006352,171,3030,3201
WBGene00006353,42,463,505
WBGene00006359,37,692,729
WBGene00006363,89,241,330
WBGene00006364,244,801,1045
WBGene00006365,50,293,343
WBGene00006366,4,6,10
WBGene00006367,47,514,561
WBGene00006368,87,504,591
WBGene00006369,34,809,843
WBGene00006371,104,689,793
WBGene00006372,87,1157,1244
WBGene00006373,113,1260,1373
WBGene00006374,35,303,338
WBGene00006375,23,753,776
WBGene00006376,12,565,577
WBGene00006377,21,428,449
WBGene00006379,36,401,437
WBGene00006380,4,61,65
WBGene00006381,78,3477,3555
WBGene00006382,743,2503,3246
WBGene00006383,123,305,428
WBGene00006384,225,995,1220
WBGene00006385,763,1374,2137
WBGene00006386,170,905,1075
WBGene00006387,34,277,311
WBGene00006388,45,275,320
WBGene00006389,24,310,334
WBGene00006390,95,691,786
WBGene00006391,48,447,495
WBGene00006392,287,3586,3873
WBGene00006393,23,706,729
WBGene00006394,17,161,178
WBGene00006395,24,175,199
WBGene00006396,639,2313,2952
WBGene00006397,36,877,913
WBGene00006399,9,6,15
WBGene00006402,55,607,662
WBGene00006404,53,272,325
WBGene00006405,351,1605,1956
WBGene00006406,258,2660,2918
WBGene00006407,922,2937,3859
WBGene00006408,1675,15537,17212
WBGene00006409,2,2,4
WBGene00006410,135,1434,1569
WBGene00006411,7,67,74
WBGene00006412,292,1373,1665
WBGene00006414,6,796,802
WBGene00006415,208,2602,2810
WBGene00006416,4,11,15
WBGene00006418,0,45,45
WBGene00006419,13,5,18
WBGene00006423,677,5004,5681
WBGene00006424,227,522,749
WBGene00006428,65,116,181
WBGene00006429,3,1,4
WBGene00006430,60,426,486
WBGene00006431,47,698,745
WBGene00006432,185,974,1159
WBGene00006433,361,6264,6625
WBGene00006434,451,37270,37721
WBGene00006435,14,28,42
WBGene00006436,2060,53773,55833
WBGene00006437,206,2323,2529
WBGene00006438,301,1971,2272
WBGene00006439,426,638035,638461
WBGene00006440,118,440,558
WBGene00006441,59,287,346
WBGene00006442,271,1459,1730
WBGene00006443,19,461,480
WBGene00006444,37,1213,1250
WBGene00006445,55,325,380
WBGene00006446,21,312,333
WBGene00006447,18,649,667
WBGene00006448,55,815,870
WBGene00006449,2,4,6
WBGene00006450,630,1906,2536
WBGene00006452,829,6119,6948
WBGene00006454,18,70,88
WBGene00006459,56,772,828
WBGene00006460,262,5045,5307
WBGene00006461,52,155,207
WBGene00006462,347,1205,1552
WBGene00006463,71,659,730
WBGene00006464,20,194,214
WBGene00006465,35,1220,1255
WBGene00006466,78,262,340
WBGene00006467,29,1017,1046
WBGene00006468,69,239,308
WBGene00006470,27,2239,2266
WBGene00006471,1,3,4
WBGene00006472,39,715,754
WBGene00006473,9,695,704
WBGene00006474,20,903,923
WBGene00006475,58,239,297
WBGene00006476,384,831,1215
WBGene00006477,48,152,200
WBGene00006478,134,1023,1157
WBGene00006479,349,2789,3138
WBGene00006481,273,1418,1691
WBGene00006483,363,1988,2351
WBGene00006484,4,0,4
WBGene00006486,95,348,443
WBGene00006487,7,24,31
WBGene00006488,0,1,1
WBGene00006489,43,1054,1097
WBGene00006490,223,808,1031
WBGene00006491,7,168,175
WBGene00006492,145,476,621
WBGene00006493,150,1477,1627
WBGene00006494,10,1149,1159
WBGene00006495,679,10402,11081
WBGene00006496,485,612,1097
WBGene00006497,304,5725,6029
WBGene00006498,309,1186,1495
WBGene00006499,108,1673,1781
WBGene00006503,33,808,841
WBGene00006504,88,431,519
WBGene00006505,94,209,303
WBGene00006508,914,1925,2839
WBGene00006509,0,5,5
WBGene00006510,258,1512,1770
WBGene00006512,79,1561,1640
WBGene00006513,274,767,1041
WBGene00006514,34,1236,1270
WBGene00006515,54,1615,1669
WBGene00006516,28,385,413
WBGene00006517,509,2155,2664
WBGene00006518,5,944,949
WBGene00006519,3643,29050,32693
WBGene00006520,0,235,235
WBGene00006522,20,52,72
WBGene00006523,172,2273,2445
WBGene00006524,108,1240,1348
WBGene00006525,16,105,121
WBGene00006526,15,81,96
WBGene00006527,952,6709,7661
WBGene00006528,103,21877,21980
WBGene00006529,754,8925,9679
WBGene00006530,7,79,86
WBGene00006531,21,124,145
WBGene00006532,14,37,51
WBGene00006533,81,302,383
WBGene00006534,4,6,10
WBGene00006535,230,1232,1462
WBGene00006536,4,3618,3622
WBGene00006537,304,21002,21306
WBGene00006538,11,179,190
WBGene00006539,5,66,71
WBGene00006540,26,775,801
WBGene00006541,22,107,129
WBGene00006542,15,578,593
WBGene00006543,219,1209,1428
WBGene00006544,7,3,10
WBGene00006545,2,20,22
WBGene00006546,1,4,5
WBGene00006547,0,43,43
WBGene00006549,0,0,0
WBGene00006550,3,1,4
WBGene00006551,0,61768,61768
WBGene00006552,4,6,10
WBGene00006553,4,2,6
WBGene00006554,1,3,4
WBGene00006555,9,77,86
WBGene00006556,3,2,5
WBGene00006557,16,3,19
WBGene00006558,0,0,0
WBGene00006559,0,0,0
WBGene00006560,1,4,5
WBGene00006561,241,1718,1959
WBGene00006562,47,286,333
WBGene00006563,219,753,972
WBGene00006565,34,544,578
WBGene00006566,63,919,982
WBGene00006567,19,751,770
WBGene00006568,33,848,881
WBGene00006570,104,2172,2276
WBGene00006571,101,794,895
WBGene00006572,415,3225,3640
WBGene00006573,242,2154,2396
WBGene00006574,67,2981,3048
WBGene00006575,653,1186,1839
WBGene00006576,47,195,242
WBGene00006577,148,1202,1350
WBGene00006578,212,1661,1873
WBGene00006579,382,3581,3963
WBGene00006580,152,1144,1296
WBGene00006582,268,1672,1940
WBGene00006583,310,7296,7606
WBGene00006584,2090,26666,28756
WBGene00006585,313,7041,7354
WBGene00006586,188,4367,4555
WBGene00006587,1396,26335,27731
WBGene00006588,564,6604,7168
WBGene00006589,146,1513,1659
WBGene00006590,47,571,618
WBGene00006591,165,438,603
WBGene00006592,86,490,576
WBGene00006593,744,1059,1803
WBGene00006594,602,2557,3159
WBGene00006595,256,4441,4697
WBGene00006596,159,330,489
WBGene00006597,56,90,146
WBGene00006598,2,23,25
WBGene00006599,1404,1921,3325
WBGene00006600,7,76,83
WBGene00006601,88,3082,3170
WBGene00006602,417,2370,2787
WBGene00006603,582,3136,3718
WBGene00006604,460,1544,2004
WBGene00006605,77,623,700
WBGene00006606,82,428,510
WBGene00006607,228,1567,1795
WBGene00006608,87,721,808
WBGene00006609,50,420,470
WBGene00006610,46,110,156
WBGene00006611,12,254,266
WBGene00006612,6,59,65
WBGene00006613,196,1523,1719
WBGene00006614,303,898,1201
WBGene00006615,213,280,493
WBGene00006616,55,91,146
WBGene00006617,60,1969,2029
WBGene00006618,68,356,424
WBGene00006619,2,33,35
WBGene00006620,27,44,71
WBGene00006621,68,77,145
WBGene00006622,6,11,17
WBGene00006623,55,91,146
WBGene00006624,84,163,247
WBGene00006625,0,9,9
WBGene00006626,4,369,373
WBGene00006627,59,379,438
WBGene00006628,38,291,329
WBGene00006629,18,174,192
WBGene00006630,2,22,24
WBGene00006631,0,7,7
WBGene00006632,121,108,229
WBGene00006633,133,592,725
WBGene00006634,1474,12072,13546
WBGene00006635,6,385,391
WBGene00006636,48,316,364
WBGene00006637,80,1057,1137
WBGene00006638,34,1043,1077
WBGene00006639,76,89,165
WBGene00006640,56,202,258
WBGene00006641,38,703,741
WBGene00006642,20,156,176
WBGene00006643,91,1233,1324
WBGene00006644,0,13,13
WBGene00006645,13,14,27
WBGene00006646,21,362,383
WBGene00006647,120,402,522
WBGene00006648,406,1009,1415
WBGene00006649,88,1274,1362
WBGene00006652,226,339,565
WBGene00006654,13,96,109
WBGene00006655,22,198,220
WBGene00006656,90,705,795
WBGene00006657,174,186,360
WBGene00006658,11,48,59
WBGene00006659,13,8,21
WBGene00006660,115,1578,1693
WBGene00006661,1,3,4
WBGene00006662,281,2857,3138
WBGene00006663,845,6328,7173
WBGene00006664,19,161,180
WBGene00006665,35,72,107
WBGene00006666,10,50,60
WBGene00006667,160,801,961
WBGene00006668,251,351,602
WBGene00006669,93,224,317
WBGene00006670,7,36,43
WBGene00006671,71,288,359
WBGene00006672,225,5253,5478
WBGene00006673,12,81,93
WBGene00006674,13,12,25
WBGene00006675,11,49,60
WBGene00006676,25,99,124
WBGene00006677,49,476,525
WBGene00006678,8,41,49
WBGene00006679,15,39,54
WBGene00006680,42,94,136
WBGene00006681,68,277,345
WBGene00006682,101,205,306
WBGene00006683,906,3380,4286
WBGene00006684,203,233,436
WBGene00006685,18,121,139
WBGene00006686,71,147,218
WBGene00006687,14,35,49
WBGene00006688,15,6,21
WBGene00006689,4,2,6
WBGene00006690,21,31,52
WBGene00006691,86,140,226
WBGene00006692,91,781,872
WBGene00006693,1014,2963,3977
WBGene00006694,7,23,30
WBGene00006695,76,78,154
WBGene00006696,42,221,263
WBGene00006697,666,3805,4471
WBGene00006698,57,2454,2511
WBGene00006699,65,1720,1785
WBGene00006700,170,410,580
WBGene00006701,548,6192,6740
WBGene00006702,316,5099,5415
WBGene00006703,56,2255,2311
WBGene00006704,145,5412,5557
WBGene00006705,934,3642,4576
WBGene00006706,40,1277,1317
WBGene00006707,1,1379,1380
WBGene00006708,85,2412,2497
WBGene00006709,285,1723,2008
WBGene00006710,333,197,530
WBGene00006711,63,743,806
WBGene00006712,76,347,423
WBGene00006713,52,1842,1894
WBGene00006714,133,454,587
WBGene00006715,69,2564,2633
WBGene00006716,40,18,58
WBGene00006717,22,454,476
WBGene00006718,2,14,16
WBGene00006719,2,0,2
WBGene00006720,84,4367,4451
WBGene00006721,40,503,543
WBGene00006722,206,249,455
WBGene00006723,88,667,755
WBGene00006724,89,1910,1999
WBGene00006725,16174,181576,197750
WBGene00006726,162,1201,1363
WBGene00006727,311,17837,18148
WBGene00006728,15978,184377,200355
WBGene00006729,67,285,352
WBGene00006730,30,8168,8198
WBGene00006731,6,133,139
WBGene00006732,247,1455,1702
WBGene00006733,218,1725,1943
WBGene00006734,41,853,894
WBGene00006735,9,568,577
WBGene00006736,70,989,1059
WBGene00006737,27,424,451
WBGene00006738,35,1971,2006
WBGene00006739,316,5478,5794
WBGene00006740,17,187,204
WBGene00006741,211,2286,2497
WBGene00006742,561,1607,2168
WBGene00006743,71,150,221
WBGene00006744,12,81,93
WBGene00006745,544,919,1463
WBGene00006746,42,265,307
WBGene00006747,715,533,1248
WBGene00006748,23,52,75
WBGene00006749,125,726,851
WBGene00006750,140,754,894
WBGene00006751,452,847,1299
WBGene00006752,789,3026,3815
WBGene00006753,714,8904,9618
WBGene00006754,7158,174493,181651
WBGene00006755,652,5029,5681
WBGene00006756,0,5,5
WBGene00006757,27,959,986
WBGene00006759,2459,26369,28828
WBGene00006760,415,1875,2290
WBGene00006761,55,536,591
WBGene00006762,407,1703,2110
WBGene00006763,229,934,1163
WBGene00006764,3296,41983,45279
WBGene00006765,252,510,762
WBGene00006766,41,365,406
WBGene00006767,471,460,931
WBGene00006768,484,4705,5189
WBGene00006769,611,810,1421
WBGene00006770,608,1718,2326
WBGene00006771,772,5902,6674
WBGene00006772,281,1786,2067
WBGene00006773,79,1178,1257
WBGene00006774,81,404,485
WBGene00006775,6,61,67
WBGene00006776,497,1881,2378
WBGene00006777,267,833,1100
WBGene00006778,47,289,336
WBGene00006779,2462,7959,10421
WBGene00006780,3727,34587,38314
WBGene00006781,150,376,526
WBGene00006782,7,147,154
WBGene00006783,30,203,233
WBGene00006784,970,3168,4138
WBGene00006785,23,236,259
WBGene00006786,354,3109,3463
WBGene00006787,620,4361,4981
WBGene00006788,225,611,836
WBGene00006789,3608,209678,213286
WBGene00006790,18,19,37
WBGene00006791,374,1466,1840
WBGene00006792,222,310,532
WBGene00006793,73,1014,1087
WBGene00006794,651,15680,16331
WBGene00006795,47,877,924
WBGene00006796,1056,4416,5472
WBGene00006797,619,186,805
WBGene00006798,1621,1864,3485
WBGene00006801,759,7185,7944
WBGene00006802,189,3508,3697
WBGene00006803,619,7720,8339
WBGene00006804,49,474,523
WBGene00006805,2946,6770,9716
WBGene00006807,204,310,514
WBGene00006808,322,1737,2059
WBGene00006809,278,497,775
WBGene00006810,141,1582,1723
WBGene00006811,228,662,890
WBGene00006812,385,2923,3308
WBGene00006814,2384,4963,7347
WBGene00006815,662,6348,7010
WBGene00006816,27,1343,1370
WBGene00006817,108,1803,1911
WBGene00006818,141,2338,2479
WBGene00006819,3171,81440,84611
WBGene00006820,2830,23930,26760
WBGene00006822,103,607,710
WBGene00006823,2301,12909,15210
WBGene00006824,114,2345,2459
WBGene00006825,694,6062,6756
WBGene00006826,138,2471,2609
WBGene00006827,3882,3248,7130
WBGene00006829,60,450,510
WBGene00006830,1900,1348,3248
WBGene00006831,458,1744,2202
WBGene00006832,105,640,745
WBGene00006833,172,14239,14411
WBGene00006836,145,3731,3876
WBGene00006839,502,2188,2690
WBGene00006840,267,6150,6417
WBGene00006843,184,1095,1279
WBGene00006844,158,2514,2672
WBGene00006845,389,2304,2693
WBGene00006852,97,2988,3085
WBGene00006853,22,470,492
WBGene00006856,30,789,819
WBGene00006861,675,3658,4333
WBGene00006862,27,269,296
WBGene00006863,200,7266,7466
WBGene00006864,52,237,289
WBGene00006865,22,208,230
WBGene00006868,329,776,1105
WBGene00006869,48,255,303
WBGene00006870,273,516,789
WBGene00006873,63,111,174
WBGene00006874,387,4862,5249
WBGene00006875,34,1264,1298
WBGene00006876,583,4730,5313
WBGene00006881,21,201,222
WBGene00006882,62,348,410
WBGene00006886,161,1207,1368
WBGene00006887,250,397,647
WBGene00006888,213,2711,2924
WBGene00006889,47,2575,2622
WBGene00006890,638,6642,7280
WBGene00006893,238,1843,2081
WBGene00006894,12,20,32
WBGene00006896,42,405,447
WBGene00006897,5,13,18
WBGene00006902,0,4,4
WBGene00006910,0,9219,9219
WBGene00006911,79,13269,13348
WBGene00006912,0,4873,4873
WBGene00006913,38,3600,3638
WBGene00006914,30,1560,1590
WBGene00006915,44,1774,1818
WBGene00006916,159,354,513
WBGene00006917,56,6202,6258
WBGene00006918,403,6577,6980
WBGene00006919,97,5343,5440
WBGene00006920,445,3518,3963
WBGene00006921,4,1862,1866
WBGene00006922,12,396,408
WBGene00006923,3656,7079,10735
WBGene00006924,89,13617,13706
WBGene00006925,1,20,21
WBGene00006926,0,8,8
WBGene00006927,1,3,4
WBGene00006928,0,1,1
WBGene00006929,0,1,1
WBGene00006930,1,3,4
WBGene00006931,101,1208,1309
WBGene00006932,350,2406,2756
WBGene00006933,68,1080,1148
WBGene00006934,152,510,662
WBGene00006935,29,1101,1130
WBGene00006936,109,777,886
WBGene00006937,406,2647,3053
WBGene00006938,0,18,18
WBGene00006940,4,395,399
WBGene00006941,557,4507,5064
WBGene00006942,168,3322,3490
WBGene00006943,99,828,927
WBGene00006944,61,487,548
WBGene00006945,75,638,713
WBGene00006946,50,390,440
WBGene00006947,3,49,52
WBGene00006948,2,6,8
WBGene00006949,80,750,830
WBGene00006950,16,8,24
WBGene00006951,82,633,715
WBGene00006952,7,150,157
WBGene00006953,7,1,8
WBGene00006954,1,2,3
WBGene00006955,36,11,47
WBGene00006956,0,5,5
WBGene00006957,269,1596,1865
WBGene00006958,83,228,311
WBGene00006959,1320,55157,56477
WBGene00006960,23,83,106
WBGene00006961,555,5160,5715
WBGene00006962,4,23,27
WBGene00006963,50,921,971
WBGene00006964,125,962,1087
WBGene00006965,0,105,105
WBGene00006966,10,117,127
WBGene00006968,100,1281,1381
WBGene00006970,20,706,726
WBGene00006971,77,798,875
WBGene00006974,19,844,863
WBGene00006975,931,5342,6273
WBGene00006976,2307,636,2943
WBGene00006977,31,502,533
WBGene00006978,167,4550,4717
WBGene00006979,0,141,141
WBGene00006980,2,346,348
WBGene00006981,1,279,280
WBGene00006982,91,1161,1252
WBGene00006983,175,1673,1848
WBGene00006984,992,2382,3374
WBGene00006985,212,432,644
WBGene00006986,356,1305,1661
WBGene00006987,222,813,1035
WBGene00006988,100,452,552
WBGene00006993,504,651,1155
WBGene00006994,351,2242,2593
WBGene00006996,50,2249,2299
WBGene00006997,14,552,566
WBGene00006999,1614,12323,13937
WBGene00007000,108,2333,2441
WBGene00007001,12,716,728
WBGene00007006,73,334,407
WBGene00007007,302,4927,5229
WBGene00007008,106,1930,2036
WBGene00007009,171,1985,2156
WBGene00007010,230,2118,2348
WBGene00007011,31,247,278
WBGene00007012,63,493,556
WBGene00007013,207,442,649
WBGene00007014,59,243,302
WBGene00007015,7,523,530
WBGene00007016,949,6974,7923
WBGene00007017,328,252,580
WBGene00007018,82,1058,1140
WBGene00007019,326,1714,2040
WBGene00007020,256,994,1250
WBGene00007021,101,1079,1180
WBGene00007022,239,2057,2296
WBGene00007023,131,1574,1705
WBGene00007024,643,25324,25967
WBGene00007025,199,1421,1620
WBGene00007026,64,828,892
WBGene00007027,1014,2789,3803
WBGene00007028,57,1903,1960
WBGene00007029,269,1391,1660
WBGene00007030,1932,13617,15549
WBGene00007036,102,905,1007
WBGene00007041,75,308,383
WBGene00007042,204,5221,5425
WBGene00007043,7,272,279
WBGene00007044,232,2082,2314
WBGene00007045,4,218,222
WBGene00007047,160,557,717
WBGene00007048,104,3850,3954
WBGene00007049,10,32,42
WBGene00007050,279,2186,2465
WBGene00007053,248,4934,5182
WBGene00007054,1545,4154,5699
WBGene00007055,182,6001,6183
WBGene00007056,89,467,556
WBGene00007057,0,102,102
WBGene00007058,355,5054,5409
WBGene00007059,22,266,288
WBGene00007060,3,6,9
WBGene00007062,0,0,0
WBGene00007063,135,335,470
WBGene00007064,329,245,574
WBGene00007065,34,457,491
WBGene00007067,88,459,547
WBGene00007068,152,974,1126
WBGene00007069,4,7,11
WBGene00007070,10,381,391
WBGene00007071,93,921,1014
WBGene00007072,11,145,156
WBGene00007073,28,157,185
WBGene00007075,0,0,0
WBGene00007076,0,0,0
WBGene00007079,0,0,0
WBGene00007080,0,3,3
WBGene00007081,4,19,23
WBGene00007082,0,19,19
WBGene00007083,0,11,11
WBGene00007084,60,234,294
WBGene00007085,0,69,69
WBGene00007087,66,953,1019
WBGene00007088,82,1467,1549
WBGene00007089,95,698,793
WBGene00007090,36,818,854
WBGene00007091,1095,10019,11114
WBGene00007092,64,361,425
WBGene00007093,34,511,545
WBGene00007094,167,465,632
WBGene00007096,70,1079,1149
WBGene00007097,10,158,168
WBGene00007099,559,7015,7574
WBGene00007100,15,514,529
WBGene00007101,31,1550,1581
WBGene00007102,41,220,261
WBGene00007103,390,2203,2593
WBGene00007104,31,223,254
WBGene00007105,59,1511,1570
WBGene00007106,19,541,560
WBGene00007107,337,3997,4334
WBGene00007108,136,1276,1412
WBGene00007109,8,305,313
WBGene00007110,98,1349,1447
WBGene00007111,55,882,937
WBGene00007112,348,1915,2263
WBGene00007113,54,952,1006
WBGene00007114,30,115,145
WBGene00007115,15,122,137
WBGene00007116,69,100,169
WBGene00007117,2,12,14
WBGene00007118,71,601,672
WBGene00007119,117,676,793
WBGene00007122,124,3708,3832
WBGene00007123,0,1,1
WBGene00007124,46,310,356
WBGene00007125,0,2,2
WBGene00007126,261,881,1142
WBGene00007127,1,0,1
WBGene00007128,24,197,221
WBGene00007129,38,2837,2875
WBGene00007130,16,75,91
WBGene00007131,20,131,151
WBGene00007132,6,53,59
WBGene00007133,34,179,213
WBGene00007134,9,18,27
WBGene00007135,328,820,1148
WBGene00007136,126,1286,1412
WBGene00007137,78,889,967
WBGene00007138,22,93,115
WBGene00007139,234,1571,1805
WBGene00007140,14,42,56
WBGene00007141,4,16,20
WBGene00007142,315,3790,4105
WBGene00007143,121,1579,1700
WBGene00007144,34,1164,1198
WBGene00007145,52,406,458
WBGene00007146,15,133,148
WBGene00007148,14,17,31
WBGene00007149,4,22,26
WBGene00007150,18,683,701
WBGene00007152,2,6,8
WBGene00007153,1,15,16
WBGene00007154,20,108,128
WBGene00007155,1114,18855,19969
WBGene00007156,20,52,72
WBGene00007158,6,12,18
WBGene00007159,69,921,990
WBGene00007161,3,0,3
WBGene00007162,120,318,438
WBGene00007163,0,7,7
WBGene00007164,2,20,22
WBGene00007166,14,533,547
WBGene00007167,89,554,643
WBGene00007168,23,548,571
WBGene00007169,6,5,11
WBGene00007170,33,134,167
WBGene00007171,12,165,177
WBGene00007172,12,58,70
WBGene00007173,0,0,0
WBGene00007174,29,232,261
WBGene00007175,83,1045,1128
WBGene00007176,2296,729,3025
WBGene00007177,11,11,22
WBGene00007178,22,775,797
WBGene00007179,9,10,19
WBGene00007180,72,753,825
WBGene00007182,0,2,2
WBGene00007183,1,38,39
WBGene00007184,179,3333,3512
WBGene00007185,237,1603,1840
WBGene00007186,33,762,795
WBGene00007187,33,223,256
WBGene00007188,79,502,581
WBGene00007189,38,602,640
WBGene00007190,7,23,30
WBGene00007191,39,211,250
WBGene00007192,615,9307,9922
WBGene00007193,202,1841,2043
WBGene00007194,10,562,572
WBGene00007195,76,737,813
WBGene00007196,326,728,1054
WBGene00007197,995,4627,5622
WBGene00007200,797,5654,6451
WBGene00007201,104,1798,1902
WBGene00007202,33,371,404
WBGene00007203,3,180,183
WBGene00007204,3,8,11
WBGene00007206,0,0,0
WBGene00007207,74,567,641
WBGene00007208,0,0,0
WBGene00007209,2,3,5
WBGene00007210,27,43,70
WBGene00007211,4,1,5
WBGene00007212,19,114,133
WBGene00007213,83,585,668
WBGene00007214,278,1354,1632
WBGene00007215,79,820,899
WBGene00007216,616,1269,1885
WBGene00007217,214,4129,4343
WBGene00007218,60,30,90
WBGene00007219,110,3295,3405
WBGene00007220,9,16,25
WBGene00007221,47,405,452
WBGene00007222,11,58,69
WBGene00007223,151,2729,2880
WBGene00007224,13,23,36
WBGene00007225,0,30,30
WBGene00007226,205,2075,2280
WBGene00007227,416,7702,8118
WBGene00007228,30,293,323
WBGene00007229,10,23,33
WBGene00007230,3,9,12
WBGene00007231,6,6,12
WBGene00007232,0,1,1
WBGene00007233,8,57,65
WBGene00007234,0,302,302
WBGene00007235,334,6668,7002
WBGene00007236,0,220,220
WBGene00007237,80,418,498
WBGene00007239,0,0,0
WBGene00007240,47,618,665
WBGene00007241,45,248,293
WBGene00007242,22,263,285
WBGene00007243,0,19,19
WBGene00007244,1,12,13
WBGene00007245,0,1,1
WBGene00007246,0,10,10
WBGene00007247,32,142,174
WBGene00007248,2,5,7
WBGene00007249,0,4,4
WBGene00007250,1,5,6
WBGene00007251,0,0,0
WBGene00007252,51,272,323
WBGene00007253,27,119,146
WBGene00007254,7,56,63
WBGene00007255,6,79,85
WBGene00007256,228,4301,4529
WBGene00007257,683,1767,2450
WBGene00007258,53,594,647
WBGene00007259,10,3,13
WBGene00007260,531,563,1094
WBGene00007261,84,2146,2230
WBGene00007262,3,7,10
WBGene00007264,5,7,12
WBGene00007265,0,9,9
WBGene00007266,35,317,352
WBGene00007267,50,429,479
WBGene00007268,14,17,31
WBGene00007269,3,5,8
WBGene00007270,82,2058,2140
WBGene00007271,20,1,21
WBGene00007273,66,34,100
WBGene00007274,8,64,72
WBGene00007275,157,166,323
WBGene00007277,30,101,131
WBGene00007278,13,135,148
WBGene00007279,3,2,5
WBGene00007281,4,80,84
WBGene00007282,8,8,16
WBGene00007283,0,1,1
WBGene00007284,157,470,627
WBGene00007285,15,180,195
WBGene00007286,30,336,366
WBGene00007287,26,563,589
WBGene00007288,110,756,866
WBGene00007289,0,2,2
WBGene00007290,0,2,2
WBGene00007291,1,0,1
WBGene00007292,2,1,3
WBGene00007293,0,3,3
WBGene00007294,1,0,1
WBGene00007295,30,304,334
WBGene00007296,58,1051,1109
WBGene00007297,23,298,321
WBGene00007299,12,253,265
WBGene00007301,880647,32,880679
WBGene00007302,77,1445,1522
WBGene00007303,4,6,10
WBGene00007304,173,1218,1391
WBGene00007305,4,11,15
WBGene00007306,1,0,1
WBGene00007307,4,13,17
WBGene00007308,0,6,6
WBGene00007309,7,5,12
WBGene00007310,11,21,32
WBGene00007311,16,2,18
WBGene00007312,24,472,496
WBGene00007313,7,25,32
WBGene00007314,25,28,53
WBGene00007315,2,6,8
WBGene00007316,305,1464,1769
WBGene00007317,55,2410,2465
WBGene00007319,0,1,1
WBGene00007320,0,0,0
WBGene00007321,51,472,523
WBGene00007322,4,21,25
WBGene00007323,5,5,10
WBGene00007324,314,2263,2577
WBGene00007325,2,14,16
WBGene00007326,23,39,62
WBGene00007327,28,48,76
WBGene00007328,17,57,74
WBGene00007329,182,1021,1203
WBGene00007330,236,4010,4246
WBGene00007331,262,1198,1460
WBGene00007332,0,206,206
WBGene00007333,79,670,749
WBGene00007334,58,929,987
WBGene00007335,3,1,4
WBGene00007336,105,1236,1341
WBGene00007337,2,8,10
WBGene00007338,6,223,229
WBGene00007339,7,115,122
WBGene00007340,38,160,198
WBGene00007341,0,7,7
WBGene00007342,0,0,0
WBGene00007343,35,254,289
WBGene00007344,5,12,17
WBGene00007345,103,801,904
WBGene00007346,20,66,86
WBGene00007347,71,256,327
WBGene00007348,70,370,440
WBGene00007349,83,699,782
WBGene00007350,488,6400,6888
WBGene00007351,61,63,124
WBGene00007352,411,1833,2244
WBGene00007353,444,3453,3897
WBGene00007354,9,75,84
WBGene00007355,0,2503,2503
WBGene00007356,0,2,2
WBGene00007357,156,827,983
WBGene00007358,13,183,196
WBGene00007359,4,6,10
WBGene00007360,30,6,36
WBGene00007361,30,6,36
WBGene00007362,46,133,179
WBGene00007363,84,2711,2795
WBGene00007364,14,30,44
WBGene00007365,3743,77844,81587
WBGene00007366,588,2174,2762
WBGene00007367,17,54,71
WBGene00007368,6,19,25
WBGene00007369,0,6,6
WBGene00007370,4,3,7
WBGene00007372,22,177,199
WBGene00007373,0,0,0
WBGene00007374,5,12,17
WBGene00007375,23,70,93
WBGene00007377,1,23,24
WBGene00007378,20,8,28
WBGene00007379,1,1,2
WBGene00007380,1,5,6
WBGene00007381,0,1,1
WBGene00007382,3,46,49
WBGene00007383,3,7,10
WBGene00007384,4,142,146
WBGene00007385,2652,30165,32817
WBGene00007386,103,1120,1223
WBGene00007387,176,265,441
WBGene00007388,46,328,374
WBGene00007389,39,308,347
WBGene00007390,15,3353,3368
WBGene00007391,5,45,50
WBGene00007392,9,192,201
WBGene00007393,15,147,162
WBGene00007394,22,46,68
WBGene00007395,352,1838,2190
WBGene00007396,38,231,269
WBGene00007397,11,114,125
WBGene00007398,3,64,67
WBGene00007399,13,19,32
WBGene00007400,36,1120,1156
WBGene00007401,0,4,4
WBGene00007402,27,230,257
WBGene00007403,45,503,548
WBGene00007404,41,159,200
WBGene00007405,121,1091,1212
WBGene00007406,8,9,17
WBGene00007407,2,211,213
WBGene00007408,39,917,956
WBGene00007409,146,547,693
WBGene00007410,41,48,89
WBGene00007411,17,204,221
WBGene00007412,93,1182,1275
WBGene00007413,262,1935,2197
WBGene00007414,107,1008,1115
WBGene00007415,10,46,56
WBGene00007416,32,173,205
WBGene00007417,42,355,397
WBGene00007418,18,293,311
WBGene00007419,284,1791,2075
WBGene00007420,1,49,50
WBGene00007421,73,719,792
WBGene00007422,9,81,90
WBGene00007423,1,6,7
WBGene00007424,10,71,81
WBGene00007425,15,73,88
WBGene00007426,2,11,13
WBGene00007427,8,1,9
WBGene00007428,186,1450,1636
WBGene00007429,163,1468,1631
WBGene00007430,10,411,421
WBGene00007431,9,65,74
WBGene00007432,3,2,5
WBGene00007433,260,3482,3742
WBGene00007434,5,460,465
WBGene00007435,2,85,87
WBGene00007436,5,580,585
WBGene00007437,4,16,20
WBGene00007438,1,1,2
WBGene00007439,12,17,29
WBGene00007440,91,720,811
WBGene00007441,0,1,1
WBGene00007442,1,3,4
WBGene00007443,0,3117,3117
WBGene00007444,564,517,1081
WBGene00007445,50,613,663
WBGene00007446,2,7,9
WBGene00007447,0,0,0
WBGene00007448,2,4,6
WBGene00007449,154,2432,2586
WBGene00007450,94,584,678
WBGene00007452,7,104,111
WBGene00007453,12,69,81
WBGene00007454,1,12,13
WBGene00007455,3,23,26
WBGene00007456,6,14,20
WBGene00007457,0,0,0
WBGene00007458,1,1,2
WBGene00007459,0,0,0
WBGene00007460,106,1891,1997
WBGene00007462,9,44,53
WBGene00007463,32,2667,2699
WBGene00007464,8,164,172
WBGene00007465,32,21,53
WBGene00007466,1,15,16
WBGene00007467,1,26,27
WBGene00007469,5,10,15
WBGene00007470,0,8,8
WBGene00007471,3,11,14
WBGene00007472,4,10,14
WBGene00007473,3,10,13
WBGene00007474,30,564,594
WBGene00007476,304,2204,2508
WBGene00007478,3,4,7
WBGene00007479,9,13,22
WBGene00007480,416,628,1044
WBGene00007482,8,30,38
WBGene00007483,13,51,64
WBGene00007484,6,86,92
WBGene00007485,16,14,30
WBGene00007486,77,257,334
WBGene00007487,33,232,265
WBGene00007488,450,969,1419
WBGene00007489,3,14,17
WBGene00007490,78,408,486
WBGene00007492,422,3573,3995
WBGene00007493,23,671,694
WBGene00007494,2,10,12
WBGene00007495,73,313,386
WBGene00007496,4,1,5
WBGene00007497,0,0,0
WBGene00007499,344,537,881
WBGene00007500,139,1747,1886
WBGene00007501,6,23,29
WBGene00007502,45,158,203
WBGene00007503,1,10,11
WBGene00007504,10,245,255
WBGene00007505,540,2019,2559
WBGene00007506,28,50,78
WBGene00007507,4,17,21
WBGene00007508,4,5,9
WBGene00007509,1,2,3
WBGene00007511,79,952,1031
WBGene00007512,4,4,8
WBGene00007513,87,564,651
WBGene00007514,99,1738,1837
WBGene00007515,3,151,154
WBGene00007516,50,1038,1088
WBGene00007517,50,1559,1609
WBGene00007518,19,73,92
WBGene00007520,71,612,683
WBGene00007521,4,6,10
WBGene00007522,2,22,24
WBGene00007523,2,3,5
WBGene00007525,62,920,982
WBGene00007528,26,171,197
WBGene00007529,51,355,406
WBGene00007530,7,14,21
WBGene00007531,40,460,500
WBGene00007532,16,417,433
WBGene00007533,18,99,117
WBGene00007534,103,8167,8270
WBGene00007535,0,15,15
WBGene00007536,12,96,108
WBGene00007537,19,1087,1106
WBGene00007538,2,13,15
WBGene00007540,1,3,4
WBGene00007541,6,639,645
WBGene00007542,2,28,30
WBGene00007543,0,19,19
WBGene00007544,10,162,172
WBGene00007545,138,324,462
WBGene00007546,60,382,442
WBGene00007547,142,901,1043
WBGene00007548,36,346,382
WBGene00007549,20,181,201
WBGene00007550,12,96,108
WBGene00007551,82,1389,1471
WBGene00007552,3,12,15
WBGene00007553,4,767,771
WBGene00007554,67,2717,2784
WBGene00007555,28,20081,20109
WBGene00007556,42,279,321
WBGene00007557,23,235,258
WBGene00007558,35,197,232
WBGene00007559,1,1,2
WBGene00007560,3,10,13
WBGene00007561,24,802,826
WBGene00007562,179,679,858
WBGene00007563,2,87,89
WBGene00007564,2,605,607
WBGene00007565,2,57,59
WBGene00007567,0,0,0
WBGene00007569,2,1,3
WBGene00007570,2,0,2
WBGene00007571,2,0,2
WBGene00007572,0,3,3
WBGene00007573,16,831,847
WBGene00007574,133,3468,3601
WBGene00007576,155,2115,2270
WBGene00007577,140,882,1022
WBGene00007579,61,792,853
WBGene00007580,19,195,214
WBGene00007581,43,644,687
WBGene00007583,70,329,399
WBGene00007584,4,27,31
WBGene00007585,55,271,326
WBGene00007586,88,10208,10296
WBGene00007587,35,1237,1272
WBGene00007588,52,2488,2540
WBGene00007589,4,251,255
WBGene00007590,159,2020,2179
WBGene00007591,93,792,885
WBGene00007592,864,5788,6652
WBGene00007593,197,694,891
WBGene00007594,33,861,894
WBGene00007595,22,106,128
WBGene00007597,164,160,324
WBGene00007598,4,24,28
WBGene00007599,606,2141,2747
WBGene00007600,0,28,28
WBGene00007601,1,9,10
WBGene00007602,530,1423,1953
WBGene00007603,39,244,283
WBGene00007604,7,642,649
WBGene00007605,4,33,37
WBGene00007606,57,751,808
WBGene00007607,9,130,139
WBGene00007608,26,187,213
WBGene00007609,20,1079,1099
WBGene00007610,1,1,2
WBGene00007611,4,11,15
WBGene00007613,0,2,2
WBGene00007614,244,462,706
WBGene00007615,17,236,253
WBGene00007616,134,1407,1541
WBGene00007617,554,13893,14447
WBGene00007618,1,0,1
WBGene00007619,140,496,636
WBGene00007620,1523,1572,3095
WBGene00007621,300,2695,2995
WBGene00007622,51,96,147
WBGene00007623,127,1337,1464
WBGene00007624,11,385,396
WBGene00007625,77,1256,1333
WBGene00007626,52,1036,1088
WBGene00007627,62,1335,1397
WBGene00007628,334,4985,5319
WBGene00007629,94,225,319
WBGene00007630,6,4581,4587
WBGene00007631,23,10,33
WBGene00007632,0,14,14
WBGene00007633,57,141,198
WBGene00007634,0,22,22
WBGene00007635,131,226,357
WBGene00007636,10,4,14
WBGene00007637,185,528,713
WBGene00007638,0,0,0
WBGene00007639,11,12,23
WBGene00007640,202,653,855
WBGene00007641,4,2,6
WBGene00007642,7,77,84
WBGene00007643,16,139,155
WBGene00007644,9,95,104
WBGene00007645,595,2285,2880
WBGene00007646,188,3085,3273
WBGene00007647,1131,6611,7742
WBGene00007648,1,25,26
WBGene00007649,0,12,12
WBGene00007650,69,414,483
WBGene00007651,151,1160,1311
WBGene00007652,54,475,529
WBGene00007653,109,1995,2104
WBGene00007655,153,3,156
WBGene00007656,1,9,10
WBGene00007657,7,9,16
WBGene00007658,9,5,14
WBGene00007659,1,5,6
WBGene00007660,2,6,8
WBGene00007661,3,2,5
WBGene00007662,0,5,5
WBGene00007663,6,12,18
WBGene00007664,138,1208,1346
WBGene00007666,325,3235,3560
WBGene00007668,50,673,723
WBGene00007669,9,11,20
WBGene00007670,30,74,104
WBGene00007672,6,42,48
WBGene00007673,0,1,1
WBGene00007674,0,6,6
WBGene00007675,67,249,316
WBGene00007678,0,0,0
WBGene00007679,45,1319,1364
WBGene00007680,323,2105,2428
WBGene00007681,92,551,643
WBGene00007682,8,96,104
WBGene00007683,642,7639,8281
WBGene00007684,729,7426,8155
WBGene00007685,44,600,644
WBGene00007686,11,668,679
WBGene00007687,14,26,40
WBGene00007688,0,2,2
WBGene00007689,50,1132,1182
WBGene00007690,511,464,975
WBGene00007691,4,28,32
WBGene00007692,9,37,46
WBGene00007693,11,6,17
WBGene00007694,11,86,97
WBGene00007695,10,43,53
WBGene00007696,21,1105,1126
WBGene00007697,47,326,373
WBGene00007698,29,470,499
WBGene00007699,0,0,0
WBGene00007700,0,0,0
WBGene00007701,4,3,7
WBGene00007702,197,608,805
WBGene00007703,817,1922,2739
WBGene00007704,10,124,134
WBGene00007705,14,942,956
WBGene00007706,82,1241,1323
WBGene00007707,21,1250,1271
WBGene00007708,0,0,0
WBGene00007709,13,1234,1247
WBGene00007710,28,700,728
WBGene00007711,41,2151,2192
WBGene00007712,7,1264,1271
WBGene00007713,0,20,20
WBGene00007714,0,0,0
WBGene00007716,1,8,9
WBGene00007717,8,32,40
WBGene00007718,6,1738,1744
WBGene00007719,0,10,10
WBGene00007720,2,632,634
WBGene00007722,36,354,390
WBGene00007723,22,42,64
WBGene00007724,5,25,30
WBGene00007725,40,197,237
WBGene00007726,12,44,56
WBGene00007727,0,2,2
WBGene00007728,4,27,31
WBGene00007729,20,43,63
WBGene00007730,129,5332,5461
WBGene00007731,5,584,589
WBGene00007732,6,137,143
WBGene00007733,0,9,9
WBGene00007734,9,69,78
WBGene00007735,1,3,4
WBGene00007736,49,728,777
WBGene00007739,34,47,81
WBGene00007740,2,0,2
WBGene00007741,146,301,447
WBGene00007742,25,20,45
WBGene00007743,35,172,207
WBGene00007744,278,591,869
WBGene00007745,163,841,1004
WBGene00007746,28,323,351
WBGene00007747,2,5,7
WBGene00007748,23,97,120
WBGene00007749,88,2209,2297
WBGene00007750,44,397,441
WBGene00007751,29,44,73
WBGene00007752,380,1861,2241
WBGene00007753,59,116,175
WBGene00007755,28,107,135
WBGene00007756,276,741,1017
WBGene00007757,63,190,253
WBGene00007758,117,1106,1223
WBGene00007759,2,1,3
WBGene00007760,37,526,563
WBGene00007761,362,2438,2800
WBGene00007762,10,609,619
WBGene00007763,44,204,248
WBGene00007764,489,2546,3035
WBGene00007765,164,768,932
WBGene00007766,6,202,208
WBGene00007768,6,0,6
WBGene00007769,1,0,1
WBGene00007770,0,0,0
WBGene00007771,5,197,202
WBGene00007772,69,946,1015
WBGene00007773,0,3,3
WBGene00007774,65,669,734
WBGene00007775,103,159,262
WBGene00007776,26,154,180
WBGene00007777,7,13,20
WBGene00007778,18,23,41
WBGene00007779,75,707,782
WBGene00007780,15,186,201
WBGene00007784,39,1725,1764
WBGene00007785,22,1200,1222
WBGene00007786,192,9275,9467
WBGene00007787,19,1635,1654
WBGene00007788,24,194,218
WBGene00007789,19,155,174
WBGene00007791,11,39,50
WBGene00007792,0,3,3
WBGene00007793,0,2,2
WBGene00007794,0,1,1
WBGene00007795,0,0,0
WBGene00007796,52,321,373
WBGene00007797,19,168,187
WBGene00007799,274,579,853
WBGene00007800,20,43,63
WBGene00007801,150,392,542
WBGene00007802,1,0,1
WBGene00007804,1,38,39
WBGene00007805,3,0,3
WBGene00007806,0,1,1
WBGene00007807,13,85,98
WBGene00007808,6,16,22
WBGene00007809,10,88,98
WBGene00007810,17,93,110
WBGene00007811,85,961,1046
WBGene00007812,251,2470,2721
WBGene00007813,17,32,49
WBGene00007816,169,208,377
WBGene00007817,216,416,632
WBGene00007818,14,179,193
WBGene00007819,14,107,121
WBGene00007820,62,253,315
WBGene00007822,5,5,10
WBGene00007823,8,7,15
WBGene00007824,2218,7246,9464
WBGene00007825,26,416,442
WBGene00007826,27,1052,1079
WBGene00007827,138,1753,1891
WBGene00007829,5,2,7
WBGene00007831,0,8,8
WBGene00007832,3,10,13
WBGene00007833,5,3,8
WBGene00007834,4,16,20
WBGene00007835,8,49,57
WBGene00007836,11,913,924
WBGene00007837,61,509,570
WBGene00007840,192,67,259
WBGene00007841,184,3271,3455
WBGene00007842,1,42,43
WBGene00007844,10,20,30
WBGene00007845,3,42,45
WBGene00007846,42,495,537
WBGene00007847,43,492,535
WBGene00007848,503,7820,8323
WBGene00007849,123,350,473
WBGene00007850,4,0,4
WBGene00007851,3,2,5
WBGene00007852,1,2,3
WBGene00007853,0,5,5
WBGene00007854,44,206,250
WBGene00007855,0,5733,5733
WBGene00007856,16,334,350
WBGene00007857,4,94,98
WBGene00007858,29,136,165
WBGene00007859,40,432,472
WBGene00007860,609,1983,2592
WBGene00007861,6,24,30
WBGene00007862,112,384,496
WBGene00007863,6,4,10
WBGene00007864,4,10,14
WBGene00007865,2,1,3
WBGene00007866,6,28,34
WBGene00007867,10,142,152
WBGene00007868,7,143,150
WBGene00007869,1,6,7
WBGene00007870,26,208,234
WBGene00007871,0,0,0
WBGene00007872,0,0,0
WBGene00007873,0,0,0
WBGene00007874,0,0,0
WBGene00007875,9,215,224
WBGene00007876,1,0,1
WBGene00007877,516,4615,5131
WBGene00007878,351,1397,1748
WBGene00007880,2075,12771,14846
WBGene00007881,145,3320,3465
WBGene00007882,86,2736,2822
WBGene00007883,256,6721,6977
WBGene00007885,7,17,24
WBGene00007886,152,1000,1152
WBGene00007887,0,3,3
WBGene00007888,6,10,16
WBGene00007890,95,909,1004
WBGene00007891,1,23,24
WBGene00007892,6,601,607
WBGene00007893,8,4,12
WBGene00007894,3,10,13
WBGene00007895,1,8,9
WBGene00007896,18,31,49
WBGene00007897,2,5,7
WBGene00007898,11,206,217
WBGene00007900,134,2302,2436
WBGene00007901,24,515,539
WBGene00007903,9,17,26
WBGene00007904,12,41,53
WBGene00007905,5,11,16
WBGene00007906,53,495,548
WBGene00007907,1214,961,2175
WBGene00007908,219,635,854
WBGene00007909,86,154,240
WBGene00007910,4,22,26
WBGene00007911,15,273,288
WBGene00007912,72,857,929
WBGene00007913,23,57,80
WBGene00007914,102,1173,1275
WBGene00007916,15,211,226
WBGene00007917,71,578,649
WBGene00007918,72,773,845
WBGene00007919,2550,22268,24818
WBGene00007920,1,7,8
WBGene00007921,187,1698,1885
WBGene00007922,205,581,786
WBGene00007923,219,2006,2225
WBGene00007924,269,5771,6040
WBGene00007925,13,130,143
WBGene00007926,44,96,140
WBGene00007927,70,710,780
WBGene00007928,5,52,57
WBGene00007929,20,164,184
WBGene00007930,0,0,0
WBGene00007931,301,2688,2989
WBGene00007932,125,490,615
WBGene00007933,37,341,378
WBGene00007934,104,882,986
WBGene00007935,54,74,128
WBGene00007937,26,102,128
WBGene00007938,7,34,41
WBGene00007939,20,182,202
WBGene00007941,33,168,201
WBGene00007942,92,1102,1194
WBGene00007943,34,341,375
WBGene00007944,66,651,717
WBGene00007945,20,141,161
WBGene00007946,19,67,86
WBGene00007947,10,43,53
WBGene00007948,15,13,28
WBGene00007949,10,71,81
WBGene00007950,570,2323,2893
WBGene00007951,151,345,496
WBGene00007952,61,1151,1212
WBGene00007953,120,386,506
WBGene00007954,6,10,16
WBGene00007955,88,3287,3375
WBGene00007956,53,555,608
WBGene00007957,16,136,152
WBGene00007958,2720,8524,11244
WBGene00007959,230,1626,1856
WBGene00007960,0,1,1
WBGene00007961,0,13,13
WBGene00007963,3,25,28
WBGene00007964,51,563,614
WBGene00007965,33,282,315
WBGene00007966,5,144,149
WBGene00007967,28,464,492
WBGene00007969,58,1843,1901
WBGene00007970,36,291,327
WBGene00007971,115,1807,1922
WBGene00007972,75,533,608
WBGene00007973,39,409,448
WBGene00007974,56,845,901
WBGene00007975,82,801,883
WBGene00007976,55,520,575
WBGene00007977,4,5,9
WBGene00007978,41,362,403
WBGene00007979,39,705,744
WBGene00007980,243,7841,8084
WBGene00007981,162,2736,2898
WBGene00007982,162,708,870
WBGene00007983,71,263,334
WBGene00007984,60,903,963
WBGene00007985,108,315,423
WBGene00007986,1,3,4
WBGene00007987,0,1,1
WBGene00007988,12,30,42
WBGene00007989,3,126,129
WBGene00007990,2,151,153
WBGene00007991,51,311,362
WBGene00007992,1,48,49
WBGene00007993,82,3147,3229
WBGene00007994,46,153,199
WBGene00007995,2,2,4
WBGene00007996,5,3,8
WBGene00007997,9891,52,9943
WBGene00007998,3,3,6
WBGene00007999,2,5,7
WBGene00008000,85,1721,1806
WBGene00008001,2,2,4
WBGene00008002,76,339,415
WBGene00008003,19,191,210
WBGene00008005,24,421,445
WBGene00008006,216,1133,1349
WBGene00008007,11,69,80
WBGene00008008,128,481,609
WBGene00008009,10,7,17
WBGene00008010,28,19,47
WBGene00008012,0,2,2
WBGene00008014,6,40,46
WBGene00008015,1,1,2
WBGene00008016,0,1,1
WBGene00008017,2,27,29
WBGene00008018,139,455,594
WBGene00008019,27,579,606
WBGene00008020,11,130,141
WBGene00008021,7,123,130
WBGene00008022,58,255,313
WBGene00008023,7,118,125
WBGene00008024,3,14,17
WBGene00008025,13,132,145
WBGene00008027,206,2530,2736
WBGene00008028,132,765,897
WBGene00008029,0,4,4
WBGene00008030,0,0,0
WBGene00008031,21,50,71
WBGene00008032,396,7860,8256
WBGene00008033,166,293,459
WBGene00008034,319,4828,5147
WBGene00008035,32,999,1031
WBGene00008036,1,1,2
WBGene00008037,46,237,283
WBGene00008038,6,19,25
WBGene00008039,23,366,389
WBGene00008040,1557,20341,21898
WBGene00008041,175,3222,3397
WBGene00008042,4,30,34
WBGene00008043,9,39,48
WBGene00008044,28,137,165
WBGene00008045,44,207,251
WBGene00008047,19,124,143
WBGene00008049,8,5,13
WBGene00008050,20,365,385
WBGene00008051,72,416,488
WBGene00008052,119,1832,1951
WBGene00008053,46,1113,1159
WBGene00008054,17,14,31
WBGene00008056,0,3,3
WBGene00008057,2,3,5
WBGene00008058,0,2,2
WBGene00008059,0,0,0
WBGene00008060,0,0,0
WBGene00008061,5,201,206
WBGene00008062,40,348,388
WBGene00008063,5,24,29
WBGene00008064,1106,46,1152
WBGene00008065,30,148,178
WBGene00008066,3,61,64
WBGene00008067,2,1,3
WBGene00008068,1,5,6
WBGene00008069,0,0,0
WBGene00008070,4,401,405
WBGene00008071,13,12,25
WBGene00008072,4,13,17
WBGene00008073,2,157,159
WBGene00008074,1,10,11
WBGene00008075,52,116,168
WBGene00008076,40,308,348
WBGene00008077,1,28,29
WBGene00008078,46,330,376
WBGene00008079,5,37,42
WBGene00008080,3,101,104
WBGene00008081,251,730,981
WBGene00008082,70,378,448
WBGene00008084,4,39,43
WBGene00008085,35,593,628
WBGene00008086,0,19,19
WBGene00008087,4,1,5
WBGene00008088,0,1,1
WBGene00008089,232,1764,1996
WBGene00008090,0,1,1
WBGene00008091,7,17,24
WBGene00008092,1,6,7
WBGene00008093,58,85,143
WBGene00008094,310,418,728
WBGene00008095,6,56,62
WBGene00008096,2,193,195
WBGene00008097,10,99,109
WBGene00008099,5,33,38
WBGene00008100,168,919,1087
WBGene00008101,9,125,134
WBGene00008102,2,28,30
WBGene00008105,0,8,8
WBGene00008106,2,3,5
WBGene00008107,24,624,648
WBGene00008110,201,1945,2146
WBGene00008111,9,35,44
WBGene00008113,0,6,6
WBGene00008114,10,86,96
WBGene00008116,22,15,37
WBGene00008117,21,1990,2011
WBGene00008118,135,596,731
WBGene00008119,493,1988,2481
WBGene00008120,401,1071,1472
WBGene00008121,117,1772,1889
WBGene00008122,0,9,9
WBGene00008123,14,74,88
WBGene00008124,3,4,7
WBGene00008125,0,0,0
WBGene00008126,6,2,8
WBGene00008127,126,398,524
WBGene00008128,14,106,120
WBGene00008129,7,12,19
WBGene00008130,18,530,548
WBGene00008131,54,997,1051
WBGene00008132,110,380,490
WBGene00008133,210,636,846
WBGene00008134,56,589,645
WBGene00008136,77,992,1069
WBGene00008137,8,67,75
WBGene00008138,1,29,30
WBGene00008139,46,1834,1880
WBGene00008140,876,469,1345
WBGene00008141,2,4,6
WBGene00008142,74,1613,1687
WBGene00008143,108,1207,1315
WBGene00008144,69,382,451
WBGene00008145,113,584,697
WBGene00008146,16,27,43
WBGene00008147,118,1263,1381
WBGene00008148,32,314,346
WBGene00008149,206,4836,5042
WBGene00008150,9,14,23
WBGene00008151,173,3994,4167
WBGene00008152,73,1008,1081
WBGene00008153,9,17,26
WBGene00008154,0,2,2
WBGene00008155,487,1296,1783
WBGene00008156,5,10,15
WBGene00008157,5,12,17
WBGene00008158,4,1,5
WBGene00008159,4,0,4
WBGene00008160,0,0,0
WBGene00008161,2,3,5
WBGene00008162,6,2,8
WBGene00008163,0,0,0
WBGene00008164,42,2282,2324
WBGene00008165,33,914,947
WBGene00008166,44,835,879
WBGene00008167,20,83,103
WBGene00008168,31,389,420
WBGene00008169,16,217,233
WBGene00008170,48,680,728
WBGene00008171,11,221,232
WBGene00008172,3,229,232
WBGene00008173,18,503,521
WBGene00008174,37,298,335
WBGene00008175,0,11,11
WBGene00008176,10,103,113
WBGene00008177,170,1234,1404
WBGene00008178,166,46,212
WBGene00008180,10,8,18
WBGene00008183,1366,1797,3163
WBGene00008184,2,11,13
WBGene00008185,17,6,23
WBGene00008186,6,2,8
WBGene00008187,24,6,30
WBGene00008188,1,11,12
WBGene00008190,6,13,19
WBGene00008191,486,16706,17192
WBGene00008194,60,400,460
WBGene00008195,154,867,1021
WBGene00008196,81,1029,1110
WBGene00008197,85,588,673
WBGene00008198,59,1854,1913
WBGene00008199,8,49,57
WBGene00008200,8,71,79
WBGene00008201,2,2,4
WBGene00008202,3,127,130
WBGene00008203,40,164,204
WBGene00008204,45,765,810
WBGene00008205,150,4640,4790
WBGene00008206,141,936,1077
WBGene00008207,2,20,22
WBGene00008208,17,168,185
WBGene00008209,0,3,3
WBGene00008210,0,50,50
WBGene00008211,0,3310,3310
WBGene00008212,21,121,142
WBGene00008213,707,99,806
WBGene00008214,180,814,994
WBGene00008215,22,722,744
WBGene00008216,9,26,35
WBGene00008217,0,3,3
WBGene00008218,9,1157,1166
WBGene00008219,18,932,950
WBGene00008220,4,122,126
WBGene00008221,37,363,400
WBGene00008222,18,173,191
WBGene00008223,6,4,10
WBGene00008224,498,5327,5825
WBGene00008225,114,4495,4609
WBGene00008226,145,1078,1223
WBGene00008227,149,746,895
WBGene00008228,14,396,410
WBGene00008229,153,4264,4417
WBGene00008230,163,635,798
WBGene00008231,4,8,12
WBGene00008232,17,441,458
WBGene00008233,27,651,678
WBGene00008234,8,112,120
WBGene00008235,24,259,283
WBGene00008236,61,166,227
WBGene00008237,109,789,898
WBGene00008238,30,634,664
WBGene00008239,20,277,297
WBGene00008240,9,8,17
WBGene00008241,2,1,3
WBGene00008242,1,20,21
WBGene00008243,0,1,1
WBGene00008244,0,2,2
WBGene00008245,4,116,120
WBGene00008246,10,89,99
WBGene00008247,8,5,13
WBGene00008248,7,73,80
WBGene00008249,16,26,42
WBGene00008250,13,18,31
WBGene00008251,23,66,89
WBGene00008252,7,85,92
WBGene00008254,357,4768,5125
WBGene00008255,102,1121,1223
WBGene00008256,33,166,199
WBGene00008257,6,305,311
WBGene00008258,27,587,614
WBGene00008259,1,3,4
WBGene00008260,9,95,104
WBGene00008261,14,34,48
WBGene00008262,979,47804,48783
WBGene00008263,70,56,126
WBGene00008265,181,197,378
WBGene00008266,51,594,645
WBGene00008267,8,106,114
WBGene00008268,0,1,1
WBGene00008269,3,95,98
WBGene00008270,327,221,548
WBGene00008271,16,14,30
WBGene00008272,124,133,257
WBGene00008273,48,347,395
WBGene00008274,925,6423,7348
WBGene00008275,89,761,850
WBGene00008277,37,7,44
WBGene00008278,56,144,200
WBGene00008279,65,2,67
WBGene00008280,19,31,50
WBGene00008281,34,551,585
WBGene00008283,75,537,612
WBGene00008284,57,295,352
WBGene00008285,9,2,11
WBGene00008286,6,7,13
WBGene00008287,84,342,426
WBGene00008288,58,715,773
WBGene00008289,2,1,3
WBGene00008290,6,1,7
WBGene00008291,0,0,0
WBGene00008292,1,4,5
WBGene00008293,1,0,1
WBGene00008294,1,143,144
WBGene00008295,0,0,0
WBGene00008296,92,643,735
WBGene00008297,0,3,3
WBGene00008298,1008,14684,15692
WBGene00008299,3,2,5
WBGene00008300,13,250,263
WBGene00008301,11,45,56
WBGene00008302,7,52,59
WBGene00008303,28,103,131
WBGene00008304,40,639,679
WBGene00008306,8,19,27
WBGene00008307,212,314,526
WBGene00008308,10,10,20
WBGene00008309,13,229,242
WBGene00008310,191,1429,1620
WBGene00008311,200,2745,2945
WBGene00008312,6,1,7
WBGene00008313,1,8,9
WBGene00008314,46,78,124
WBGene00008315,82,412,494
WBGene00008316,37,144,181
WBGene00008317,133,1282,1415
WBGene00008318,5,342,347
WBGene00008319,0,0,0
WBGene00008320,70,230,300
WBGene00008321,0,0,0
WBGene00008322,3,9,12
WBGene00008323,9,377,386
WBGene00008324,2,51,53
WBGene00008325,0,39,39
WBGene00008326,0,1,1
WBGene00008327,0,2,2
WBGene00008328,8,1,9
WBGene00008329,9,1,10
WBGene00008330,16,754,770
WBGene00008331,253,2829,3082
WBGene00008332,72,727,799
WBGene00008333,25,456,481
WBGene00008334,79,527,606
WBGene00008335,49,563,612
WBGene00008336,10,165,175
WBGene00008338,170,1903,2073
WBGene00008339,80,1220,1300
WBGene00008340,4,36,40
WBGene00008341,18,1239,1257
WBGene00008342,77,150,227
WBGene00008343,27,1632,1659
WBGene00008344,151,1345,1496
WBGene00008345,113,2522,2635
WBGene00008346,41,216,257
WBGene00008348,201,563,764
WBGene00008352,16,253,269
WBGene00008353,5,296,301
WBGene00008354,8,52,60
WBGene00008355,14,95,109
WBGene00008356,14,20872,20886
WBGene00008357,6,6688,6694
WBGene00008358,75,14602,14677
WBGene00008359,54,11090,11144
WBGene00008360,5,6888,6893
WBGene00008361,38,499,537
WBGene00008362,127,801,928
WBGene00008363,22,394,416
WBGene00008364,17,561,578
WBGene00008365,15,34,49
WBGene00008366,1308,5146,6454
WBGene00008367,0,1,1
WBGene00008368,128,564,692
WBGene00008369,76,150,226
WBGene00008370,119,769,888
WBGene00008371,194,2025,2219
WBGene00008372,14,49,63
WBGene00008375,16,1089,1105
WBGene00008376,5,10,15
WBGene00008377,0,2,2
WBGene00008378,0,3,3
WBGene00008379,15,251,266
WBGene00008380,59,833,892
WBGene00008381,10,2,12
WBGene00008382,25,207,232
WBGene00008383,3,18,21
WBGene00008384,16,176,192
WBGene00008385,25,566,591
WBGene00008386,276,2660,2936
WBGene00008387,56,444,500
WBGene00008388,189,2202,2391
WBGene00008389,1431,24673,26104
WBGene00008390,32,165,197
WBGene00008392,776,4648,5424
WBGene00008393,0,3,3
WBGene00008394,2,1,3
WBGene00008395,407,4491,4898
WBGene00008396,0,404,404
WBGene00008397,0,0,0
WBGene00008398,1842,19087,20929
WBGene00008399,108,624,732
WBGene00008400,139,931,1070
WBGene00008401,33,34,67
WBGene00008402,65,1249,1314
WBGene00008403,77,528,605
WBGene00008404,33,978,1011
WBGene00008405,26,1044,1070
WBGene00008407,281,721,1002
WBGene00008408,32,751,783
WBGene00008409,33,674,707
WBGene00008410,43,703,746
WBGene00008411,188,786,974
WBGene00008412,276,2002,2278
WBGene00008413,52,876,928
WBGene00008414,396,10995,11391
WBGene00008415,241,8445,8686
WBGene00008417,44,461,505
WBGene00008418,34,261,295
WBGene00008419,996,4954,5950
WBGene00008420,178,1922,2100
WBGene00008421,291,1538,1829
WBGene00008422,46,835,881
WBGene00008423,3,263,266
WBGene00008424,12,168,180
WBGene00008425,11,116,127
WBGene00008426,103,216,319
WBGene00008427,11,75,86
WBGene00008428,40,688,728
WBGene00008429,89,856,945
WBGene00008430,418,1610,2028
WBGene00008431,145,489,634
WBGene00008432,55,366,421
WBGene00008433,4,54,58
WBGene00008434,15,218,233
WBGene00008435,242,1322,1564
WBGene00008436,211,3837,4048
WBGene00008438,637,1762,2399
WBGene00008439,884,10422,11306
WBGene00008440,5,139,144
WBGene00008441,167,265,432
WBGene00008442,211,639,850
WBGene00008443,2780,1316,4096
WBGene00008444,1180,2039,3219
WBGene00008446,1188,9851,11039
WBGene00008447,38,705,743
WBGene00008448,2,15,17
WBGene00008449,5,41,46
WBGene00008450,33,1062,1095
WBGene00008451,7,29,36
WBGene00008452,206,3544,3750
WBGene00008453,250,2371,2621
WBGene00008454,30,1140,1170
WBGene00008455,373,4714,5087
WBGene00008456,2,207,209
WBGene00008457,40,210,250
WBGene00008458,62,569,631
WBGene00008459,58,522,580
WBGene00008460,55,45,100
WBGene00008462,13,132,145
WBGene00008463,8,41,49
WBGene00008464,2,1,3
WBGene00008468,15,73,88
WBGene00008470,0,1,1
WBGene00008471,1,0,1
WBGene00008472,10,3,13
WBGene00008473,2,0,2
WBGene00008474,0,1,1
WBGene00008475,6,10,16
WBGene00008476,62,233,295
WBGene00008477,0,885,885
WBGene00008478,2,1,3
WBGene00008479,0,0,0
WBGene00008480,129,3119,3248
WBGene00008481,37,117,154
WBGene00008482,4,12,16
WBGene00008483,2,3,5
WBGene00008484,14,1527,1541
WBGene00008485,2,15,17
WBGene00008486,17,569,586
WBGene00008488,19,146,165
WBGene00008489,21,31,52
WBGene00008490,46,436,482
WBGene00008491,103,113,216
WBGene00008492,17,319,336
WBGene00008493,0,2,2
WBGene00008494,2,5,7
WBGene00008495,41,824,865
WBGene00008496,6,8,14
WBGene00008497,2,0,2
WBGene00008498,14,64,78
WBGene00008499,54,500,554
WBGene00008500,38,43,81
WBGene00008502,113,901,1014
WBGene00008503,23,755,778
WBGene00008504,8,572,580
WBGene00008505,1613,81379,82992
WBGene00008506,27,3102,3129
WBGene00008507,1,3,4
WBGene00008508,2,16,18
WBGene00008509,1,140,141
WBGene00008510,365,3409,3774
WBGene00008511,14,32,46
WBGene00008512,8,6,14
WBGene00008513,106,888,994
WBGene00008514,206,3343,3549
WBGene00008515,69,309,378
WBGene00008516,11,118,129
WBGene00008517,22,108,130
WBGene00008518,43,58,101
WBGene00008519,161,784,945
WBGene00008520,51,21,72
WBGene00008521,272,3112,3384
WBGene00008522,5,1157,1162
WBGene00008523,1,0,1
WBGene00008524,13,4,17
WBGene00008526,2,6,8
WBGene00008527,7,4,11
WBGene00008528,114,928,1042
WBGene00008529,9,31,40
WBGene00008530,348,6111,6459
WBGene00008531,72,696,768
WBGene00008532,82,1394,1476
WBGene00008533,158,607,765
WBGene00008535,9,19,28
WBGene00008536,3,4,7
WBGene00008538,1088,10468,11556
WBGene00008539,2,3,5
WBGene00008540,6,4,10
WBGene00008541,0,5,5
WBGene00008542,16,111,127
WBGene00008543,21,156,177
WBGene00008545,15,22,37
WBGene00008546,62,353,415
WBGene00008547,64,389,453
WBGene00008548,70,513,583
WBGene00008549,644,5881,6525
WBGene00008550,4,11,15
WBGene00008551,4,18,22
WBGene00008552,0,0,0
WBGene00008553,1,61,62
WBGene00008554,66,1050,1116
WBGene00008555,1277,2042,3319
WBGene00008556,9,14,23
WBGene00008557,68,145,213
WBGene00008558,8,66,74
WBGene00008559,3,16,19
WBGene00008560,2,2,4
WBGene00008561,10,81,91
WBGene00008563,1,527,528
WBGene00008564,51,329,380
WBGene00008565,34,30,64
WBGene00008566,4,3,7
WBGene00008567,1,21,22
WBGene00008568,17,43,60
WBGene00008569,19,422,441
WBGene00008570,622,939,1561
WBGene00008571,115,258,373
WBGene00008572,2673,61190,63863
WBGene00008574,8,8,16
WBGene00008575,2,7,9
WBGene00008576,0,2714,2714
WBGene00008577,0,2532,2532
WBGene00008578,52,225,277
WBGene00008579,138,282,420
WBGene00008580,15,136,151
WBGene00008581,2,17,19
WBGene00008582,130,2076,2206
WBGene00008583,168,207,375
WBGene00008584,2,18,20
WBGene00008585,31,272,303
WBGene00008586,115,1730,1845
WBGene00008587,16,245,261
WBGene00008588,21,145,166
WBGene00008589,140,570,710
WBGene00008590,0,21,21
WBGene00008591,47,4925,4972
WBGene00008592,3,411,414
WBGene00008593,0,2,2
WBGene00008594,7,34,41
WBGene00008595,10,18,28
WBGene00008596,8,44,52
WBGene00008597,14,47,61
WBGene00008598,6,6,12
WBGene00008599,9,80,89
WBGene00008600,663,104,767
WBGene00008601,3057,4429,7486
WBGene00008602,31,317,348
WBGene00008603,293,2549,2842
WBGene00008604,99,675,774
WBGene00008605,22,14,36
WBGene00008606,46,452,498
WBGene00008607,128,1018,1146
WBGene00008609,7,12,19
WBGene00008610,55,1130,1185
WBGene00008611,1,0,1
WBGene00008612,21,2,23
WBGene00008613,12,89,101
WBGene00008615,8,41,49
WBGene00008616,4,39,43
WBGene00008617,6,18,24
WBGene00008618,0,6,6
WBGene00008619,2,10,12
WBGene00008620,0,6,6
WBGene00008621,20,45,65
WBGene00008622,207,1856,2063
WBGene00008623,199,46,245
WBGene00008624,175,856,1031
WBGene00008625,29,225,254
WBGene00008626,44,656,700
WBGene00008627,4,2,6
WBGene00008628,149,11950,12099
WBGene00008629,8,74,82
WBGene00008630,1,22,23
WBGene00008631,3,1,4
WBGene00008632,0,11,11
WBGene00008633,0,10,10
WBGene00008634,0,28,28
WBGene00008636,1,6,7
WBGene00008637,0,1,1
WBGene00008638,1,1,2
WBGene00008639,20,152,172
WBGene00008640,1,10,11
WBGene00008641,14,214,228
WBGene00008642,7,769,776
WBGene00008643,5,90,95
WBGene00008644,33,54,87
WBGene00008645,15,684,699
WBGene00008646,30,332,362
WBGene00008647,5,13,18
WBGene00008648,149,1047,1196
WBGene00008649,11,4,15
WBGene00008650,3,5,8
WBGene00008651,4,5,9
WBGene00008652,24,72,96
WBGene00008654,57,68,125
WBGene00008655,9,29,38
WBGene00008656,12,156,168
WBGene00008659,4,4,8
WBGene00008660,0,10,10
WBGene00008661,7,5,12
WBGene00008662,42,225,267
WBGene00008663,16,439,455
WBGene00008664,21,2023,2044
WBGene00008665,4940,1277,6217
WBGene00008666,263,1368,1631
WBGene00008667,102,661,763
WBGene00008668,14,8,22
WBGene00008669,42,233,275
WBGene00008670,257,657,914
WBGene00008671,0,21,21
WBGene00008672,0,10,10
WBGene00008673,2,4,6
WBGene00008674,0,0,0
WBGene00008675,0,0,0
WBGene00008676,2,3,5
WBGene00008677,37,302,339
WBGene00008678,0,16,16
WBGene00008679,4,69,73
WBGene00008680,10,65,75
WBGene00008681,88,634,722
WBGene00008682,94,2806,2900
WBGene00008683,149,1263,1412
WBGene00008684,59,744,803
WBGene00008685,93,618,711
WBGene00008686,71,556,627
WBGene00008687,26,499,525
WBGene00008688,270,2674,2944
WBGene00008690,210,1113,1323
WBGene00008691,20,607,627
WBGene00008692,24,52,76
WBGene00008693,7,134,141
WBGene00008694,287,1664,1951
WBGene00008695,26,54,80
WBGene00008696,0,3,3
WBGene00008698,2,2,4
WBGene00008699,0,0,0
WBGene00008700,1,0,1
WBGene00008701,1,2,3
WBGene00008702,0,0,0
WBGene00008703,1,1,2
WBGene00008706,1563,5017,6580
WBGene00008707,45,3429,3474
WBGene00008708,3,9,12
WBGene00008709,16,75,91
WBGene00008710,13,562,575
WBGene00008711,123,229,352
WBGene00008712,18,240,258
WBGene00008713,26,105,131
WBGene00008714,41,107,148
WBGene00008716,2,1,3
WBGene00008717,2,0,2
WBGene00008719,6,16,22
WBGene00008720,47,1506,1553
WBGene00008722,20,585,605
WBGene00008724,2,5,7
WBGene00008725,0,1,1
WBGene00008726,112,739,851
WBGene00008727,7,20,27
WBGene00008728,5,26,31
WBGene00008729,214,4454,4668
WBGene00008730,14,46,60
WBGene00008731,52,59,111
WBGene00008732,8,7,15
WBGene00008733,82,832,914
WBGene00008734,1,5,6
WBGene00008735,350,754,1104
WBGene00008736,28,98,126
WBGene00008737,9,18,27
WBGene00008739,45,250,295
WBGene00008740,6,367,373
WBGene00008741,119,1151,1270
WBGene00008742,43,593,636
WBGene00008743,4,93,97
WBGene00008744,331,2644,2975
WBGene00008745,116,4344,4460
WBGene00008746,318,493,811
WBGene00008747,29,277,306
WBGene00008748,52,1766,1818
WBGene00008749,29,278,307
WBGene00008750,354,564,918
WBGene00008751,0,1,1
WBGene00008752,0,0,0
WBGene00008753,1,0,1
WBGene00008754,0,4,4
WBGene00008755,34,35,69
WBGene00008757,0,215,215
WBGene00008758,1,40,41
WBGene00008759,0,4,4
WBGene00008760,28,639,667
WBGene00008761,49,620,669
WBGene00008762,4,327,331
WBGene00008763,31,128,159
WBGene00008764,18,878,896
WBGene00008765,86,1489,1575
WBGene00008766,221,1886,2107
WBGene00008767,28,1111,1139
WBGene00008768,527,4341,4868
WBGene00008769,55,1403,1458
WBGene00008770,86,1385,1471
WBGene00008772,1,1,2
WBGene00008773,63,769,832
WBGene00008774,23,272,295
WBGene00008775,116,521,637
WBGene00008776,19,57,76
WBGene00008777,348,6148,6496
WBGene00008778,2,0,2
WBGene00008779,65,261,326
WBGene00008780,253,1097,1350
WBGene00008781,81,780,861
WBGene00008782,0,2,2
WBGene00008783,203,1042,1245
WBGene00008784,1,5,6
WBGene00008785,7,7,14
WBGene00008786,2,1,3
WBGene00008787,14,68,82
WBGene00008788,0,4,4
WBGene00008789,2,21,23
WBGene00008790,2,1,3
WBGene00008792,1,4,5
WBGene00008793,10,19,29
WBGene00008794,5,17,22
WBGene00008795,8,121,129
WBGene00008796,0,4,4
WBGene00008797,7,21,28
WBGene00008798,2,41,43
WBGene00008799,3,15,18
WBGene00008800,110,1849,1959
WBGene00008801,10,18,28
WBGene00008802,67,467,534
WBGene00008803,806,4089,4895
WBGene00008804,3,7,10
WBGene00008805,30,515,545
WBGene00008806,16,263,279
WBGene00008807,8,21,29
WBGene00008808,16,33,49
WBGene00008809,29,13,42
WBGene00008810,571,2160,2731
WBGene00008811,11,40,51
WBGene00008812,13,44,57
WBGene00008814,2,13,15
WBGene00008815,0,3,3
WBGene00008816,7,7,14
WBGene00008817,0,0,0
WBGene00008818,3,3,6
WBGene00008819,362,821,1183
WBGene00008820,42,3946,3988
WBGene00008821,5,7,12
WBGene00008822,4,3,7
WBGene00008823,0,4,4
WBGene00008824,3,1,4
WBGene00008825,0,5,5
WBGene00008826,2,8,10
WBGene00008828,1,0,1
WBGene00008829,3,1,4
WBGene00008830,2,60,62
WBGene00008831,32,183,215
WBGene00008832,284,2719,3003
WBGene00008833,4,472,476
WBGene00008834,7,966,973
WBGene00008835,11,341,352
WBGene00008837,8,9,17
WBGene00008838,13,50,63
WBGene00008839,2,13,15
WBGene00008840,12,391,403
WBGene00008841,6416,60720,67136
WBGene00008843,0,2,2
WBGene00008844,1,8,9
WBGene00008847,0,11,11
WBGene00008848,16,319,335
WBGene00008849,37,11,48
WBGene00008850,2,12,14
WBGene00008851,19,50,69
WBGene00008852,701,2382,3083
WBGene00008853,4,4,8
WBGene00008854,21,2,23
WBGene00008855,5,2,7
WBGene00008856,883,1926,2809
WBGene00008857,34,21391,21425
WBGene00008858,7,13,20
WBGene00008859,6,1856,1862
WBGene00008860,302,2355,2657
WBGene00008861,50,1478,1528
WBGene00008862,14,25,39
WBGene00008863,6,9,15
WBGene00008865,39,1095,1134
WBGene00008866,23,7,30
WBGene00008868,187,238,425
WBGene00008869,7,17,24
WBGene00008870,4,3,7
WBGene00008871,9,9,18
WBGene00008872,4,1,5
WBGene00008874,11,42,53
WBGene00008875,3,16,19
WBGene00008876,489,1544,2033
WBGene00008877,87,477,564
WBGene00008878,1951,3213,5164
WBGene00008879,83,239,322
WBGene00008880,65,393,458
WBGene00008881,1,1,2
WBGene00008882,115,920,1035
WBGene00008883,11,61,72
WBGene00008884,0,39,39
WBGene00008885,54,710,764
WBGene00008886,995,3670,4665
WBGene00008887,62,735,797
WBGene00008889,4,4,8
WBGene00008890,72,147,219
WBGene00008891,2,47,49
WBGene00008892,9,7,16
WBGene00008893,2,0,2
WBGene00008894,16,16,32
WBGene00008897,151,1293,1444
WBGene00008898,1,0,1
WBGene00008899,9,3,12
WBGene00008900,21,179,200
WBGene00008901,961,18,979
WBGene00008902,20,87,107
WBGene00008903,17,19,36
WBGene00008904,0,18,18
WBGene00008905,28,202,230
WBGene00008906,1,5,6
WBGene00008907,0,2,2
WBGene00008908,1,2,3
WBGene00008909,0,3,3
WBGene00008910,277,4861,5138
WBGene00008911,0,1,1
WBGene00008912,4,106,110
WBGene00008914,97,4747,4844
WBGene00008915,487,26007,26494
WBGene00008916,156,106,262
WBGene00008917,21,56,77
WBGene00008918,3,341,344
WBGene00008919,337,3690,4027
WBGene00008920,13331,119376,132707
WBGene00008921,94,686,780
WBGene00008922,256,5207,5463
WBGene00008923,107,267,374
WBGene00008924,95,406,501
WBGene00008925,201,2403,2604
WBGene00008926,640,7242,7882
WBGene00008927,265,1072,1337
WBGene00008928,3,3,6
WBGene00008929,29,99,128
WBGene00008930,331,2958,3289
WBGene00008932,192,513,705
WBGene00008934,218,1370,1588
WBGene00008935,42,102,144
WBGene00008936,6,35,41
WBGene00008937,4,15,19
WBGene00008939,333,2037,2370
WBGene00008940,111,706,817
WBGene00008944,10,60,70
WBGene00008945,0,29,29
WBGene00008946,8,9,17
WBGene00008947,3,0,3
WBGene00008948,184,2799,2983
WBGene00008949,5,46,51
WBGene00008950,1,7,8
WBGene00008951,202,1288,1490
WBGene00008952,67,317,384
WBGene00008953,130,528,658
WBGene00008954,5,40,45
WBGene00008955,18,26,44
WBGene00008956,35,147,182
WBGene00008957,34,359,393
WBGene00008958,1,1,2
WBGene00008959,2,0,2
WBGene00008960,0,0,0
WBGene00008961,17,652,669
WBGene00008963,15,390,405
WBGene00008964,67,112,179
WBGene00008965,9,9,18
WBGene00008967,0,3,3
WBGene00008968,10,116,126
WBGene00008969,120,419,539
WBGene00008970,47,546,593
WBGene00008971,100,2712,2812
WBGene00008972,2,1,3
WBGene00008973,40,1498,1538
WBGene00008974,198,1340,1538
WBGene00008975,46,2117,2163
WBGene00008976,2,124,126
WBGene00008977,19,80,99
WBGene00008978,19,210,229
WBGene00008979,40,783,823
WBGene00008980,145,2670,2815
WBGene00008981,0,0,0
WBGene00008982,0,1,1
WBGene00008983,3,1,4
WBGene00008984,3,2,5
WBGene00008985,21,102,123
WBGene00008986,101,629,730
WBGene00008987,28,254,282
WBGene00008988,16,50,66
WBGene00008989,34,259,293
WBGene00008990,82,1281,1363
WBGene00008991,70,41,111
WBGene00008992,0,46,46
WBGene00008993,68,338,406
WBGene00008994,7,42,49
WBGene00008995,103,237,340
WBGene00008996,33,151,184
WBGene00008997,85,147,232
WBGene00008998,88,418,506
WBGene00008999,1255,4394,5649
WBGene00009000,31,93,124
WBGene00009001,4,6,10
WBGene00009002,77,951,1028
WBGene00009004,450,10809,11259
WBGene00009005,36,15,51
WBGene00009006,13,285,298
WBGene00009007,28,634,662
WBGene00009008,33,223,256
WBGene00009009,7,225,232
WBGene00009010,59,960,1019
WBGene00009011,30,866,896
WBGene00009012,85,1762,1847
WBGene00009013,80,1690,1770
WBGene00009014,2,21,23
WBGene00009015,13,26,39
WBGene00009016,9,1,10
WBGene00009017,0,0,0
WBGene00009018,27,192,219
WBGene00009021,0,0,0
WBGene00009022,11,24,35
WBGene00009023,38,229,267
WBGene00009024,6,1,7
WBGene00009025,64,459,523
WBGene00009026,5,95,100
WBGene00009027,83,404,487
WBGene00009028,48,286,334
WBGene00009029,0,19,19
WBGene00009030,33,242,275
WBGene00009031,1,31,32
WBGene00009032,0,3,3
WBGene00009033,71,755,826
WBGene00009035,11,141,152
WBGene00009036,0,1,1
WBGene00009038,55,0,55
WBGene00009039,3,12,15
WBGene00009041,0,5,5
WBGene00009042,4,270,274
WBGene00009043,1,2,3
WBGene00009044,6,7,13
WBGene00009045,15,866,881
WBGene00009046,0,0,0
WBGene00009048,29,842,871
WBGene00009049,144,2221,2365
WBGene00009050,876,23994,24870
WBGene00009051,227,3435,3662
WBGene00009052,79,2294,2373
WBGene00009054,108,759,867
WBGene00009056,159,1383,1542
WBGene00009057,126,340,466
WBGene00009058,130,3066,3196
WBGene00009059,32,219,251
WBGene00009060,139,303,442
WBGene00009061,1,12,13
WBGene00009063,0,1,1
WBGene00009064,53,326,379
WBGene00009065,351,1200,1551
WBGene00009067,0,30,30
WBGene00009068,46,372,418
WBGene00009069,0,718,718
WBGene00009070,2643,38,2681
WBGene00009073,14,13,27
WBGene00009075,10,25,35
WBGene00009077,2,12,14
WBGene00009078,460,1927,2387
WBGene00009079,0,0,0
WBGene00009081,135,1753,1888
WBGene00009082,62,2601,2663
WBGene00009084,58,1871,1929
WBGene00009085,9,13,22
WBGene00009086,3,11,14
WBGene00009087,6,152,158
WBGene00009088,0,1,1
WBGene00009089,17,128,145
WBGene00009090,14,385,399
WBGene00009091,213,5361,5574
WBGene00009092,52,2504,2556
WBGene00009093,96,676,772
WBGene00009094,28,147,175
WBGene00009095,42,209,251
WBGene00009096,63,6393,6456
WBGene00009097,87,10148,10235
WBGene00009098,700,2132,2832
WBGene00009099,7,11,18
WBGene00009100,87,482,569
WBGene00009101,16,146,162
WBGene00009102,17,350,367
WBGene00009103,160,3879,4039
WBGene00009106,133,2047,2180
WBGene00009107,84,134,218
WBGene00009108,13,17,30
WBGene00009109,88,243,331
WBGene00009110,8,254,262
WBGene00009112,36,1457,1493
WBGene00009113,1,41,42
WBGene00009114,7,6,13
WBGene00009115,18,19,37
WBGene00009116,92,1122,1214
WBGene00009117,12,5,17
WBGene00009118,41,904,945
WBGene00009119,532,100523,101055
WBGene00009120,199,1716,1915
WBGene00009121,18,514,532
WBGene00009122,287,64529,64816
WBGene00009123,33,170,203
WBGene00009124,47,365,412
WBGene00009125,23,87,110
WBGene00009126,471,6686,7157
WBGene00009127,160,1541,1701
WBGene00009128,0,521,521
WBGene00009129,4,17,21
WBGene00009130,11,1057,1068
WBGene00009131,84,680,764
WBGene00009132,24,1036,1060
WBGene00009133,15,130,145
WBGene00009134,5,11,16
WBGene00009135,9,164,173
WBGene00009136,11,16,27
WBGene00009137,31,498,529
WBGene00009138,9,509,518
WBGene00009139,171,2948,3119
WBGene00009140,343,3069,3412
WBGene00009141,610,3511,4121
WBGene00009142,160,13142,13302
WBGene00009143,13,54,67
WBGene00009144,2,14,16
WBGene00009145,169,738,907
WBGene00009146,8,66,74
WBGene00009147,10,3,13
WBGene00009148,2,3,5
WBGene00009149,4,4,8
WBGene00009150,2,0,2
WBGene00009151,0,1,1
WBGene00009152,0,2,2
WBGene00009153,5,70,75
WBGene00009154,1,2,3
WBGene00009155,8,35,43
WBGene00009156,4,49,53
WBGene00009157,87,309,396
WBGene00009158,183,605,788
WBGene00009159,79,1538,1617
WBGene00009160,9,0,9
WBGene00009161,1094,35478,36572
WBGene00009162,152,200,352
WBGene00009163,51,273,324
WBGene00009164,94,3195,3289
WBGene00009165,18,592,610
WBGene00009166,10,43,53
WBGene00009167,0,0,0
WBGene00009168,6,33,39
WBGene00009169,6,4,10
WBGene00009170,1,24,25
WBGene00009171,7,6,13
WBGene00009172,331,792,1123
WBGene00009173,19,138,157
WBGene00009174,242,1596,1838
WBGene00009176,25,948,973
WBGene00009177,32,443,475
WBGene00009178,18,21,39
WBGene00009179,147,984,1131
WBGene00009180,2206,31621,33827
WBGene00009182,34,116,150
WBGene00009183,15,105,120
WBGene00009184,4,47,51
WBGene00009185,1,2,3
WBGene00009186,4,60,64
WBGene00009187,288,1827,2115
WBGene00009188,66,1776,1842
WBGene00009189,262,2637,2899
WBGene00009190,165,530,695
WBGene00009191,7,705,712
WBGene00009192,129,395,524
WBGene00009193,12,8,20
WBGene00009194,53,40,93
WBGene00009195,0,0,0
WBGene00009196,3,2,5
WBGene00009197,1,3,4
WBGene00009198,0,0,0
WBGene00009199,0,3,3
WBGene00009200,150,1331,1481
WBGene00009201,87,1257,1344
WBGene00009202,1,38,39
WBGene00009203,6,159,165
WBGene00009204,64,164,228
WBGene00009205,14,183,197
WBGene00009207,16,526,542
WBGene00009208,26,69,95
WBGene00009209,1,4,5
WBGene00009211,28,1517,1545
WBGene00009212,0,28,28
WBGene00009213,0,36,36
WBGene00009214,0,7,7
WBGene00009215,0,11,11
WBGene00009216,0,497,497
WBGene00009217,17,32,49
WBGene00009218,60,379,439
WBGene00009219,157,2180,2337
WBGene00009220,370,119,489
WBGene00009221,316,10904,11220
WBGene00009222,0,688,688
WBGene00009223,49,571,620
WBGene00009224,88,91,179
WBGene00009225,57,160,217
WBGene00009226,16,725,741
WBGene00009227,17,156,173
WBGene00009228,4,8,12
WBGene00009229,5,16,21
WBGene00009231,54,181,235
WBGene00009232,4,17,21
WBGene00009233,77,478,555
WBGene00009234,104,418,522
WBGene00009235,3,6,9
WBGene00009236,6,193,199
WBGene00009237,2,186,188
WBGene00009238,1,8,9
WBGene00009239,29,204,233
WBGene00009240,32,57,89
WBGene00009241,29,562,591
WBGene00009242,16,55,71
WBGene00009243,31,1433,1464
WBGene00009245,145,715,860
WBGene00009246,86,3654,3740
WBGene00009247,4,27,31
WBGene00009248,0,121,121
WBGene00009250,7,54,61
WBGene00009251,3,4,7
WBGene00009252,4,10,14
WBGene00009254,85,1473,1558
WBGene00009255,18,17,35
WBGene00009256,113,1064,1177
WBGene00009257,33,109,142
WBGene00009258,155,1109,1264
WBGene00009259,81,1204,1285
WBGene00009260,76,1129,1205
WBGene00009261,0,4,4
WBGene00009262,73,1400,1473
WBGene00009263,17,51,68
WBGene00009264,196,1720,1916
WBGene00009266,470,18455,18925
WBGene00009267,44,1527,1571
WBGene00009268,4,22,26
WBGene00009269,1,0,1
WBGene00009270,14,352,366
WBGene00009271,181,371,552
WBGene00009272,9,346,355
WBGene00009274,37,428,465
WBGene00009276,32,518,550
WBGene00009277,248,494,742
WBGene00009278,17,39,56
WBGene00009279,4,1,5
WBGene00009280,2,325,327
WBGene00009281,2,4,6
WBGene00009283,11,110,121
WBGene00009284,129,661,790
WBGene00009285,88,1363,1451
WBGene00009286,82,339,421
WBGene00009287,61,510,571
WBGene00009288,165,359,524
WBGene00009289,42,2416,2458
WBGene00009290,69,1091,1160
WBGene00009291,374,4164,4538
WBGene00009292,21,70,91
WBGene00009293,5,56,61
WBGene00009294,450,6800,7250
WBGene00009296,6,98,104
WBGene00009297,0,8,8
WBGene00009298,0,1,1
WBGene00009299,24,148,172
WBGene00009300,0,0,0
WBGene00009301,1,0,1
WBGene00009302,0,0,0
WBGene00009303,6,0,6
WBGene00009304,617,1155,1772
WBGene00009305,102,921,1023
WBGene00009306,28,1715,1743
WBGene00009307,64,4203,4267
WBGene00009308,4,24,28
WBGene00009311,23,25,48
WBGene00009312,816,31,847
WBGene00009313,1,4,5
WBGene00009314,370,808,1178
WBGene00009315,189,616,805
WBGene00009316,5,31,36
WBGene00009318,1,1,2
WBGene00009319,52,1269,1321
WBGene00009320,218,839,1057
WBGene00009321,1,1,2
WBGene00009322,76,1167,1243
WBGene00009323,31,391,422
WBGene00009324,9,16,25
WBGene00009325,221,1022,1243
WBGene00009326,6,26,32
WBGene00009327,1,5,6
WBGene00009328,0,15,15
WBGene00009329,47,437,484
WBGene00009330,19,645,664
WBGene00009331,6,110,116
WBGene00009332,8,94,102
WBGene00009333,60,1778,1838
WBGene00009334,121,511,632
WBGene00009335,1,175,176
WBGene00009336,41,772,813
WBGene00009337,584,2564,3148
WBGene00009338,6,7,13
WBGene00009339,12,149,161
WBGene00009340,318,3470,3788
WBGene00009341,23,469,492
WBGene00009342,133,1185,1318
WBGene00009343,29,534,563
WBGene00009344,0,0,0
WBGene00009345,18,1,19
WBGene00009346,44,281,325
WBGene00009347,99,527,626
WBGene00009349,1,2404,2405
WBGene00009350,23,113,136
WBGene00009352,39,768,807
WBGene00009353,75,4262,4337
WBGene00009354,144,391,535
WBGene00009355,15,182,197
WBGene00009356,13,8,21
WBGene00009357,14,27,41
WBGene00009358,194,2217,2411
WBGene00009359,3,11,14
WBGene00009360,9,12,21
WBGene00009361,44,249,293
WBGene00009362,1,10,11
WBGene00009363,0,3,3
WBGene00009364,20,905,925
WBGene00009365,96,956,1052
WBGene00009366,63,326,389
WBGene00009367,67,1335,1402
WBGene00009368,66,826,892
WBGene00009369,73,550,623
WBGene00009370,62,141,203
WBGene00009371,8,16,24
WBGene00009372,204,1223,1427
WBGene00009373,63,676,739
WBGene00009374,192,2980,3172
WBGene00009375,143,695,838
WBGene00009377,1,4,5
WBGene00009378,3,4,7
WBGene00009379,4,452,456
WBGene00009380,100,2125,2225
WBGene00009381,5,19,24
WBGene00009382,12,8,20
WBGene00009383,557,5992,6549
WBGene00009384,1,130,131
WBGene00009385,28,1126,1154
WBGene00009386,5,342,347
WBGene00009387,53,219,272
WBGene00009388,355,5456,5811
WBGene00009389,215,1121,1336
WBGene00009390,33,79,112
WBGene00009391,1,0,1
WBGene00009392,0,2,2
WBGene00009393,17,189,206
WBGene00009394,193,3313,3506
WBGene00009395,2,2,4
WBGene00009396,63,725,788
WBGene00009397,18,88,106
WBGene00009398,0,59,59
WBGene00009399,37,222,259
WBGene00009400,16,23,39
WBGene00009401,1,29,30
WBGene00009402,2,4,6
WBGene00009403,14,187,201
WBGene00009404,6,341,347
WBGene00009405,56,1115,1171
WBGene00009406,78,708,786
WBGene00009408,261,2978,3239
WBGene00009409,3,258,261
WBGene00009410,0,1,1
WBGene00009412,1,2,3
WBGene00009413,9,8,17
WBGene00009415,0,3,3
WBGene00009416,6,61,67
WBGene00009417,1,0,1
WBGene00009418,0,9,9
WBGene00009419,0,0,0
WBGene00009420,0,0,0
WBGene00009421,0,1,1
WBGene00009422,0,1,1
WBGene00009423,0,6885,6885
WBGene00009424,20,58,78
WBGene00009426,4,0,4
WBGene00009427,4,21,25
WBGene00009429,0,6,6
WBGene00009430,52,447,499
WBGene00009431,4,22,26
WBGene00009432,14,232,246
WBGene00009433,110,562,672
WBGene00009434,89,1081,1170
WBGene00009435,182,1184,1366
WBGene00009436,14,2873,2887
WBGene00009437,14,43,57
WBGene00009438,5,4,9
WBGene00009439,321,1914,2235
WBGene00009440,156,4229,4385
WBGene00009441,36,462,498
WBGene00009442,28,205,233
WBGene00009443,33,597,630
WBGene00009444,28,655,683
WBGene00009445,23,1248,1271
WBGene00009446,9,83,92
WBGene00009447,50,760,810
WBGene00009448,44,1063,1107
WBGene00009449,10,39,49
WBGene00009450,19,708,727
WBGene00009451,145,1948,2093
WBGene00009452,393,2560,2953
WBGene00009453,88,554,642
WBGene00009454,3704,46007,49711
WBGene00009455,245,2390,2635
WBGene00009456,113,841,954
WBGene00009457,11,153,164
WBGene00009458,1,3,4
WBGene00009459,8,49,57
WBGene00009460,266,3322,3588
WBGene00009461,137,333,470
WBGene00009462,286,269,555
WBGene00009463,0,0,0
WBGene00009464,910,542,1452
WBGene00009465,12,13,25
WBGene00009466,120,1031,1151
WBGene00009467,2,3,5
WBGene00009468,26,104,130
WBGene00009469,39,304,343
WBGene00009470,0,1,1
WBGene00009471,6,17,23
WBGene00009473,0,2,2
WBGene00009475,666,6689,7355
WBGene00009476,460,5775,6235
WBGene00009477,1471,6129,7600
WBGene00009478,93,1644,1737
WBGene00009479,89,1205,1294
WBGene00009480,11,52,63
WBGene00009481,5,321,326
WBGene00009482,54,292,346
WBGene00009483,2,76,78
WBGene00009484,142,377,519
WBGene00009485,10,59,69
WBGene00009486,44,383,427
WBGene00009487,1,16,17
WBGene00009488,1,4,5
WBGene00009489,0,15,15
WBGene00009490,8,43,51
WBGene00009491,9,4,13
WBGene00009492,0,7,7
WBGene00009493,2,98,100
WBGene00009494,1,16,17
WBGene00009495,30,16,46
WBGene00009496,6,30,36
WBGene00009497,0,0,0
WBGene00009498,529,1387,1916
WBGene00009499,292,1178,1470
WBGene00009500,41,791,832
WBGene00009501,14,7,21
WBGene00009502,3,5,8
WBGene00009503,303,4060,4363
WBGene00009504,6,111,117
WBGene00009505,13,786,799
WBGene00009507,127,698,825
WBGene00009508,129,1114,1243
WBGene00009509,5,112,117
WBGene00009510,3,5,8
WBGene00009511,67,61,128
WBGene00009512,11,521,532
WBGene00009513,9,7,16
WBGene00009514,715,6582,7297
WBGene00009515,31,9,40
WBGene00009517,3,1,4
WBGene00009518,8,57,65
WBGene00009519,1,0,1
WBGene00009520,2,2,4
WBGene00009521,348,1357,1705
WBGene00009522,7,11,18
WBGene00009523,3,7,10
WBGene00009524,2,1,3
WBGene00009525,3,1,4
WBGene00009526,4,3,7
WBGene00009528,35,105,140
WBGene00009529,3,318,321
WBGene00009530,146,109,255
WBGene00009531,444,3915,4359
WBGene00009532,3013,9406,12419
WBGene00009533,31,459,490
WBGene00009534,215,3886,4101
WBGene00009535,57,71,128
WBGene00009536,64,204,268
WBGene00009537,0,22,22
WBGene00009538,1,0,1
WBGene00009539,0,0,0
WBGene00009540,5,13,18
WBGene00009541,52,31,83
WBGene00009542,38,870,908
WBGene00009543,22,136,158
WBGene00009544,406,959,1365
WBGene00009546,1,11,12
WBGene00009547,62,424,486
WBGene00009548,4,4,8
WBGene00009549,0,3,3
WBGene00009550,0,1,1
WBGene00009551,20,174,194
WBGene00009552,100,628,728
WBGene00009553,20,423,443
WBGene00009554,9,599,608
WBGene00009556,52,350,402
WBGene00009557,39,194,233
WBGene00009558,204,780,984
WBGene00009559,5,735,740
WBGene00009560,69,221,290
WBGene00009561,19,43,62
WBGene00009562,361,6529,6890
WBGene00009563,81,854,935
WBGene00009565,107,1079,1186
WBGene00009566,0,1,1
WBGene00009567,1,1,2
WBGene00009568,0,1,1
WBGene00009569,1,8,9
WBGene00009571,0,9,9
WBGene00009572,1,25,26
WBGene00009573,1,6,7
WBGene00009574,398,2397,2795
WBGene00009575,6,1698,1704
WBGene00009576,39,158,197
WBGene00009577,498,6136,6634
WBGene00009578,909,23882,24791
WBGene00009579,124,254,378
WBGene00009580,480,4479,4959
WBGene00009581,14,25,39
WBGene00009582,149,941,1090
WBGene00009583,132,2487,2619
WBGene00009584,3112,9677,12789
WBGene00009585,39,38,77
WBGene00009586,77,1362,1439
WBGene00009587,315,3132,3447
WBGene00009588,3502,1547,5049
WBGene00009589,1601,910,2511
WBGene00009592,3,2,5
WBGene00009593,12,4,16
WBGene00009594,1376,2889,4265
WBGene00009595,45,600,645
WBGene00009596,5,5,10
WBGene00009597,1,3,4
WBGene00009599,0,2,2
WBGene00009600,117,10613,10730
WBGene00009601,41,336,377
WBGene00009602,1,10,11
WBGene00009603,0,1,1
WBGene00009604,0,2,2
WBGene00009605,1,0,1
WBGene00009606,0,1,1
WBGene00009607,0,2,2
WBGene00009608,2,0,2
WBGene00009609,2,5,7
WBGene00009610,1,0,1
WBGene00009611,202,382,584
WBGene00009612,0,31,31
WBGene00009613,4,3,7
WBGene00009614,26,115,141
WBGene00009615,0,1,1
WBGene00009616,6,4,10
WBGene00009617,20,277,297
WBGene00009618,8,100,108
WBGene00009619,29,186,215
WBGene00009620,196,749,945
WBGene00009621,0,4153,4153
WBGene00009622,41,120,161
WBGene00009623,1811,939,2750
WBGene00009624,801,1807,2608
WBGene00009625,9,45,54
WBGene00009626,45,327,372
WBGene00009627,11,247,258
WBGene00009628,69,4331,4400
WBGene00009629,72,167,239
WBGene00009630,6,19,25
WBGene00009632,368,3048,3416
WBGene00009633,2,43,45
WBGene00009634,11,894,905
WBGene00009635,26,640,666
WBGene00009636,25,269,294
WBGene00009637,5,1813,1818
WBGene00009638,146,16405,16551
WBGene00009639,5,1475,1480
WBGene00009640,4,713,717
WBGene00009641,4,12,16
WBGene00009642,32,100,132
WBGene00009643,3,12,15
WBGene00009644,2,2,4
WBGene00009645,83,882,965
WBGene00009646,1,6,7
WBGene00009647,54,64,118
WBGene00009648,8,639,647
WBGene00009649,64,86,150
WBGene00009650,46,1168,1214
WBGene00009652,5,14,19
WBGene00009653,19,31,50
WBGene00009654,191,450,641
WBGene00009657,170,874,1044
WBGene00009658,0,7,7
WBGene00009659,0,0,0
WBGene00009660,1371,13595,14966
WBGene00009661,63,1726,1789
WBGene00009662,0,2,2
WBGene00009663,2,152,154
WBGene00009664,307,17934,18241
WBGene00009665,8,530,538
WBGene00009666,58,1552,1610
WBGene00009667,356,220,576
WBGene00009668,130,1383,1513
WBGene00009670,0,3,3
WBGene00009671,104,2788,2892
WBGene00009672,184,1689,1873
WBGene00009673,45,239,284
WBGene00009674,87,843,930
WBGene00009675,9,21,30
WBGene00009676,206,1458,1664
WBGene00009677,12,462,474
WBGene00009678,393,1169,1562
WBGene00009679,15,81,96
WBGene00009680,0,0,0
WBGene00009681,0,9,9
WBGene00009682,0,0,0
WBGene00009683,3,57,60
WBGene00009684,0,0,0
WBGene00009685,1,21,22
WBGene00009686,23,31,54
WBGene00009687,1,3,4
WBGene00009688,2291,20024,22315
WBGene00009689,5,7,12
WBGene00009690,13,3,16
WBGene00009691,0,1994,1994
WBGene00009692,0,2567,2567
WBGene00009695,4,3,7
WBGene00009696,18,81,99
WBGene00009698,1,15,16
WBGene00009700,136,1223,1359
WBGene00009701,1,247,248
WBGene00009702,20,391,411
WBGene00009704,0,0,0
WBGene00009705,1,1,2
WBGene00009706,4,80,84
WBGene00009707,1,5,6
WBGene00009708,4,1,5
WBGene00009709,55,72,127
WBGene00009710,2,6,8
WBGene00009711,686,5515,6201
WBGene00009712,10,4817,4827
WBGene00009713,109,502,611
WBGene00009714,1,67,68
WBGene00009715,69,1562,1631
WBGene00009716,28,124,152
WBGene00009717,249,1423,1672
WBGene00009720,4,5,9
WBGene00009721,39,85,124
WBGene00009722,12,1075,1087
WBGene00009723,55,4744,4799
WBGene00009724,56,7718,7774
WBGene00009725,2,7,9
WBGene00009726,66,176,242
WBGene00009727,36,171,207
WBGene00009728,2,42,44
WBGene00009729,44,205,249
WBGene00009730,383,2126,2509
WBGene00009731,56,625,681
WBGene00009732,144,1972,2116
WBGene00009733,8,324,332
WBGene00009734,51,827,878
WBGene00009735,20,136,156
WBGene00009736,176,890,1066
WBGene00009738,181,291,472
WBGene00009739,1443,6826,8269
WBGene00009740,450,11026,11476
WBGene00009741,52,352,404
WBGene00009742,127,249,376
WBGene00009743,64,309,373
WBGene00009744,68,342,410
WBGene00009745,12,314,326
WBGene00009746,1,1,2
WBGene00009747,0,0,0
WBGene00009748,0,1,1
WBGene00009749,1,2,3
WBGene00009750,0,104,104
WBGene00009751,0,7,7
WBGene00009753,3,5,8
WBGene00009754,1,9,10
WBGene00009755,2,2,4
WBGene00009756,2,1,3
WBGene00009758,2,0,2
WBGene00009759,0,0,0
WBGene00009760,2,13,15
WBGene00009761,0,0,0
WBGene00009762,0,0,0
WBGene00009763,3,2,5
WBGene00009765,0,0,0
WBGene00009766,7,0,7
WBGene00009767,0,1,1
WBGene00009768,13,47,60
WBGene00009769,40,995,1035
WBGene00009770,171,1837,2008
WBGene00009771,126,1414,1540
WBGene00009772,754,61827,62581
WBGene00009773,30,2181,2211
WBGene00009774,1,363,364
WBGene00009775,1,1,2
WBGene00009776,210,2995,3205
WBGene00009777,24,56,80
WBGene00009778,1,19,20
WBGene00009779,81,776,857
WBGene00009780,42,177,219
WBGene00009781,401,2373,2774
WBGene00009782,17,161,178
WBGene00009783,64,1808,1872
WBGene00009784,41,1182,1223
WBGene00009785,101,1320,1421
WBGene00009787,93,10403,10496
WBGene00009788,0,2,2
WBGene00009789,99,142,241
WBGene00009790,41,282,323
WBGene00009791,10,49,59
WBGene00009793,66,2869,2935
WBGene00009796,196,3358,3554
WBGene00009797,389,3235,3624
WBGene00009798,38,34,72
WBGene00009799,88,330,418
WBGene00009800,140,951,1091
WBGene00009801,118,1327,1445
WBGene00009802,2,8,10
WBGene00009803,504,6675,7179
WBGene00009804,305,5877,6182
WBGene00009805,6,307,313
WBGene00009806,4,15,19
WBGene00009807,25,175,200
WBGene00009808,1,65,66
WBGene00009809,383,4090,4473
WBGene00009810,2,93,95
WBGene00009811,18,319,337
WBGene00009812,53,2552,2605
WBGene00009813,792,10860,11652
WBGene00009814,3,84,87
WBGene00009815,0,10,10
WBGene00009816,5,4,9
WBGene00009817,1,6,7
WBGene00009818,49,208,257
WBGene00009819,213,464,677
WBGene00009820,18,318,336
WBGene00009822,10,5,15
WBGene00009823,31,182,213
WBGene00009824,3,137,140
WBGene00009825,68,316,384
WBGene00009826,6,62,68
WBGene00009827,9,16,25
WBGene00009829,54,2595,2649
WBGene00009830,3,43,46
WBGene00009831,27,626,653
WBGene00009833,1,6,7
WBGene00009834,1,3,4
WBGene00009835,46,153,199
WBGene00009836,88,25,113
WBGene00009839,16,18,34
WBGene00009840,18,112,130
WBGene00009841,2,2,4
WBGene00009842,33,324,357
WBGene00009843,60,525,585
WBGene00009844,23,69,92
WBGene00009848,466,2112,2578
WBGene00009849,13,13,26
WBGene00009850,259,1550,1809
WBGene00009851,36,2025,2061
WBGene00009852,6,81,87
WBGene00009853,3,12,15
WBGene00009854,0,3,3
WBGene00009855,0,0,0
WBGene00009856,1,3,4
WBGene00009857,1,3,4
WBGene00009858,0,1,1
WBGene00009859,3,0,3
WBGene00009860,1,2,3
WBGene00009861,0,8,8
WBGene00009862,1,25,26
WBGene00009863,2,2,4
WBGene00009865,39,295,334
WBGene00009866,0,0,0
WBGene00009867,23,32,55
WBGene00009868,0,1,1
WBGene00009869,0,0,0
WBGene00009871,1,1,2
WBGene00009872,1,2,3
WBGene00009873,2,1,3
WBGene00009874,6,13,19
WBGene00009875,7,3,10
WBGene00009876,38,278,316
WBGene00009877,33,278,311
WBGene00009878,20,1104,1124
WBGene00009879,24,126,150
WBGene00009880,268,2151,2419
WBGene00009881,149,4400,4549
WBGene00009882,78,7196,7274
WBGene00009883,7,34,41
WBGene00009884,5,7,12
WBGene00009885,14,76,90
WBGene00009886,120,995,1115
WBGene00009887,42,1027,1069
WBGene00009888,3762,33378,37140
WBGene00009889,36,1302,1338
WBGene00009890,8,23,31
WBGene00009891,3,4,7
WBGene00009892,1,3,4
WBGene00009893,1,1,2
WBGene00009894,0,2,2
WBGene00009895,103,1204,1307
WBGene00009896,188,3210,3398
WBGene00009897,7,13,20
WBGene00009898,2,4,6
WBGene00009899,92,553,645
WBGene00009900,5,57,62
WBGene00009901,49,462,511
WBGene00009902,7,24,31
WBGene00009903,12,117,129
WBGene00009904,12,65,77
WBGene00009905,4,2,6
WBGene00009906,1,1,2
WBGene00009907,1,0,1
WBGene00009908,14,37,51
WBGene00009909,0,0,0
WBGene00009912,3,6,9
WBGene00009913,2,0,2
WBGene00009914,3,12,15
WBGene00009915,18,3314,3332
WBGene00009916,54,216,270
WBGene00009917,231,1073,1304
WBGene00009918,37,2445,2482
WBGene00009919,173,1488,1661
WBGene00009920,1693,8159,9852
WBGene00009921,5,71,76
WBGene00009922,51,695,746
WBGene00009923,9,87,96
WBGene00009924,106,1074,1180
WBGene00009925,5,1574,1579
WBGene00009926,5,8,13
WBGene00009927,41,454,495
WBGene00009929,21,45,66
WBGene00009930,31,751,782
WBGene00009931,12,97,109
WBGene00009933,3,5,8
WBGene00009934,4,0,4
WBGene00009935,122,994,1116
WBGene00009937,65,469,534
WBGene00009938,3,0,3
WBGene00009939,94,894,988
WBGene00009940,149,2173,2322
WBGene00009941,0,1,1
WBGene00009942,4,5,9
WBGene00009943,39,149,188
WBGene00009944,30,713,743
WBGene00009945,369,4293,4662
WBGene00009946,18,219,237
WBGene00009947,154,1743,1897
WBGene00009948,4,207,211
WBGene00009949,20,329,349
WBGene00009950,2,6,8
WBGene00009951,23,96,119
WBGene00009952,151,2433,2584
WBGene00009953,78,529,607
WBGene00009954,0,0,0
WBGene00009955,4,1599,1603
WBGene00009956,8,5,13
WBGene00009957,370,6950,7320
WBGene00009958,122,795,917
WBGene00009959,0,15,15
WBGene00009960,0,0,0
WBGene00009961,0,10,10
WBGene00009962,27,15,42
WBGene00009963,40,66,106
WBGene00009964,14,82,96
WBGene00009965,21,152,173
WBGene00009966,36,1458,1494
WBGene00009967,4,31,35
WBGene00009968,91,787,878
WBGene00009969,55,422,477
WBGene00009971,12,35,47
WBGene00009973,1341,19795,21136
WBGene00009974,187,6804,6991
WBGene00009975,1564,2790,4354
WBGene00009976,140,960,1100
WBGene00009977,231,900,1131
WBGene00009978,5415,7953,13368
WBGene00009979,53,4,57
WBGene00009980,30,799,829
WBGene00009981,22,160,182
WBGene00009982,0,114,114
WBGene00009983,0,22,22
WBGene00009984,155,326,481
WBGene00009985,85,1464,1549
WBGene00009986,12,73,85
WBGene00009987,72,1274,1346
WBGene00009988,31,45,76
WBGene00009990,1,4,5
WBGene00009992,312,7709,8021
WBGene00009993,15,10288,10303
WBGene00009994,42,707,749
WBGene00009995,3166,20484,23650
WBGene00009996,321,8194,8515
WBGene00009997,0,9,9
WBGene00009998,11,6,17
WBGene00009999,13,6,19
WBGene00010000,3,20,23
WBGene00010001,57,6445,6502
WBGene00010002,99,558,657
WBGene00010003,52,254,306
WBGene00010004,22,43,65
WBGene00010005,16,13,29
WBGene00010006,4103,1493,5596
WBGene00010007,1,7,8
WBGene00010008,4,38,42
WBGene00010009,37,461,498
WBGene00010010,28,101,129
WBGene00010011,22,35,57
WBGene00010012,1326,7190,8516
WBGene00010013,162,2670,2832
WBGene00010014,3,13,16
WBGene00010015,11,713,724
WBGene00010016,0,2,2
WBGene00010017,0,0,0
WBGene00010018,128,1726,1854
WBGene00010019,233,1317,1550
WBGene00010020,0,1,1
WBGene00010021,0,1,1
WBGene00010022,1,2,3
WBGene00010023,1,19,20
WBGene00010025,5,10,15
WBGene00010026,0,0,0
WBGene00010027,5,20,25
WBGene00010028,49,1557,1606
WBGene00010030,0,46,46
WBGene00010031,1525,72,1597
WBGene00010032,9,35,44
WBGene00010033,10,140,150
WBGene00010034,9,5,14
WBGene00010035,9,53,62
WBGene00010036,5,153,158
WBGene00010037,369,8776,9145
WBGene00010038,143,1867,2010
WBGene00010039,217,1052,1269
WBGene00010040,56,1294,1350
WBGene00010041,0,1032,1032
WBGene00010042,13,185,198
WBGene00010043,67,605,672
WBGene00010044,229,2435,2664
WBGene00010045,492,2574,3066
WBGene00010046,2,21,23
WBGene00010047,50,736,786
WBGene00010048,51,534,585
WBGene00010049,515,3485,4000
WBGene00010050,24,119,143
WBGene00010051,40,678,718
WBGene00010052,94,3125,3219
WBGene00010053,2,293,295
WBGene00010054,240,3711,3951
WBGene00010055,62,980,1042
WBGene00010056,9,1757,1766
WBGene00010057,43,296,339
WBGene00010058,11,31,42
WBGene00010059,60,1174,1234
WBGene00010060,19,57,76
WBGene00010061,49,910,959
WBGene00010062,6,27,33
WBGene00010063,37,234,271
WBGene00010064,16,1097,1113
WBGene00010065,0,5,5
WBGene00010066,0,5,5
WBGene00010067,1,0,1
WBGene00010068,1,32,33
WBGene00010069,21,35,56
WBGene00010070,391,2126,2517
WBGene00010071,142,24,166
WBGene00010072,76,696,772
WBGene00010073,234,207,441
WBGene00010074,118,414,532
WBGene00010075,11,1329,1340
WBGene00010077,113,394,507
WBGene00010079,336,1679,2015
WBGene00010080,38,158,196
WBGene00010081,8,305,313
WBGene00010082,1,150,151
WBGene00010083,109,453,562
WBGene00010084,0,2,2
WBGene00010085,1,3,4
WBGene00010086,494,672,1166
WBGene00010087,0,1,1
WBGene00010088,4,16,20
WBGene00010089,80,624,704
WBGene00010091,0,0,0
WBGene00010093,6,431,437
WBGene00010094,29,1098,1127
WBGene00010096,210,1192,1402
WBGene00010097,79,1861,1940
WBGene00010098,0,2,2
WBGene00010099,0,0,0
WBGene00010100,1,0,1
WBGene00010101,0,4,4
WBGene00010102,0,2,2
WBGene00010103,18,0,18
WBGene00010104,0,0,0
WBGene00010105,0,3,3
WBGene00010106,1,19,20
WBGene00010107,4,0,4
WBGene00010108,0,1,1
WBGene00010109,33,1001,1034
WBGene00010110,67,1478,1545
WBGene00010111,126,512,638
WBGene00010113,343,1905,2248
WBGene00010114,4,3,7
WBGene00010115,118,1311,1429
WBGene00010116,32,206,238
WBGene00010117,123,1396,1519
WBGene00010118,6,14,20
WBGene00010119,4,20,24
WBGene00010120,12,3,15
WBGene00010121,7,2,9
WBGene00010122,3,19,22
WBGene00010123,1,11,12
WBGene00010124,2,3,5
WBGene00010125,12,108,120
WBGene00010126,4,1,5
WBGene00010127,0,0,0
WBGene00010128,2,41,43
WBGene00010129,0,0,0
WBGene00010130,81,5064,5145
WBGene00010131,35,817,852
WBGene00010132,151,625,776
WBGene00010133,0,13856,13856
WBGene00010134,26,75,101
WBGene00010135,7,2381,2388
WBGene00010136,36,72,108
WBGene00010137,214,342,556
WBGene00010138,42,79,121
WBGene00010139,120,1647,1767
WBGene00010140,27,279,306
WBGene00010141,201,1570,1771
WBGene00010142,80,66,146
WBGene00010143,24,117,141
WBGene00010144,16,75,91
WBGene00010145,13,3,16
WBGene00010146,415,1053,1468
WBGene00010147,2,1,3
WBGene00010148,19,138,157
WBGene00010149,0,0,0
WBGene00010150,299,833,1132
WBGene00010152,5,18,23
WBGene00010153,0,5,5
WBGene00010155,6,15,21
WBGene00010157,0,0,0
WBGene00010158,0,2,2
WBGene00010159,231,813,1044
WBGene00010160,172,292,464
WBGene00010161,237,467,704
WBGene00010162,0,0,0
WBGene00010163,12,11,23
WBGene00010164,0,1,1
WBGene00010165,2,1,3
WBGene00010166,0,1,1
WBGene00010167,4,1,5
WBGene00010168,3,3,6
WBGene00010169,1,0,1
WBGene00010170,1,1,2
WBGene00010171,0,3,3
WBGene00010172,1,0,1
WBGene00010173,3,15,18
WBGene00010174,12938,190281,203219
WBGene00010175,207,1219,1426
WBGene00010176,8,60,68
WBGene00010177,653,5662,6315
WBGene00010178,111,1032,1143
WBGene00010179,31,245,276
WBGene00010180,1,2,3
WBGene00010181,1,1,2
WBGene00010182,2,11,13
WBGene00010183,1,20,21
WBGene00010184,12,51,63
WBGene00010185,4,66,70
WBGene00010186,8,48,56
WBGene00010187,2,25,27
WBGene00010188,12,264,276
WBGene00010189,14,51,65
WBGene00010191,51,1696,1747
WBGene00010192,18,375,393
WBGene00010193,5,549,554
WBGene00010194,1,176,177
WBGene00010195,18,261,279
WBGene00010196,1,10,11
WBGene00010197,33,857,890
WBGene00010198,87,469,556
WBGene00010199,155,2608,2763
WBGene00010200,117,257,374
WBGene00010202,6,214,220
WBGene00010203,3,20,23
WBGene00010204,7,1051,1058
WBGene00010205,9,95,104
WBGene00010206,0,0,0
WBGene00010212,276,48,324
WBGene00010214,28,83,111
WBGene00010215,24,60,84
WBGene00010216,2,32,34
WBGene00010217,3,5,8
WBGene00010218,0,7,7
WBGene00010219,0,0,0
WBGene00010220,4,8,12
WBGene00010221,105,4545,4650
WBGene00010222,22,86,108
WBGene00010223,41,67,108
WBGene00010224,71,312,383
WBGene00010225,30,463,493
WBGene00010226,1,6,7
WBGene00010227,70,671,741
WBGene00010228,19,7,26
WBGene00010229,120,692,812
WBGene00010230,73,2173,2246
WBGene00010231,179,2453,2632
WBGene00010232,230,7648,7878
WBGene00010233,35,432,467
WBGene00010234,0,428,428
WBGene00010235,46,572,618
WBGene00010236,119,3127,3246
WBGene00010237,3,63,66
WBGene00010238,29,366,395
WBGene00010239,34,1136,1170
WBGene00010241,8,68,76
WBGene00010242,97,445,542
WBGene00010243,25,77,102
WBGene00010244,719,32458,33177
WBGene00010245,1,3,4
WBGene00010246,1,3,4
WBGene00010247,2,1,3
WBGene00010248,67,6269,6336
WBGene00010249,28,12,40
WBGene00010250,67,130,197
WBGene00010251,744,2593,3337
WBGene00010253,0,0,0
WBGene00010254,0,6,6
WBGene00010255,0,2,2
WBGene00010256,1,1,2
WBGene00010257,0,7,7
WBGene00010258,32,219,251
WBGene00010259,938,1474,2412
WBGene00010260,282,25472,25754
WBGene00010261,2,1,3
WBGene00010262,204,4311,4515
WBGene00010263,8,69,77
WBGene00010264,59,358,417
WBGene00010265,2,1,3
WBGene00010266,33,499,532
WBGene00010267,2,12,14
WBGene00010268,30,70,100
WBGene00010269,38,389,427
WBGene00010270,2,2,4
WBGene00010272,192,1553,1745
WBGene00010273,7,7,14
WBGene00010274,1,1,2
WBGene00010275,96,151,247
WBGene00010277,1,9,10
WBGene00010278,1,72,73
WBGene00010279,71,1890,1961
WBGene00010280,87,1579,1666
WBGene00010281,14,416,430
WBGene00010282,21,24,45
WBGene00010283,47,333,380
WBGene00010284,137,2301,2438
WBGene00010285,5,54,59
WBGene00010286,55,1129,1184
WBGene00010288,57,548,605
WBGene00010289,1,9,10
WBGene00010290,92,3724,3816
WBGene00010291,299,1660,1959
WBGene00010292,0,1,1
WBGene00010293,38,651,689
WBGene00010296,0,219,219
WBGene00010297,12,46,58
WBGene00010298,2,6,8
WBGene00010299,4,1,5
WBGene00010300,1,2,3
WBGene00010301,0,0,0
WBGene00010302,310,636,946
WBGene00010303,35,2609,2644
WBGene00010304,73,399,472
WBGene00010305,117,1507,1624
WBGene00010306,351,1120,1471
WBGene00010307,2,265,267
WBGene00010308,112,508,620
WBGene00010309,143,740,883
WBGene00010310,30,239,269
WBGene00010311,8,164,172
WBGene00010314,1,5,6
WBGene00010315,167,778,945
WBGene00010316,186,354,540
WBGene00010317,104,1798,1902
WBGene00010318,40,357,397
WBGene00010319,22,82,104
WBGene00010320,384,1801,2185
WBGene00010321,60,675,735
WBGene00010322,46,19,65
WBGene00010323,1,6,7
WBGene00010324,1,0,1
WBGene00010325,17,958,975
WBGene00010326,1861,13610,15471
WBGene00010327,107,209,316
WBGene00010328,45,457,502
WBGene00010329,63,349,412
WBGene00010330,360931,11,360942
WBGene00010331,31,99,130
WBGene00010332,17,236,253
WBGene00010333,309,4871,5180
WBGene00010334,52,311,363
WBGene00010335,150,564,714
WBGene00010336,25,254,279
WBGene00010337,1455,9915,11370
WBGene00010338,94,378,472
WBGene00010339,27,695,722
WBGene00010340,37,136,173
WBGene00010341,32,122,154
WBGene00010342,30,55,85
WBGene00010343,3,14,17
WBGene00010344,27,162,189
WBGene00010345,24,14,38
WBGene00010348,7,328,335
WBGene00010349,44,186,230
WBGene00010350,478,1171,1649
WBGene00010351,3,140,143
WBGene00010352,19,8,27
WBGene00010353,2,107,109
WBGene00010354,287,220,507
WBGene00010355,0,1,1
WBGene00010356,71,734,805
WBGene00010357,189,1442,1631
WBGene00010358,2,4,6
WBGene00010359,3,0,3
WBGene00010360,5,2,7
WBGene00010361,9,10,19
WBGene00010362,1,146,147
WBGene00010363,34,211,245
WBGene00010364,4,130,134
WBGene00010365,18,31,49
WBGene00010366,6,3,9
WBGene00010367,65,428,493
WBGene00010368,5,38,43
WBGene00010369,131,2262,2393
WBGene00010370,509,3372,3881
WBGene00010372,29,42,71
WBGene00010373,2,9,11
WBGene00010374,346,981,1327
WBGene00010375,23,460,483
WBGene00010377,0,0,0
WBGene00010378,0,1,1
WBGene00010379,0,0,0
WBGene00010380,2,13,15
WBGene00010381,1,0,1
WBGene00010382,0,51,51
WBGene00010383,75,407,482
WBGene00010385,277,492,769
WBGene00010386,96,138,234
WBGene00010387,2,25,27
WBGene00010388,4,5,9
WBGene00010389,24,0,24
WBGene00010391,5,16,21
WBGene00010392,4,4,8
WBGene00010394,9,6,15
WBGene00010395,0,0,0
WBGene00010396,13,48,61
WBGene00010397,19,666,685
WBGene00010399,0,0,0
WBGene00010401,32,57,89
WBGene00010403,5,3,8
WBGene00010404,2,1,3
WBGene00010405,55,1057,1112
WBGene00010406,61,2617,2678
WBGene00010407,104,1894,1998
WBGene00010408,147,2730,2877
WBGene00010409,69,553,622
WBGene00010410,0,0,0
WBGene00010411,6,0,6
WBGene00010412,0,2,2
WBGene00010413,0,1,1
WBGene00010414,4,5,9
WBGene00010415,5,10,15
WBGene00010416,287,1339,1626
WBGene00010417,0,0,0
WBGene00010418,34,590,624
WBGene00010419,1628,41683,43311
WBGene00010420,98,553,651
WBGene00010421,40,157,197
WBGene00010422,22,229,251
WBGene00010423,30,41,71
WBGene00010424,4,38,42
WBGene00010425,487,22623,23110
WBGene00010426,8,40,48
WBGene00010427,1358,2093,3451
WBGene00010428,156,1401,1557
WBGene00010429,6,5,11
WBGene00010432,58,1253,1311
WBGene00010433,50,568,618
WBGene00010434,43,37,80
WBGene00010435,257,4372,4629
WBGene00010436,0,219,219
WBGene00010437,112,170,282
WBGene00010439,41,419,460
WBGene00010440,1754,25550,27304
WBGene00010442,45,220,265
WBGene00010444,817,1756,2573
WBGene00010446,2,17,19
WBGene00010447,42,47,89
WBGene00010448,68,173,241
WBGene00010449,75,384,459
WBGene00010450,218,2788,3006
WBGene00010451,50,5,55
WBGene00010453,38,185,223
WBGene00010454,24,102,126
WBGene00010455,15,39,54
WBGene00010456,83,1093,1176
WBGene00010457,4,64,68
WBGene00010458,16,636,652
WBGene00010459,2,429,431
WBGene00010460,9,22,31
WBGene00010461,0,5,5
WBGene00010464,0,2,2
WBGene00010465,74,888,962
WBGene00010466,5,10,15
WBGene00010467,1,2,3
WBGene00010468,0,20,20
WBGene00010469,1,20,21
WBGene00010470,129,708,837
WBGene00010471,226,2209,2435
WBGene00010472,1,49,50
WBGene00010473,22,97,119
WBGene00010474,0,0,0
WBGene00010475,316,453,769
WBGene00010476,39,1182,1221
WBGene00010477,2,87,89
WBGene00010478,44,4622,4666
WBGene00010479,185,1313,1498
WBGene00010480,1261,11653,12914
WBGene00010481,25,420,445
WBGene00010483,0,12,12
WBGene00010484,672,12309,12981
WBGene00010485,0,40,40
WBGene00010486,1,0,1
WBGene00010487,16,10,26
WBGene00010488,605,3793,4398
WBGene00010491,2,513,515
WBGene00010492,0,4,4
WBGene00010493,4,9,13
WBGene00010494,3,14,17
WBGene00010495,1,7,8
WBGene00010496,61,799,860
WBGene00010497,18,51,69
WBGene00010498,133,574,707
WBGene00010499,1,7,8
WBGene00010500,274,2150,2424
WBGene00010501,12,86,98
WBGene00010502,84,584,668
WBGene00010503,53,610,663
WBGene00010504,22,78,100
WBGene00010505,43,121,164
WBGene00010506,36,117,153
WBGene00010507,372,2526,2898
WBGene00010508,17,27,44
WBGene00010509,0,0,0
WBGene00010510,2,2,4
WBGene00010511,1,4,5
WBGene00010512,19,216,235
WBGene00010513,104,490,594
WBGene00010514,232,2184,2416
WBGene00010515,36,412,448
WBGene00010516,227,2702,2929
WBGene00010518,65,233,298
WBGene00010519,4,14,18
WBGene00010520,25,424,449
WBGene00010521,8,14,22
WBGene00010522,18,400,418
WBGene00010523,0,3,3
WBGene00010524,3,80,83
WBGene00010525,27,211,238
WBGene00010526,0,0,0
WBGene00010527,0,3,3
WBGene00010528,72,1031,1103
WBGene00010530,3,2,5
WBGene00010531,0,0,0
WBGene00010534,85,4,89
WBGene00010535,7,3,10
WBGene00010536,5,1,6
WBGene00010537,191,239,430
WBGene00010538,6,44,50
WBGene00010539,114,1350,1464
WBGene00010540,23,260,283
WBGene00010541,974,8085,9059
WBGene00010542,0,661,661
WBGene00010544,1,6,7
WBGene00010545,3,113,116
WBGene00010546,6,217,223
WBGene00010547,1,3,4
WBGene00010550,125,1480,1605
WBGene00010551,153,1054,1207
WBGene00010552,52,585,637
WBGene00010553,13,257,270
WBGene00010554,2,9,11
WBGene00010555,0,2,2
WBGene00010556,308,179128,179436
WBGene00010557,8,219,227
WBGene00010558,64,166,230
WBGene00010559,9,170,179
WBGene00010560,248,4355,4603
WBGene00010562,85,1512,1597
WBGene00010563,18,7,25
WBGene00010564,133,1086,1219
WBGene00010565,10,197,207
WBGene00010566,105,199,304
WBGene00010567,105,917,1022
WBGene00010568,19,16,35
WBGene00010569,61,496,557
WBGene00010570,1,1,2
WBGene00010571,3,36,39
WBGene00010572,31,446,477
WBGene00010573,133,307,440
WBGene00010574,0,14,14
WBGene00010575,59,1190,1249
WBGene00010576,6,6,12
WBGene00010577,2,2,4
WBGene00010578,0,0,0
WBGene00010579,46,7372,7418
WBGene00010580,20,17,37
WBGene00010581,8,89,97
WBGene00010582,99,751,850
WBGene00010583,7,1236,1243
WBGene00010584,9,17,26
WBGene00010585,177,416,593
WBGene00010586,6,7,13
WBGene00010587,39,165,204
WBGene00010588,0,8,8
WBGene00010589,0,20,20
WBGene00010590,0,3,3
WBGene00010591,10,18,28
WBGene00010592,46,230,276
WBGene00010593,179,1337,1516
WBGene00010594,24,32,56
WBGene00010595,9,55,64
WBGene00010596,3,26,29
WBGene00010597,176,165,341
WBGene00010598,1,1,2
WBGene00010599,32,51,83
WBGene00010600,0,10,10
WBGene00010601,0,4,4
WBGene00010602,3,19,22
WBGene00010603,10,50,60
WBGene00010604,4,171,175
WBGene00010605,109,353,462
WBGene00010606,7,11,18
WBGene00010607,20,9,29
WBGene00010608,76,911,987
WBGene00010609,145,1044,1189
WBGene00010610,199,1540,1739
WBGene00010611,1,3,4
WBGene00010612,1,5,6
WBGene00010613,3,4,7
WBGene00010614,18,15,33
WBGene00010615,95,1180,1275
WBGene00010616,65,1567,1632
WBGene00010617,6,66,72
WBGene00010619,71,797,868
WBGene00010620,85,1209,1294
WBGene00010621,8,116,124
WBGene00010622,33,508,541
WBGene00010623,9,19,28
WBGene00010624,95,877,972
WBGene00010625,61,545,606
WBGene00010626,411,2341,2752
WBGene00010627,290,3958,4248
WBGene00010628,46,460,506
WBGene00010629,76,1715,1791
WBGene00010630,14,100,114
WBGene00010631,225,2169,2394
WBGene00010632,148,842,990
WBGene00010633,0,1,1
WBGene00010634,1,28,29
WBGene00010635,12,238,250
WBGene00010636,3,24,27
WBGene00010637,8,75,83
WBGene00010638,160,927,1087
WBGene00010639,1030,11200,12230
WBGene00010640,103,435,538
WBGene00010641,83,1289,1372
WBGene00010642,52,523,575
WBGene00010643,26,116,142
WBGene00010644,31,189,220
WBGene00010645,88,663,751
WBGene00010646,118,46,164
WBGene00010647,5,629,634
WBGene00010648,158,1596,1754
WBGene00010649,210,984,1194
WBGene00010650,2,2,4
WBGene00010651,2,20,22
WBGene00010652,1,6,7
WBGene00010653,0,1,1
WBGene00010654,10,35,45
WBGene00010655,5,21,26
WBGene00010656,1,4,5
WBGene00010657,1,1,2
WBGene00010658,2,28,30
WBGene00010659,3,19,22
WBGene00010660,35,129,164
WBGene00010661,5,201,206
WBGene00010662,4,9,13
WBGene00010663,114,312,426
WBGene00010664,50,909,959
WBGene00010665,255,3590,3845
WBGene00010666,4,488,492
WBGene00010667,122,792,914
WBGene00010668,0,0,0
WBGene00010669,34,58,92
WBGene00010670,7,943,950
WBGene00010671,19,797,816
WBGene00010672,0,1,1
WBGene00010673,4,7,11
WBGene00010674,13,282,295
WBGene00010675,121,889,1010
WBGene00010676,105,1345,1450
WBGene00010677,73,3948,4021
WBGene00010678,46,808,854
WBGene00010679,6,21,27
WBGene00010680,8,27,35
WBGene00010681,1526,27034,28560
WBGene00010682,24,73,97
WBGene00010683,21,84,105
WBGene00010684,16,21,37
WBGene00010685,76,718,794
WBGene00010686,22,227,249
WBGene00010687,88,1611,1699
WBGene00010688,0,13,13
WBGene00010689,3,9,12
WBGene00010690,0,4,4
WBGene00010691,6,156,162
WBGene00010692,1,13,14
WBGene00010693,76,127,203
WBGene00010694,17,14,31
WBGene00010697,57,918,975
WBGene00010698,2,11,13
WBGene00010699,215,1373,1588
WBGene00010700,334,4497,4831
WBGene00010701,82,2138,2220
WBGene00010702,59,188,247
WBGene00010703,476,2007,2483
WBGene00010704,3,174,177
WBGene00010705,2,16,18
WBGene00010706,7,9,16
WBGene00010707,3,8,11
WBGene00010708,12,54,66
WBGene00010709,123,431,554
WBGene00010711,0,170,170
WBGene00010712,17,93,110
WBGene00010713,201,521,722
WBGene00010714,46,34,80
WBGene00010715,2,2,4
WBGene00010716,19,109,128
WBGene00010717,34,502,536
WBGene00010718,7,56,63
WBGene00010719,3,18,21
WBGene00010720,44,500,544
WBGene00010721,52,334,386
WBGene00010722,64,738,802
WBGene00010723,2,81,83
WBGene00010724,108,435,543
WBGene00010725,55,339,394
WBGene00010726,525,484,1009
WBGene00010727,96,997,1093
WBGene00010728,0,2,2
WBGene00010729,1,0,1
WBGene00010730,67,4489,4556
WBGene00010731,702,3151,3853
WBGene00010732,364,1716,2080
WBGene00010734,42,264,306
WBGene00010735,49,82,131
WBGene00010736,371,2693,3064
WBGene00010737,16,239,255
WBGene00010738,2024,165,2189
WBGene00010740,0,1872,1872
WBGene00010741,6,117,123
WBGene00010742,164,3535,3699
WBGene00010743,6,16,22
WBGene00010744,169,740,909
WBGene00010745,1,18,19
WBGene00010746,18,4,22
WBGene00010747,13,35,48
WBGene00010748,0,0,0
WBGene00010749,4,11,15
WBGene00010750,5,38,43
WBGene00010752,11,82,93
WBGene00010754,1,20,21
WBGene00010755,10,163,173
WBGene00010756,79,576,655
WBGene00010757,13,236,249
WBGene00010758,65,341,406
WBGene00010759,46,366,412
WBGene00010760,0,4,4
WBGene00010761,3,2,5
WBGene00010762,2,12,14
WBGene00010763,0,2,2
WBGene00010764,3,2,5
WBGene00010765,17,38,55
WBGene00010766,19,1348,1367
WBGene00010767,8,316,324
WBGene00010768,48,61,109
WBGene00010769,119,2206,2325
WBGene00010770,195,386,581
WBGene00010771,36,164,200
WBGene00010772,487,659,1146
WBGene00010773,117,1226,1343
WBGene00010774,10,98,108
WBGene00010775,10,9,19
WBGene00010776,132,437,569
WBGene00010778,298,3017,3315
WBGene00010779,26,13,39
WBGene00010780,97,1146,1243
WBGene00010781,14,169,183
WBGene00010782,15,72,87
WBGene00010783,206,2045,2251
WBGene00010784,74,371,445
WBGene00010785,74,1350,1424
WBGene00010786,16,49,65
WBGene00010787,8,160,168
WBGene00010788,26,63,89
WBGene00010789,355,1340,1695
WBGene00010790,1077,122651,123728
WBGene00010791,18,247,265
WBGene00010792,31,111,142
WBGene00010793,225,1364,1589
WBGene00010794,437,10576,11013
WBGene00010795,30,444,474
WBGene00010796,466,2527,2993
WBGene00010797,0,0,0
WBGene00010798,0,0,0
WBGene00010799,7,39,46
WBGene00010800,0,6,6
WBGene00010801,1,2,3
WBGene00010802,4,1,5
WBGene00010803,54,876,930
WBGene00010804,1,12,13
WBGene00010805,27,394,421
WBGene00010806,290,2798,3088
WBGene00010807,19,1117,1136
WBGene00010808,0,5,5
WBGene00010809,77,8040,8117
WBGene00010810,289,1715,2004
WBGene00010811,106,644,750
WBGene00010812,108,2135,2243
WBGene00010813,304,587,891
WBGene00010814,36,218,254
WBGene00010815,72,179,251
WBGene00010817,0,0,0
WBGene00010819,1,2,3
WBGene00010820,7,3,10
WBGene00010821,2,12,14
WBGene00010822,21,219,240
WBGene00010823,0,4,4
WBGene00010825,16,19,35
WBGene00010827,103,896,999
WBGene00010828,1402,2453,3855
WBGene00010829,3,13,16
WBGene00010830,16,5,21
WBGene00010831,12,5,17
WBGene00010832,1,5,6
WBGene00010833,40,311,351
WBGene00010834,27,957,984
WBGene00010835,8,44,52
WBGene00010836,419,146,565
WBGene00010837,146,2924,3070
WBGene00010838,364,2865,3229
WBGene00010839,51,259,310
WBGene00010840,629,1086,1715
WBGene00010842,362,1488,1850
WBGene00010843,20,61,81
WBGene00010844,104,1653,1757
WBGene00010845,150,1332,1482
WBGene00010846,57,343,400
WBGene00010847,54,394,448
WBGene00010848,11,778,789
WBGene00010849,225,156,381
WBGene00010850,112,494,606
WBGene00010851,2,39,41
WBGene00010854,0,6,6
WBGene00010855,86,3,89
WBGene00010856,944,2233,3177
WBGene00010857,99,415,514
WBGene00010858,14,101,115
WBGene00010859,20,45,65
WBGene00010862,3,11,14
WBGene00010863,26,24,50
WBGene00010864,68,706,774
WBGene00010865,70,574,644
WBGene00010866,2,0,2
WBGene00010867,261,765,1026
WBGene00010868,268,4313,4581
WBGene00010869,5,57,62
WBGene00010870,27,476,503
WBGene00010871,49,211,260
WBGene00010872,72,3674,3746
WBGene00010873,47,534,581
WBGene00010874,23,12,35
WBGene00010875,70,747,817
WBGene00010876,2,12,14
WBGene00010877,67,394,461
WBGene00010878,86,1083,1169
WBGene00010879,99,3408,3507
WBGene00010880,18,30,48
WBGene00010881,84,316,400
WBGene00010882,60,1614,1674
WBGene00010883,3,0,3
WBGene00010884,58,577,635
WBGene00010885,1,0,1
WBGene00010886,0,2,2
WBGene00010887,153,1158,1311
WBGene00010888,554,3589,4143
WBGene00010889,40,513,553
WBGene00010890,211,2959,3170
WBGene00010891,7,854,861
WBGene00010892,20,438,458
WBGene00010893,6,7,13
WBGene00010894,8,2,10
WBGene00010895,1,1,2
WBGene00010896,54,6018,6072
WBGene00010897,100,434,534
WBGene00010898,102,439,541
WBGene00010899,11,87,98
WBGene00010900,7,1,8
WBGene00010901,0,36,36
WBGene00010902,117,752,869
WBGene00010904,39,213,252
WBGene00010905,52,893,945
WBGene00010906,16,80,96
WBGene00010907,20,115,135
WBGene00010908,178,1786,1964
WBGene00010909,134,802,936
WBGene00010910,623,691,1314
WBGene00010911,216,1460,1676
WBGene00010912,153,1771,1924
WBGene00010913,79,1189,1268
WBGene00010915,0,0,0
WBGene00010916,10,22,32
WBGene00010917,7,7,14
WBGene00010918,283,854,1137
WBGene00010919,3,48,51
WBGene00010920,3,18,21
WBGene00010922,0,340,340
WBGene00010923,242,705,947
WBGene00010924,0,9,9
WBGene00010925,7,7,14
WBGene00010926,0,0,0
WBGene00010927,1,0,1
WBGene00010928,0,4,4
WBGene00010929,4,12,16
WBGene00010931,12,98,110
WBGene00010933,1,13,14
WBGene00010934,6,97,103
WBGene00010935,80,16128,16208
WBGene00010936,27,235,262
WBGene00010937,6,62,68
WBGene00010938,5,0,5
WBGene00010939,5,4,9
WBGene00010940,12,2726,2738
WBGene00010941,55,593,648
WBGene00010942,387,4753,5140
WBGene00010943,17,524,541
WBGene00010944,68,1073,1141
WBGene00010945,31,1248,1279
WBGene00010946,12,1,13
WBGene00010947,0,285,285
WBGene00010948,8,14,22
WBGene00010949,2,1,3
WBGene00010950,3,11,14
WBGene00010951,28,187,215
WBGene00010953,0,1,1
WBGene00010954,3,0,3
WBGene00010955,4,412,416
WBGene00010956,0,26,26
WBGene00010957,0,431321,431321
WBGene00010958,0,487627,487627
WBGene00010959,0,164722,164722
WBGene00010960,0,585415,585415
WBGene00010961,0,40392,40392
WBGene00010962,0,524505,524505
WBGene00010963,0,49139,49139
WBGene00010964,0,231890,231890
WBGene00010965,0,310884,310884
WBGene00010966,0,16806,16806
WBGene00010967,0,64991,64991
WBGene00010968,12,81,93
WBGene00010969,0,0,0
WBGene00010970,158,609,767
WBGene00010971,30,172,202
WBGene00010972,14,359,373
WBGene00010973,17,60,77
WBGene00010974,106,592,698
WBGene00010975,138,411,549
WBGene00010976,19,775,794
WBGene00010977,66,700,766
WBGene00010978,3,32,35
WBGene00010979,151,93,244
WBGene00010980,3,6,9
WBGene00010981,70,885,955
WBGene00010982,173,1846,2019
WBGene00010983,46,76,122
WBGene00010984,11,565,576
WBGene00010985,136,516,652
WBGene00010986,85,195,280
WBGene00010987,2,7,9
WBGene00010988,21,324,345
WBGene00010989,5,194,199
WBGene00010990,132,1585,1717
WBGene00010991,9,62,71
WBGene00010992,1,2,3
WBGene00010993,57,4481,4538
WBGene00010994,543,3922,4465
WBGene00010995,4,11,15
WBGene00010996,0,0,0
WBGene00010998,4,14,18
WBGene00010999,3,1,4
WBGene00011000,17,4,21
WBGene00011001,0,2,2
WBGene00011002,16,53,69
WBGene00011003,77,539,616
WBGene00011004,1104,1531,2635
WBGene00011005,1,9,10
WBGene00011006,3,4,7
WBGene00011008,0,2,2
WBGene00011009,0,12,12
WBGene00011010,0,12,12
WBGene00011011,0,2,2
WBGene00011012,0,5,5
WBGene00011013,4,18,22
WBGene00011014,19,117,136
WBGene00011015,3470,36628,40098
WBGene00011016,29,1126,1155
WBGene00011017,7,988,995
WBGene00011018,1573,5900,7473
WBGene00011019,298,3959,4257
WBGene00011020,71,491,562
WBGene00011021,415,3946,4361
WBGene00011023,1,2,3
WBGene00011024,2,1,3
WBGene00011025,5,5,10
WBGene00011026,3619,13365,16984
WBGene00011027,88,327,415
WBGene00011028,439,795,1234
WBGene00011029,124,829,953
WBGene00011030,92,392,484
WBGene00011032,70,1080,1150
WBGene00011033,18,501,519
WBGene00011034,39,638,677
WBGene00011035,85,1032,1117
WBGene00011036,53,642,695
WBGene00011037,32,314,346
WBGene00011038,83,2113,2196
WBGene00011039,8,113,121
WBGene00011040,30,509,539
WBGene00011041,0,12,12
WBGene00011042,2,766,768
WBGene00011043,581,1234,1815
WBGene00011044,98,152,250
WBGene00011045,385,1383,1768
WBGene00011046,3,21,24
WBGene00011047,19,550,569
WBGene00011049,1,10,11
WBGene00011050,287,2609,2896
WBGene00011051,672,1573,2245
WBGene00011052,19,82,101
WBGene00011053,11,1,12
WBGene00011054,66,910,976
WBGene00011055,209,2173,2382
WBGene00011056,8,9,17
WBGene00011058,271,488,759
WBGene00011059,292,3465,3757
WBGene00011060,276,5220,5496
WBGene00011061,60,777,837
WBGene00011062,5,265,270
WBGene00011063,11,164,175
WBGene00011064,78,1162,1240
WBGene00011065,9,85,94
WBGene00011066,40,376,416
WBGene00011067,56,576,632
WBGene00011068,33,634,667
WBGene00011069,29,199,228
WBGene00011070,507,11545,12052
WBGene00011071,118,608,726
WBGene00011072,1320,10836,12156
WBGene00011073,11,209,220
WBGene00011074,16,114,130
WBGene00011075,26,12,38
WBGene00011076,13,48,61
WBGene00011077,10,16,26
WBGene00011078,3,7,10
WBGene00011079,5,25,30
WBGene00011081,7,43,50
WBGene00011082,32,199,231
WBGene00011083,35,31,66
WBGene00011084,2,11,13
WBGene00011087,30,273,303
WBGene00011088,20,505,525
WBGene00011089,47,1316,1363
WBGene00011090,32,205,237
WBGene00011092,15,90,105
WBGene00011093,42,255,297
WBGene00011094,6,58,64
WBGene00011095,6,206,212
WBGene00011096,1,4,5
WBGene00011097,225,1185,1410
WBGene00011098,6,40,46
WBGene00011099,36,241,277
WBGene00011100,55,199,254
WBGene00011101,29,75,104
WBGene00011102,108,2804,2912
WBGene00011103,1,135,136
WBGene00011104,9,8,17
WBGene00011105,103,1362,1465
WBGene00011106,105,1143,1248
WBGene00011107,2,9,11
WBGene00011108,16,309,325
WBGene00011109,50,979,1029
WBGene00011110,348,2097,2445
WBGene00011111,54,2267,2321
WBGene00011112,16,461,477
WBGene00011113,33,132,165
WBGene00011114,5,15,20
WBGene00011115,56,1641,1697
WBGene00011116,192,7849,8041
WBGene00011117,8,174,182
WBGene00011119,237,2212,2449
WBGene00011120,0,12,12
WBGene00011121,18,191,209
WBGene00011122,410,1948,2358
WBGene00011123,145,520,665
WBGene00011124,30,2636,2666
WBGene00011127,0,10,10
WBGene00011128,42,3608,3650
WBGene00011129,5,35,40
WBGene00011130,2753,6,2759
WBGene00011131,170,300,470
WBGene00011132,0,0,0
WBGene00011133,7,63,70
WBGene00011134,0,0,0
WBGene00011135,0,4,4
WBGene00011136,5,23,28
WBGene00011137,4,156,160
WBGene00011139,40,369,409
WBGene00011140,53,421,474
WBGene00011141,72,620,692
WBGene00011142,48,902,950
WBGene00011143,83,1014,1097
WBGene00011144,259,1627,1886
WBGene00011145,53,946,999
WBGene00011146,913,2796,3709
WBGene00011147,24,193,217
WBGene00011150,3,0,3
WBGene00011151,0,1,1
WBGene00011152,10,2,12
WBGene00011153,6,2,8
WBGene00011154,113,1661,1774
WBGene00011155,422,5615,6037
WBGene00011156,6991,97202,104193
WBGene00011157,0,27,27
WBGene00011158,8,155,163
WBGene00011159,0,7,7
WBGene00011161,2,23,25
WBGene00011162,0,0,0
WBGene00011163,0,1,1
WBGene00011164,2,0,2
WBGene00011166,2,41,43
WBGene00011167,2,26,28
WBGene00011168,9,25,34
WBGene00011169,0,1,1
WBGene00011170,0,1,1
WBGene00011171,56,121,177
WBGene00011172,2,17,19
WBGene00011173,2,0,2
WBGene00011175,3,3,6
WBGene00011176,0,28,28
WBGene00011177,0,0,0
WBGene00011179,6,71,77
WBGene00011180,14,35,49
WBGene00011181,44,763,807
WBGene00011182,85,281,366
WBGene00011183,7,2,9
WBGene00011184,4,28,32
WBGene00011185,1,99,100
WBGene00011186,6,5,11
WBGene00011187,0,8,8
WBGene00011188,21,246,267
WBGene00011189,43,183,226
WBGene00011190,17,59,76
WBGene00011191,6,19,25
WBGene00011192,15,10,25
WBGene00011193,24,713,737
WBGene00011194,127,438,565
WBGene00011195,29,1460,1489
WBGene00011196,8,0,8
WBGene00011197,48,113,161
WBGene00011198,113,3378,3491
WBGene00011200,7,28,35
WBGene00011201,14,121,135
WBGene00011202,11,7,18
WBGene00011203,3,48,51
WBGene00011205,196,2574,2770
WBGene00011206,60,329,389
WBGene00011207,83,97,180
WBGene00011208,1,0,1
WBGene00011209,3,21,24
WBGene00011211,10,1,11
WBGene00011212,37,169,206
WBGene00011213,20,98,118
WBGene00011214,7,79,86
WBGene00011215,72,260,332
WBGene00011216,144,1371,1515
WBGene00011217,97,573,670
WBGene00011218,28,384,412
WBGene00011219,6,12,18
WBGene00011220,8,101,109
WBGene00011221,268,1781,2049
WBGene00011222,44,388,432
WBGene00011223,40,304,344
WBGene00011224,31,191,222
WBGene00011225,24,334,358
WBGene00011226,387,2447,2834
WBGene00011227,6,243,249
WBGene00011228,1,38,39
WBGene00011229,0,6,6
WBGene00011230,130,4636,4766
WBGene00011231,15,1163,1178
WBGene00011232,4040,54319,58359
WBGene00011234,0,35,35
WBGene00011235,58,204,262
WBGene00011236,32,540,572
WBGene00011237,92,1887,1979
WBGene00011238,10,48,58
WBGene00011239,59,735,794
WBGene00011240,492,4543,5035
WBGene00011241,14,55,69
WBGene00011242,90,1150,1240
WBGene00011243,6,38,44
WBGene00011244,26,1820,1846
WBGene00011245,0,1,1
WBGene00011246,14,18,32
WBGene00011247,178,2236,2414
WBGene00011248,64,764,828
WBGene00011249,3,13,16
WBGene00011250,63,1605,1668
WBGene00011251,100,325,425
WBGene00011252,10,143,153
WBGene00011253,29,878,907
WBGene00011254,118,4465,4583
WBGene00011255,16,94,110
WBGene00011257,11,677,688
WBGene00011258,21,126,147
WBGene00011259,477,2627,3104
WBGene00011260,14,50,64
WBGene00011261,596,434,1030
WBGene00011262,18,104,122
WBGene00011263,21,1400,1421
WBGene00011264,6,10,16
WBGene00011265,9,221,230
WBGene00011266,5,665,670
WBGene00011267,3,58,61
WBGene00011268,172,570,742
WBGene00011269,40,58,98
WBGene00011270,462,7005,7467
WBGene00011271,49,415,464
WBGene00011272,30,268,298
WBGene00011273,2142,74602,76744
WBGene00011274,255,1580,1835
WBGene00011275,22,321,343
WBGene00011276,109,1425,1534
WBGene00011277,1,23,24
WBGene00011278,0,47,47
WBGene00011279,778,3302,4080
WBGene00011280,75,594,669
WBGene00011281,77,824,901
WBGene00011282,367,2770,3137
WBGene00011283,835,4527,5362
WBGene00011284,33,1905,1938
WBGene00011285,39,318,357
WBGene00011286,190,1802,1992
WBGene00011287,75,457,532
WBGene00011288,0,185,185
WBGene00011289,25,9269,9294
WBGene00011290,1,10,11
WBGene00011291,62,316,378
WBGene00011292,1196,14458,15654
WBGene00011293,141,55,196
WBGene00011295,2,0,2
WBGene00011296,2,34,36
WBGene00011297,4,9,13
WBGene00011298,189,725,914
WBGene00011299,435,2593,3028
WBGene00011300,126,6255,6381
WBGene00011302,333,1450,1783
WBGene00011303,401,2358,2759
WBGene00011304,6219,22296,28515
WBGene00011305,21,430,451
WBGene00011306,53,516,569
WBGene00011307,74,29,103
WBGene00011308,176,2433,2609
WBGene00011309,221,947,1168
WBGene00011310,27,279,306
WBGene00011311,763,6887,7650
WBGene00011312,9,707,716
WBGene00011313,2,40,42
WBGene00011314,74,260,334
WBGene00011315,15,163,178
WBGene00011317,37,506,543
WBGene00011318,23,572,595
WBGene00011319,85,864,949
WBGene00011320,1,107,108
WBGene00011321,1,120,121
WBGene00011322,10,11,21
WBGene00011323,112,1223,1335
WBGene00011324,5,477,482
WBGene00011325,20,146,166
WBGene00011326,88,1151,1239
WBGene00011327,2,14,16
WBGene00011328,3248,3805,7053
WBGene00011329,124,1420,1544
WBGene00011330,45,653,698
WBGene00011331,1952,1059,3011
WBGene00011333,194,2698,2892
WBGene00011334,132,1848,1980
WBGene00011335,41,54,95
WBGene00011336,3,4,7
WBGene00011337,170,7061,7231
WBGene00011338,126,634,760
WBGene00011339,26,91,117
WBGene00011340,6,14,20
WBGene00011341,0,5,5
WBGene00011342,2,5,7
WBGene00011344,610,3317,3927
WBGene00011345,5,343,348
WBGene00011348,98,558,656
WBGene00011349,79,881,960
WBGene00011350,0,92,92
WBGene00011351,17,72,89
WBGene00011352,423,3564,3987
WBGene00011353,47,210,257
WBGene00011354,6,19,25
WBGene00011355,1,21,22
WBGene00011356,0,3,3
WBGene00011358,3,6,9
WBGene00011359,25,3,28
WBGene00011360,5,7,12
WBGene00011361,13,104,117
WBGene00011362,5,9,14
WBGene00011363,3,334,337
WBGene00011364,24,194,218
WBGene00011365,1,2,3
WBGene00011366,6,79,85
WBGene00011367,80,1046,1126
WBGene00011368,75,548,623
WBGene00011371,38,170,208
WBGene00011372,284,217,501
WBGene00011373,0,0,0
WBGene00011374,860,6257,7117
WBGene00011375,124,920,1044
WBGene00011376,20,264,284
WBGene00011378,6,8,14
WBGene00011379,3,4,7
WBGene00011380,30,146,176
WBGene00011381,26,178,204
WBGene00011382,59,503,562
WBGene00011383,112,2690,2802
WBGene00011384,32,51,83
WBGene00011385,46,184,230
WBGene00011386,2,19,21
WBGene00011387,5,1,6
WBGene00011388,1,7,8
WBGene00011389,0,0,0
WBGene00011390,1,0,1
WBGene00011391,208,1043,1251
WBGene00011392,273,28746,29019
WBGene00011393,26,446,472
WBGene00011394,14,142,156
WBGene00011395,2,0,2
WBGene00011396,2,12,14
WBGene00011397,9,123,132
WBGene00011398,326,3966,4292
WBGene00011399,2,405,407
WBGene00011400,215,1103,1318
WBGene00011401,5,32,37
WBGene00011402,2,11,13
WBGene00011403,3,13,16
WBGene00011404,275,1536,1811
WBGene00011407,108,939,1047
WBGene00011408,77,974,1051
WBGene00011409,24,2228,2252
WBGene00011410,3,1306,1309
WBGene00011411,2,537,539
WBGene00011412,60,1097,1157
WBGene00011414,3,5,8
WBGene00011415,39,480,519
WBGene00011416,0,0,0
WBGene00011417,0,0,0
WBGene00011418,0,0,0
WBGene00011419,0,0,0
WBGene00011420,0,0,0
WBGene00011422,38,138,176
WBGene00011423,303,2126,2429
WBGene00011424,83,712,795
WBGene00011425,16,24,40
WBGene00011426,35,78,113
WBGene00011427,23,54,77
WBGene00011428,529,12006,12535
WBGene00011429,10,87,97
WBGene00011430,26,351,377
WBGene00011431,9,52,61
WBGene00011432,0,3,3
WBGene00011433,259,1173,1432
WBGene00011434,8,360,368
WBGene00011435,1,8,9
WBGene00011436,86,1395,1481
WBGene00011437,51,238,289
WBGene00011438,4,10,14
WBGene00011439,39,391,430
WBGene00011440,82,2307,2389
WBGene00011441,89,560,649
WBGene00011442,101,320,421
WBGene00011443,4,70,74
WBGene00011444,81,363,444
WBGene00011445,45,240,285
WBGene00011446,11,472,483
WBGene00011447,31,368,399
WBGene00011449,120,2661,2781
WBGene00011450,3,222,225
WBGene00011451,24,360,384
WBGene00011452,112,836,948
WBGene00011453,19,148,167
WBGene00011454,26,103,129
WBGene00011456,67,108,175
WBGene00011458,5,127,132
WBGene00011460,56,131,187
WBGene00011462,28,49,77
WBGene00011463,49,365,414
WBGene00011464,36,585,621
WBGene00011465,8,81,89
WBGene00011466,3,24,27
WBGene00011467,2,6,8
WBGene00011468,7,12,19
WBGene00011469,0,0,0
WBGene00011471,50,291,341
WBGene00011472,2,0,2
WBGene00011473,12,375,387
WBGene00011474,51,30779,30830
WBGene00011475,1,22,23
WBGene00011476,15,75,90
WBGene00011478,3,5,8
WBGene00011479,102,1507,1609
WBGene00011480,269,4090,4359
WBGene00011481,6,2532,2538
WBGene00011482,17,100,117
WBGene00011484,3,331,334
WBGene00011485,1,0,1
WBGene00011486,2,1,3
WBGene00011487,13,1,14
WBGene00011488,103,829,932
WBGene00011489,32,732,764
WBGene00011490,67,875,942
WBGene00011491,3,0,3
WBGene00011492,17,24,41
WBGene00011493,4,59,63
WBGene00011494,1,2,3
WBGene00011495,38,576,614
WBGene00011497,63,502,565
WBGene00011498,375,1961,2336
WBGene00011499,0,7,7
WBGene00011500,73,1159,1232
WBGene00011501,4,239,243
WBGene00011502,22,318,340
WBGene00011503,286,936,1222
WBGene00011505,1,1,2
WBGene00011506,0,2,2
WBGene00011507,51,2098,2149
WBGene00011508,2,9,11
WBGene00011509,0,41,41
WBGene00011510,212,4456,4668
WBGene00011511,436,2237,2673
WBGene00011512,24,97,121
WBGene00011513,5,321,326
WBGene00011515,2,0,2
WBGene00011516,2,11,13
WBGene00011517,40,246,286
WBGene00011518,4,2,6
WBGene00011519,3,14,17
WBGene00011520,79,447,526
WBGene00011521,0,3190,3190
WBGene00011522,268,6683,6951
WBGene00011523,25,49,74
WBGene00011524,22,45,67
WBGene00011526,83,1496,1579
WBGene00011527,22,1679,1701
WBGene00011528,75,1557,1632
WBGene00011529,55,1579,1634
WBGene00011530,14,16,30
WBGene00011531,382,5223,5605
WBGene00011532,218,1676,1894
WBGene00011533,0,21,21
WBGene00011534,10,80,90
WBGene00011535,0,0,0
WBGene00011536,0,2,2
WBGene00011537,0,3,3
WBGene00011538,76,2885,2961
WBGene00011539,2,12,14
WBGene00011540,147,803,950
WBGene00011541,4,9,13
WBGene00011542,3,1,4
WBGene00011543,126,1052,1178
WBGene00011544,2,2,4
WBGene00011545,20,259,279
WBGene00011546,23,252,275
WBGene00011547,3,23,26
WBGene00011548,0,3,3
WBGene00011551,14,112,126
WBGene00011552,11,0,11
WBGene00011553,0,0,0
WBGene00011554,9,5,14
WBGene00011556,5,8,13
WBGene00011557,0,2,2
WBGene00011558,69,1482,1551
WBGene00011559,49,408,457
WBGene00011560,16,635,651
WBGene00011561,446,20309,20755
WBGene00011562,129,874,1003
WBGene00011563,27,26,53
WBGene00011564,399,2222,2621
WBGene00011565,3,7,10
WBGene00011566,7,22,29
WBGene00011568,13,6,19
WBGene00011570,0,3,3
WBGene00011571,353,7745,8098
WBGene00011572,23,93,116
WBGene00011573,23,2000,2023
WBGene00011574,2,13,15
WBGene00011575,20,154,174
WBGene00011576,539,855,1394
WBGene00011577,0,1,1
WBGene00011578,22,62,84
WBGene00011579,800,6230,7030
WBGene00011580,92,1226,1318
WBGene00011581,17,58,75
WBGene00011582,10,20,30
WBGene00011583,43,395,438
WBGene00011584,0,0,0
WBGene00011586,60,2235,2295
WBGene00011587,27,125,152
WBGene00011589,17,618,635
WBGene00011590,198,334,532
WBGene00011591,15,183,198
WBGene00011592,89,42,131
WBGene00011593,5,44,49
WBGene00011594,1,7,8
WBGene00011595,1,0,1
WBGene00011596,14,204,218
WBGene00011597,1019,311,1330
WBGene00011600,36,326,362
WBGene00011601,67,264,331
WBGene00011604,253,888,1141
WBGene00011605,131,2239,2370
WBGene00011606,6,54,60
WBGene00011609,0,2,2
WBGene00011610,0,54,54
WBGene00011611,29,192,221
WBGene00011612,23,25,48
WBGene00011613,25,162,187
WBGene00011614,8,173,181
WBGene00011615,14,202,216
WBGene00011616,1,6,7
WBGene00011618,3,4,7
WBGene00011619,2,0,2
WBGene00011620,0,7,7
WBGene00011621,0,1,1
WBGene00011622,7,6,13
WBGene00011623,2,7,9
WBGene00011624,52,206,258
WBGene00011625,36,728,764
WBGene00011626,0,0,0
WBGene00011627,0,0,0
WBGene00011628,1,0,1
WBGene00011629,574,12578,13152
WBGene00011630,19,60,79
WBGene00011631,579,4024,4603
WBGene00011633,32,350,382
WBGene00011634,114,1284,1398
WBGene00011635,30,644,674
WBGene00011636,289,2607,2896
WBGene00011637,63,573,636
WBGene00011638,20,1472,1492
WBGene00011639,1003,5112,6115
WBGene00011640,4,171,175
WBGene00011641,0,827,827
WBGene00011642,1,41,42
WBGene00011643,22,140,162
WBGene00011644,39,572,611
WBGene00011645,26,317,343
WBGene00011646,6,11,17
WBGene00011647,970,5954,6924
WBGene00011648,74,609,683
WBGene00011649,3,10,13
WBGene00011650,0,0,0
WBGene00011651,6,2,8
WBGene00011652,0,2,2
WBGene00011653,1,1,2
WBGene00011654,2,2,4
WBGene00011655,4,6,10
WBGene00011656,1,4,5
WBGene00011657,5,8,13
WBGene00011658,0,0,0
WBGene00011659,1,1,2
WBGene00011661,96,997,1093
WBGene00011662,253,3834,4087
WBGene00011663,192,498,690
WBGene00011664,31,337,368
WBGene00011665,1,2,3
WBGene00011666,2,3,5
WBGene00011668,2,10,12
WBGene00011669,6,2,8
WBGene00011670,3,19,22
WBGene00011671,17,25,42
WBGene00011672,172,1768,1940
WBGene00011673,4,76,80
WBGene00011674,4,50,54
WBGene00011675,20,73,93
WBGene00011676,22,131,153
WBGene00011677,52,75,127
WBGene00011678,29,436,465
WBGene00011679,66,1844,1910
WBGene00011680,21,551,572
WBGene00011681,264,1925,2189
WBGene00011682,60,142,202
WBGene00011683,584,4329,4913
WBGene00011684,23,189,212
WBGene00011685,0,6,6
WBGene00011686,0,0,0
WBGene00011687,24,3006,3030
WBGene00011688,24,661,685
WBGene00011689,28,88,116
WBGene00011691,2,3,5
WBGene00011692,3295,14917,18212
WBGene00011693,2,30,32
WBGene00011694,55,159,214
WBGene00011695,24,50,74
WBGene00011696,438,2984,3422
WBGene00011697,1,14,15
WBGene00011698,14,22,36
WBGene00011699,10,67,77
WBGene00011701,6,28,34
WBGene00011702,21,106,127
WBGene00011704,0,2,2
WBGene00011705,81,330,411
WBGene00011706,14,106,120
WBGene00011707,7,71,78
WBGene00011708,430,4728,5158
WBGene00011709,11,73,84
WBGene00011710,0,4,4
WBGene00011712,1,29,30
WBGene00011713,5,127,132
WBGene00011714,0,0,0
WBGene00011715,0,16,16
WBGene00011717,35,487,522
WBGene00011718,16,104,120
WBGene00011719,24,226,250
WBGene00011720,391,2361,2752
WBGene00011722,112,1540,1652
WBGene00011723,272,2102,2374
WBGene00011724,3,1,4
WBGene00011725,40,185,225
WBGene00011726,501,5387,5888
WBGene00011727,101,1499,1600
WBGene00011728,27,108,135
WBGene00011729,176,1952,2128
WBGene00011730,43,4095,4138
WBGene00011731,9,332,341
WBGene00011732,938,3767,4705
WBGene00011733,131,10510,10641
WBGene00011734,132,4003,4135
WBGene00011735,574,4029,4603
WBGene00011736,249,7679,7928
WBGene00011737,343,10397,10740
WBGene00011738,128,795,923
WBGene00011739,14,765,779
WBGene00011740,172,1667,1839
WBGene00011741,2,35,37
WBGene00011742,39,791,830
WBGene00011743,275,3124,3399
WBGene00011744,7,29,36
WBGene00011745,37,122,159
WBGene00011746,36,925,961
WBGene00011747,65,1039,1104
WBGene00011749,0,46,46
WBGene00011750,3,5,8
WBGene00011751,0,3,3
WBGene00011752,44,164,208
WBGene00011753,0,0,0
WBGene00011754,23,74,97
WBGene00011755,970,3777,4747
WBGene00011756,32,226,258
WBGene00011757,5,5,10
WBGene00011758,72,1657,1729
WBGene00011759,22,1984,2006
WBGene00011760,30,245,275
WBGene00011761,21,560,581
WBGene00011762,19,167,186
WBGene00011763,247,7589,7836
WBGene00011765,70,257,327
WBGene00011767,455,1814,2269
WBGene00011768,24,549,573
WBGene00011770,1,29,30
WBGene00011771,187,965,1152
WBGene00011772,84,77,161
WBGene00011773,6,541,547
WBGene00011774,322,3356,3678
WBGene00011775,99,1124,1223
WBGene00011776,18,641,659
WBGene00011777,0,107,107
WBGene00011778,1,0,1
WBGene00011779,2,0,2
WBGene00011780,1,0,1
WBGene00011781,4,0,4
WBGene00011782,0,0,0
WBGene00011783,1,1,2
WBGene00011784,3,7,10
WBGene00011785,7,3,10
WBGene00011786,1,1,2
WBGene00011788,35,376,411
WBGene00011789,3,18,21
WBGene00011790,2,7,9
WBGene00011791,0,10,10
WBGene00011793,52,108,160
WBGene00011794,57,777,834
WBGene00011795,3,45,48
WBGene00011796,10,14,24
WBGene00011797,4,14,18
WBGene00011798,120,276,396
WBGene00011799,15,89,104
WBGene00011800,37,240,277
WBGene00011801,149,1518,1667
WBGene00011802,47,587,634
WBGene00011803,3,9,12
WBGene00011804,181,85,266
WBGene00011805,13,140,153
WBGene00011806,35,816,851
WBGene00011807,124,657,781
WBGene00011808,2,0,2
WBGene00011809,10,15,25
WBGene00011810,19,2,21
WBGene00011811,36,123,159
WBGene00011812,6,55,61
WBGene00011813,48,616,664
WBGene00011814,48,283,331
WBGene00011815,289,4081,4370
WBGene00011816,1,1,2
WBGene00011817,188,903,1091
WBGene00011819,18,391,409
WBGene00011820,14,380,394
WBGene00011821,17,226,243
WBGene00011822,16,153,169
WBGene00011823,5,1340,1345
WBGene00011824,337,992,1329
WBGene00011826,67,138,205
WBGene00011827,1123,1520,2643
WBGene00011828,8,401,409
WBGene00011829,31,72,103
WBGene00011830,81,1128,1209
WBGene00011831,4,45,49
WBGene00011832,81,1317,1398
WBGene00011833,8,62,70
WBGene00011834,31,538,569
WBGene00011835,18,748,766
WBGene00011836,2,13,15
WBGene00011837,3,18,21
WBGene00011838,3,84,87
WBGene00011839,46,2159,2205
WBGene00011840,0,1,1
WBGene00011841,2,3,5
WBGene00011844,5,30,35
WBGene00011846,3,28,31
WBGene00011847,3,13,16
WBGene00011848,6,6,12
WBGene00011849,22,3298,3320
WBGene00011850,65,211,276
WBGene00011852,0,2,2
WBGene00011853,2,5,7
WBGene00011854,696,923,1619
WBGene00011855,0,24,24
WBGene00011856,164,2005,2169
WBGene00011857,238,3286,3524
WBGene00011858,54,2352,2406
WBGene00011859,137,3135,3272
WBGene00011860,10,356,366
WBGene00011864,176,2853,3029
WBGene00011866,9,264,273
WBGene00011867,47,2867,2914
WBGene00011868,24,180,204
WBGene00011869,127,130648,130775
WBGene00011870,20,3748,3768
WBGene00011871,68,674,742
WBGene00011872,49,349,398
WBGene00011873,229,182,411
WBGene00011874,3,16,19
WBGene00011875,336,4279,4615
WBGene00011876,1,13,14
WBGene00011877,2,3,5
WBGene00011878,58,141,199
WBGene00011879,103,828,931
WBGene00011880,237,4348,4585
WBGene00011882,10,2,12
WBGene00011883,133,1210,1343
WBGene00011884,155,28656,28811
WBGene00011885,452,1516,1968
WBGene00011886,13,203,216
WBGene00011887,398,701,1099
WBGene00011888,151,394,545
WBGene00011890,23,494,517
WBGene00011891,140,1184,1324
WBGene00011892,138,1847,1985
WBGene00011893,10,179,189
WBGene00011894,245,3038,3283
WBGene00011895,6,14,20
WBGene00011896,4,178,182
WBGene00011897,163,2174,2337
WBGene00011898,1,126,127
WBGene00011899,34,641,675
WBGene00011900,57,7,64
WBGene00011902,1,9,10
WBGene00011903,0,9,9
WBGene00011904,361,937,1298
WBGene00011906,3,51,54
WBGene00011908,83,270,353
WBGene00011909,12,3,15
WBGene00011910,3,11,14
WBGene00011911,0,2,2
WBGene00011912,171,2353,2524
WBGene00011913,279,1951,2230
WBGene00011914,23,568,591
WBGene00011915,25,320,345
WBGene00011916,65,427,492
WBGene00011917,243,4374,4617
WBGene00011918,3,7,10
WBGene00011919,2,13,15
WBGene00011920,44,520,564
WBGene00011921,6,3,9
WBGene00011922,7,42,49
WBGene00011923,10,96,106
WBGene00011924,57,578,635
WBGene00011925,91,490,581
WBGene00011926,12,74,86
WBGene00011927,20,383,403
WBGene00011928,11,35,46
WBGene00011929,0,0,0
WBGene00011930,72,218,290
WBGene00011931,14,663,677
WBGene00011932,115,589,704
WBGene00011934,0,370,370
WBGene00011935,74,1135,1209
WBGene00011936,48,825,873
WBGene00011937,0,3,3
WBGene00011938,3,23,26
WBGene00011939,156,617,773
WBGene00011940,277,832,1109
WBGene00011941,96,423,519
WBGene00011942,0,0,0
WBGene00011943,0,1,1
WBGene00011944,882,8569,9451
WBGene00011945,69,256,325
WBGene00011947,0,2,2
WBGene00011948,2,6,8
WBGene00011949,3,12,15
WBGene00011950,1,1,2
WBGene00011951,4,14,18
WBGene00011952,23,80,103
WBGene00011953,948,5268,6216
WBGene00011954,0,4,4
WBGene00011955,65,780,845
WBGene00011956,23,425,448
WBGene00011957,129,863,992
WBGene00011958,25,78,103
WBGene00011959,4,452,456
WBGene00011960,27,198,225
WBGene00011961,2,0,2
WBGene00011962,139,1158,1297
WBGene00011963,96,447,543
WBGene00011964,67,671,738
WBGene00011965,94,693,787
WBGene00011966,1778,26138,27916
WBGene00011967,201,3206,3407
WBGene00011968,0,43,43
WBGene00011969,11,910,921
WBGene00011970,247,781,1028
WBGene00011971,303,3207,3510
WBGene00011972,128,1158,1286
WBGene00011973,5,8,13
WBGene00011974,30,113,143
WBGene00011975,151,1397,1548
WBGene00011976,187,770,957
WBGene00011977,256,15596,15852
WBGene00011978,596,7875,8471
WBGene00011979,2,11,13
WBGene00011980,256,1810,2066
WBGene00011981,0,9,9
WBGene00011982,0,2,2
WBGene00011983,2,21,23
WBGene00011984,17,415,432
WBGene00011985,71,816,887
WBGene00011986,1,68,69
WBGene00011988,56,267,323
WBGene00011989,3,0,3
WBGene00011990,2,126,128
WBGene00011991,9,2,11
WBGene00011992,0,0,0
WBGene00011993,0,2,2
WBGene00011994,18,583,601
WBGene00011995,366,1746,2112
WBGene00011996,16,259,275
WBGene00011997,30,1491,1521
WBGene00011999,3,9,12
WBGene00012000,26,957,983
WBGene00012002,51,832,883
WBGene00012003,33,16,49
WBGene00012004,157,1603,1760
WBGene00012005,2958,1090,4048
WBGene00012007,29,1393,1422
WBGene00012008,0,2,2
WBGene00012009,23,97,120
WBGene00012010,11,9,20
WBGene00012011,2,2,4
WBGene00012012,5,2,7
WBGene00012013,44,182,226
WBGene00012014,145,1355,1500
WBGene00012015,233,2239,2472
WBGene00012016,61,290,351
WBGene00012017,29,29,58
WBGene00012018,127,862,989
WBGene00012019,2217,1339,3556
WBGene00012020,14,306,320
WBGene00012021,4,15,19
WBGene00012022,10,2,12
WBGene00012023,5,13,18
WBGene00012024,0,1,1
WBGene00012025,1,8,9
WBGene00012026,3,12,15
WBGene00012027,1,5,6
WBGene00012028,1,8,9
WBGene00012029,142,926,1068
WBGene00012030,374,11042,11416
WBGene00012031,107,2873,2980
WBGene00012032,2,8,10
WBGene00012033,260,873,1133
WBGene00012034,89,1113,1202
WBGene00012035,10,311,321
WBGene00012036,0,5,5
WBGene00012037,909,6179,7088
WBGene00012038,0,2,2
WBGene00012039,0,3,3
WBGene00012040,1,8,9
WBGene00012041,3,4,7
WBGene00012042,16,258,274
WBGene00012043,5,10,15
WBGene00012044,0,11,11
WBGene00012045,2,3,5
WBGene00012046,7,1,8
WBGene00012049,0,1,1
WBGene00012050,1,1,2
WBGene00012051,7,3,10
WBGene00012052,0,1,1
WBGene00012054,4,1,5
WBGene00012055,2,8,10
WBGene00012056,0,9,9
WBGene00012057,0,0,0
WBGene00012059,224,2680,2904
WBGene00012060,0,0,0
WBGene00012061,0,0,0
WBGene00012062,38,374,412
WBGene00012063,0,1,1
WBGene00012064,0,0,0
WBGene00012065,0,0,0
WBGene00012066,0,0,0
WBGene00012067,0,3,3
WBGene00012068,7,24,31
WBGene00012069,11,86,97
WBGene00012070,44,94,138
WBGene00012072,1,7,8
WBGene00012073,34,372,406
WBGene00012074,1,6,7
WBGene00012075,0,0,0
WBGene00012076,0,0,0
WBGene00012077,1,2,3
WBGene00012080,0,0,0
WBGene00012081,9,4,13
WBGene00012083,0,0,0
WBGene00012084,42,355,397
WBGene00012085,173,3704,3877
WBGene00012086,17,15,32
WBGene00012087,3,2,5
WBGene00012088,1,0,1
WBGene00012089,4,3,7
WBGene00012090,0,0,0
WBGene00012091,8,0,8
WBGene00012093,3,4,7
WBGene00012094,0,7389,7389
WBGene00012095,97,626,723
WBGene00012096,0,0,0
WBGene00012097,458,34432,34890
WBGene00012099,95,163,258
WBGene00012100,433,3359,3792
WBGene00012101,4,1182,1186
WBGene00012102,5,12,17
WBGene00012103,2,44,46
WBGene00012104,332,3270,3602
WBGene00012105,48,353,401
WBGene00012106,63,532,595
WBGene00012107,8,133,141
WBGene00012108,0,1,1
WBGene00012109,23,180,203
WBGene00012110,22,144,166
WBGene00012111,17,118,135
WBGene00012112,31,380,411
WBGene00012113,67,29097,29164
WBGene00012114,16,90,106
WBGene00012115,13,41,54
WBGene00012116,27,77,104
WBGene00012117,965,10194,11159
WBGene00012118,349,1459,1808
WBGene00012119,1,39,40
WBGene00012120,6,80,86
WBGene00012121,381,3635,4016
WBGene00012122,19,1060,1079
WBGene00012123,4,31,35
WBGene00012124,16,317,333
WBGene00012125,134,902,1036
WBGene00012126,562,713,1275
WBGene00012127,34,422,456
WBGene00012128,281,3831,4112
WBGene00012130,43,291,334
WBGene00012131,17,227,244
WBGene00012132,67,426,493
WBGene00012134,50,457,507
WBGene00012135,58,139,197
WBGene00012136,1054,3690,4744
WBGene00012137,89,149,238
WBGene00012138,15,87,102
WBGene00012139,1157,1081,2238
WBGene00012140,1178,74254,75432
WBGene00012142,82,490,572
WBGene00012143,69,479,548
WBGene00012144,87,1682,1769
WBGene00012145,21,562,583
WBGene00012146,0,0,0
WBGene00012147,6,27,33
WBGene00012148,490,94770,95260
WBGene00012149,242,943,1185
WBGene00012150,69,345,414
WBGene00012151,210,127,337
WBGene00012152,122,1595,1717
WBGene00012155,17,156,173
WBGene00012156,3,673,676
WBGene00012157,124,775,899
WBGene00012158,2721,14765,17486
WBGene00012159,2,14,16
WBGene00012162,5,76,81
WBGene00012163,3,25,28
WBGene00012164,263,227,490
WBGene00012165,118,254,372
WBGene00012166,19,5069,5088
WBGene00012167,10,640,650
WBGene00012168,142,288,430
WBGene00012169,1,4,5
WBGene00012170,9,3,12
WBGene00012171,0,17,17
WBGene00012172,6,24,30
WBGene00012173,1,6,7
WBGene00012174,2,2,4
WBGene00012175,9,20,29
WBGene00012176,4,12,16
WBGene00012177,3,4,7
WBGene00012178,93,359,452
WBGene00012179,2338,154613,156951
WBGene00012180,95,27,122
WBGene00012181,5,11,16
WBGene00012182,62,1906,1968
WBGene00012183,0,102,102
WBGene00012184,21,128,149
WBGene00012185,91,920,1011
WBGene00012186,2,13,15
WBGene00012187,48,1063,1111
WBGene00012188,120,784,904
WBGene00012190,27,46,73
WBGene00012191,78,95,173
WBGene00012192,97,399,496
WBGene00012193,937,5678,6615
WBGene00012194,69,1668,1737
WBGene00012195,34,57,91
WBGene00012196,10,92,102
WBGene00012197,97,1979,2076
WBGene00012198,8,216,224
WBGene00012199,2,8,10
WBGene00012200,4,3,7
WBGene00012201,21,123,144
WBGene00012202,5,29,34
WBGene00012203,121,2099,2220
WBGene00012204,45,2841,2886
WBGene00012205,39,948,987
WBGene00012206,27,818,845
WBGene00012207,0,0,0
WBGene00012208,64,574,638
WBGene00012209,24,314,338
WBGene00012210,4,342,346
WBGene00012211,2,5,7
WBGene00012212,0,5,5
WBGene00012213,0,3,3
WBGene00012214,0,0,0
WBGene00012215,1,10,11
WBGene00012216,65,5656,5721
WBGene00012217,38,120,158
WBGene00012219,10,81,91
WBGene00012220,56,252,308
WBGene00012221,274,5159,5433
WBGene00012222,79,223,302
WBGene00012223,1,0,1
WBGene00012224,3,5,8
WBGene00012225,113,291,404
WBGene00012226,481,866,1347
WBGene00012227,5,45,50
WBGene00012228,23,69,92
WBGene00012230,364,1052,1416
WBGene00012231,8,8,16
WBGene00012232,2,1,3
WBGene00012233,7,6,13
WBGene00012234,335,1114,1449
WBGene00012235,147,777,924
WBGene00012236,66,318,384
WBGene00012237,7,158,165
WBGene00012238,19,5,24
WBGene00012239,178,6159,6337
WBGene00012240,0,4,4
WBGene00012241,121,300,421
WBGene00012242,0,11,11
WBGene00012243,47,916,963
WBGene00012244,41,8002,8043
WBGene00012245,727,5348,6075
WBGene00012246,0,4,4
WBGene00012247,1,2,3
WBGene00012248,1,0,1
WBGene00012249,2,0,2
WBGene00012250,8,0,8
WBGene00012251,1,31,32
WBGene00012252,672,3226,3898
WBGene00012253,29,1561,1590
WBGene00012254,30,62,92
WBGene00012255,2,12,14
WBGene00012256,0,1,1
WBGene00012257,0,2,2
WBGene00012258,38,1077,1115
WBGene00012259,127,679,806
WBGene00012260,0,1,1
WBGene00012261,2,18,20
WBGene00012264,14,20,34
WBGene00012265,70,78,148
WBGene00012266,11,45,56
WBGene00012267,2,5,7
WBGene00012268,4,89,93
WBGene00012269,16,4,20
WBGene00012270,10,22,32
WBGene00012271,10,29,39
WBGene00012272,104,90,194
WBGene00012274,827,3772,4599
WBGene00012275,108,203,311
WBGene00012276,94,1598,1692
WBGene00012277,84,728,812
WBGene00012278,0,2,2
WBGene00012279,7,433,440
WBGene00012280,5,52,57
WBGene00012281,84,299,383
WBGene00012282,31,428,459
WBGene00012283,5,2,7
WBGene00012285,6,10,16
WBGene00012286,0,4,4
WBGene00012287,0,9,9
WBGene00012288,0,18,18
WBGene00012289,317,2090,2407
WBGene00012290,23,762,785
WBGene00012291,753,3980,4733
WBGene00012293,62,1726,1788
WBGene00012294,0,22,22
WBGene00012295,17,62,79
WBGene00012296,4,20,24
WBGene00012297,3,21,24
WBGene00012298,70,1338,1408
WBGene00012299,5,53,58
WBGene00012300,0,0,0
WBGene00012301,0,0,0
WBGene00012302,0,0,0
WBGene00012303,2,2,4
WBGene00012304,48,1,49
WBGene00012305,0,0,0
WBGene00012306,242,421,663
WBGene00012307,14,101,115
WBGene00012308,5,7,12
WBGene00012309,4,7,11
WBGene00012310,5,2,7
WBGene00012311,0,5,5
WBGene00012312,0,0,0
WBGene00012313,0,4,4
WBGene00012314,0,0,0
WBGene00012315,68,938,1006
WBGene00012316,239,722,961
WBGene00012317,165,1892,2057
WBGene00012318,2,2,4
WBGene00012319,327,1357,1684
WBGene00012321,6,17,23
WBGene00012322,100,810,910
WBGene00012323,1,2,3
WBGene00012324,6,158,164
WBGene00012325,8,37,45
WBGene00012326,270,996,1266
WBGene00012328,14,109,123
WBGene00012329,4,8,12
WBGene00012330,44,309,353
WBGene00012332,18,133,151
WBGene00012333,5,16,21
WBGene00012334,12,7,19
WBGene00012335,2,3,5
WBGene00012336,15,35,50
WBGene00012337,350,2279,2629
WBGene00012339,207,2760,2967
WBGene00012340,59,256,315
WBGene00012341,156,1283,1439
WBGene00012342,159,1435,1594
WBGene00012343,139,1545,1684
WBGene00012344,242,3886,4128
WBGene00012345,8,37,45
WBGene00012346,3,0,3
WBGene00012347,1328,563,1891
WBGene00012348,1295,4404,5699
WBGene00012349,4,0,4
WBGene00012351,4191,33435,37626
WBGene00012352,157,642,799
WBGene00012353,90,1111,1201
WBGene00012354,724,46306,47030
WBGene00012356,16,216,232
WBGene00012357,1,21,22
WBGene00012358,246,2419,2665
WBGene00012359,58,701,759
WBGene00012360,181,843,1024
WBGene00012361,40,2111,2151
WBGene00012362,1293,3121,4414
WBGene00012363,177,494,671
WBGene00012364,154,631,785
WBGene00012365,64,766,830
WBGene00012366,148,1905,2053
WBGene00012369,82,583,665
WBGene00012370,325,417,742
WBGene00012371,787,556,1343
WBGene00012372,48,177,225
WBGene00012373,3,4,7
WBGene00012374,2,49,51
WBGene00012375,23,1450,1473
WBGene00012376,545,15666,16211
WBGene00012378,0,3,3
WBGene00012379,0,2,2
WBGene00012380,0,0,0
WBGene00012381,110,859,969
WBGene00012382,13626,206886,220512
WBGene00012383,6088,78279,84367
WBGene00012385,72,557,629
WBGene00012386,119599,858,120457
WBGene00012387,69,201,270
WBGene00012388,44,8,52
WBGene00012389,460,936,1396
WBGene00012390,173,435,608
WBGene00012391,27,211,238
WBGene00012393,124,482,606
WBGene00012394,16,12,28
WBGene00012395,4,684,688
WBGene00012396,8,50,58
WBGene00012397,0,4,4
WBGene00012398,113,956,1069
WBGene00012399,145,330,475
WBGene00012400,5,57,62
WBGene00012401,0,2,2
WBGene00012402,0,0,0
WBGene00012404,12,186,198
WBGene00012405,0,0,0
WBGene00012406,5,9,14
WBGene00012407,14,142,156
WBGene00012408,22,115,137
WBGene00012409,1,6,7
WBGene00012411,1,0,1
WBGene00012412,76,73,149
WBGene00012413,6,57,63
WBGene00012414,4,7,11
WBGene00012415,17,15,32
WBGene00012416,9,20,29
WBGene00012420,9,2119,2128
WBGene00012421,144,1940,2084
WBGene00012422,0,4,4
WBGene00012423,305,857,1162
WBGene00012424,2454,14597,17051
WBGene00012425,21,52,73
WBGene00012428,11,1,12
WBGene00012429,0,0,0
WBGene00012431,12,272,284
WBGene00012432,23,113,136
WBGene00012433,3,9,12
WBGene00012434,400,3554,3954
WBGene00012435,13,474,487
WBGene00012436,2,71,73
WBGene00012437,406,2508,2914
WBGene00012439,34,949,983
WBGene00012440,7,693,700
WBGene00012441,29,279,308
WBGene00012442,15,31,46
WBGene00012443,646,9992,10638
WBGene00012444,4,6504,6508
WBGene00012445,17,48,65
WBGene00012446,40,122,162
WBGene00012448,22,12,34
WBGene00012449,22,60,82
WBGene00012450,20,42,62
WBGene00012451,22,6,28
WBGene00012452,167,2167,2334
WBGene00012454,1,1,2
WBGene00012455,17,27,44
WBGene00012456,16,60,76
WBGene00012457,22,99,121
WBGene00012458,430,1488,1918
WBGene00012459,38,811,849
WBGene00012460,55,470,525
WBGene00012461,207,197,404
WBGene00012462,396,464,860
WBGene00012463,465,1140,1605
WBGene00012464,20,84,104
WBGene00012465,133,1106,1239
WBGene00012466,774,1126,1900
WBGene00012467,23,101,124
WBGene00012468,360,2993,3353
WBGene00012469,56,239,295
WBGene00012470,6,3,9
WBGene00012471,148,6348,6496
WBGene00012472,282,757,1039
WBGene00012473,81,106,187
WBGene00012474,192,1129,1321
WBGene00012475,16,202,218
WBGene00012476,55,99,154
WBGene00012477,62,107,169
WBGene00012478,190,944,1134
WBGene00012479,137,1109,1246
WBGene00012480,6,21,27
WBGene00012481,14,213,227
WBGene00012482,3,2,5
WBGene00012483,16,999,1015
WBGene00012484,10,2444,2454
WBGene00012486,2,5,7
WBGene00012487,1,33,34
WBGene00012488,3,0,3
WBGene00012489,0,0,0
WBGene00012490,2,5,7
WBGene00012491,48,31,79
WBGene00012492,1,5,6
WBGene00012494,76,302,378
WBGene00012496,81,879,960
WBGene00012497,63,2030,2093
WBGene00012500,1,9,10
WBGene00012501,1,0,1
WBGene00012502,1,4,5
WBGene00012503,6,46,52
WBGene00012504,0,4,4
WBGene00012505,1,3,4
WBGene00012509,2,0,2
WBGene00012510,2,4,6
WBGene00012512,7,129,136
WBGene00012513,3,73,76
WBGene00012514,36,440,476
WBGene00012515,4,5,9
WBGene00012516,0,3,3
WBGene00012518,0,5,5
WBGene00012519,5,1,6
WBGene00012520,2,2,4
WBGene00012521,1,13,14
WBGene00012522,399,1385,1784
WBGene00012523,0,0,0
WBGene00012524,39,445,484
WBGene00012525,9,19,28
WBGene00012526,1,7,8
WBGene00012527,57,417,474
WBGene00012528,757,2979,3736
WBGene00012529,34,392,426
WBGene00012530,286,619,905
WBGene00012531,58,209,267
WBGene00012532,142,381,523
WBGene00012533,2,22,24
WBGene00012535,15,14,29
WBGene00012536,49,187,236
WBGene00012537,2,150,152
WBGene00012538,25,131,156
WBGene00012540,5,19,24
WBGene00012541,9,26,35
WBGene00012542,30,22,52
WBGene00012543,333,1652,1985
WBGene00012544,865,11168,12033
WBGene00012545,19,6,25
WBGene00012546,47,1740,1787
WBGene00012547,3,10,13
WBGene00012548,91,1465,1556
WBGene00012549,165,4,169
WBGene00012550,6,1897,1903
WBGene00012551,5,623,628
WBGene00012552,1,141,142
WBGene00012553,4555,40016,44571
WBGene00012554,137,3006,3143
WBGene00012555,30,254,284
WBGene00012556,64,881,945
WBGene00012557,7,7,14
WBGene00012558,213,1513,1726
WBGene00012559,234,229,463
WBGene00012560,487,1139,1626
WBGene00012561,2,26,28
WBGene00012562,98,894,992
WBGene00012564,32,577,609
WBGene00012565,28,449,477
WBGene00012566,6,130,136
WBGene00012567,13,41,54
WBGene00012570,5,14,19
WBGene00012571,2,0,2
WBGene00012573,54,445,499
WBGene00012574,3,14,17
WBGene00012575,1,0,1
WBGene00012576,98,291,389
WBGene00012577,2,4,6
WBGene00012578,283,701,984
WBGene00012579,0,0,0
WBGene00012580,0,1,1
WBGene00012581,0,1,1
WBGene00012582,2,26,28
WBGene00012583,5,7,12
WBGene00012584,1219,2792,4011
WBGene00012585,357,420,777
WBGene00012586,6,14,20
WBGene00012587,4,5,9
WBGene00012589,24,297,321
WBGene00012590,3,7,10
WBGene00012591,0,4379,4379
WBGene00012592,1,36,37
WBGene00012593,2,31,33
WBGene00012594,13,153,166
WBGene00012595,1,31,32
WBGene00012596,2,2,4
WBGene00012597,4,2,6
WBGene00012598,602,64,666
WBGene00012600,95,411,506
WBGene00012602,460,5166,5626
WBGene00012603,26,105,131
WBGene00012604,0,1087,1087
WBGene00012605,41,567,608
WBGene00012606,57,442,499
WBGene00012607,10,42,52
WBGene00012608,114,1168,1282
WBGene00012609,1,7,8
WBGene00012610,26,301,327
WBGene00012612,0,4,4
WBGene00012614,5,8,13
WBGene00012615,117,1771,1888
WBGene00012616,1,157,158
WBGene00012617,0,6,6
WBGene00012618,7,10,17
WBGene00012621,3,37,40
WBGene00012622,32,96,128
WBGene00012624,89,598,687
WBGene00012625,4,41,45
WBGene00012626,34,121,155
WBGene00012627,21,27,48
WBGene00012628,72,783,855
WBGene00012629,54,232,286
WBGene00012630,0,2,2
WBGene00012631,4,9,13
WBGene00012632,4,39,43
WBGene00012633,32,23,55
WBGene00012634,2,73,75
WBGene00012635,8,11,19
WBGene00012636,3,3,6
WBGene00012637,0,23,23
WBGene00012638,0,1,1
WBGene00012639,19,75,94
WBGene00012640,62,45,107
WBGene00012641,442,3890,4332
WBGene00012642,20,26,46
WBGene00012643,28,3070,3098
WBGene00012644,470,1116,1586
WBGene00012645,197,1517,1714
WBGene00012646,282,2516,2798
WBGene00012647,97,495,592
WBGene00012648,141,1444,1585
WBGene00012649,0,7,7
WBGene00012650,10,508,518
WBGene00012651,56,284,340
WBGene00012652,16,578,594
WBGene00012654,31,30,61
WBGene00012655,8,1,9
WBGene00012656,8,13,21
WBGene00012657,58,191,249
WBGene00012658,175,497,672
WBGene00012659,0,9,9
WBGene00012660,31,985,1016
WBGene00012661,1,0,1
WBGene00012662,91,1132,1223
WBGene00012663,234,832,1066
WBGene00012664,2,332,334
WBGene00012665,122,378,500
WBGene00012666,634,5395,6029
WBGene00012668,1680,6183,7863
WBGene00012669,23,55,78
WBGene00012670,23,7,30
WBGene00012671,2,23,25
WBGene00012672,2,6,8
WBGene00012673,17,101,118
WBGene00012674,403,1566,1969
WBGene00012675,176,855,1031
WBGene00012676,305,801,1106
WBGene00012678,26,116,142
WBGene00012679,3,15,18
WBGene00012681,3,0,3
WBGene00012682,7,4,11
WBGene00012683,0,2,2
WBGene00012684,5,6,11
WBGene00012686,3,2,5
WBGene00012688,7,7,14
WBGene00012689,5,30,35
WBGene00012691,1,0,1
WBGene00012692,963,9157,10120
WBGene00012693,210,1871,2081
WBGene00012694,86,753,839
WBGene00012695,30,1943,1973
WBGene00012696,21,152,173
WBGene00012697,70,804,874
WBGene00012698,15,313,328
WBGene00012699,16,23,39
WBGene00012700,42,336,378
WBGene00012701,145,565,710
WBGene00012702,14,28,42
WBGene00012703,59,173,232
WBGene00012704,83,303,386
WBGene00012705,3,5,8
WBGene00012707,3,4,7
WBGene00012708,2,8,10
WBGene00012709,21,28,49
WBGene00012710,12,405,417
WBGene00012711,13,61,74
WBGene00012712,216,326,542
WBGene00012713,178,1583,1761
WBGene00012714,50,491,541
WBGene00012715,32,315,347
WBGene00012716,5,159,164
WBGene00012717,539,9670,10209
WBGene00012718,633,334,967
WBGene00012719,186,249,435
WBGene00012720,3,17,20
WBGene00012721,29,35,64
WBGene00012722,19,705,724
WBGene00012723,15,434,449
WBGene00012724,6,5,11
WBGene00012725,0,2,2
WBGene00012726,5,4,9
WBGene00012727,0,0,0
WBGene00012728,10,184,194
WBGene00012729,0,3,3
WBGene00012730,780,917,1697
WBGene00012731,2,25,27
WBGene00012732,260,594,854
WBGene00012733,11,8,19
WBGene00012734,363,167,530
WBGene00012735,805,1475,2280
WBGene00012738,85,2324,2409
WBGene00012739,3111,13669,16780
WBGene00012740,82,376,458
WBGene00012741,4,9,13
WBGene00012742,0,0,0
WBGene00012743,25,10,35
WBGene00012744,273,377,650
WBGene00012746,5,0,5
WBGene00012747,13,13,26
WBGene00012748,5,41,46
WBGene00012750,149,531,680
WBGene00012753,30,311,341
WBGene00012754,11,51,62
WBGene00012755,46,550,596
WBGene00012756,266,739,1005
WBGene00012757,80,898,978
WBGene00012758,22,187,209
WBGene00012759,346,8141,8487
WBGene00012760,5726,512,6238
WBGene00012761,2,2,4
WBGene00012762,123,1475,1598
WBGene00012763,281,853,1134
WBGene00012764,0,835,835
WBGene00012765,255,1381,1636
WBGene00012766,62,2736,2798
WBGene00012767,296,710,1006
WBGene00012768,38,25820,25858
WBGene00012769,360,2530,2890
WBGene00012770,191,97,288
WBGene00012771,1,1,2
WBGene00012772,14,1,15
WBGene00012773,7,3,10
WBGene00012775,31,12,43
WBGene00012776,219,1030,1249
WBGene00012777,21,178,199
WBGene00012778,56,509,565
WBGene00012779,87,265,352
WBGene00012780,7,14,21
WBGene00012781,0,24,24
WBGene00012782,91,669,760
WBGene00012783,329,21233,21562
WBGene00012784,20,21,41
WBGene00012785,0,3,3
WBGene00012786,3,12,15
WBGene00012787,0,28,28
WBGene00012788,71,12,83
WBGene00012789,1,0,1
WBGene00012790,0,0,0
WBGene00012791,151,90,241
WBGene00012792,0,7,7
WBGene00012794,123,2178,2301
WBGene00012795,6,167,173
WBGene00012796,72,315,387
WBGene00012798,7,13,20
WBGene00012799,0,5,5
WBGene00012802,101,457,558
WBGene00012803,26,1084,1110
WBGene00012804,157,495,652
WBGene00012806,35,460,495
WBGene00012807,69,869,938
WBGene00012808,31,91,122
WBGene00012809,4,2,6
WBGene00012810,5,23,28
WBGene00012811,51,152,203
WBGene00012812,929,10820,11749
WBGene00012813,1784,10734,12518
WBGene00012814,41,39,80
WBGene00012815,21,122,143
WBGene00012816,2,3,5
WBGene00012818,5,0,5
WBGene00012819,48,439,487
WBGene00012820,40,1,41
WBGene00012821,130,1738,1868
WBGene00012822,2,5,7
WBGene00012823,5,85,90
WBGene00012824,38,98,136
WBGene00012825,956,5916,6872
WBGene00012826,58,294,352
WBGene00012827,2,2,4
WBGene00012828,538,262,800
WBGene00012829,414,1882,2296
WBGene00012830,41,538,579
WBGene00012831,1,8,9
WBGene00012832,451,2,453
WBGene00012833,43,406,449
WBGene00012834,25,64,89
WBGene00012835,113,428,541
WBGene00012836,0,0,0
WBGene00012837,1,5,6
WBGene00012838,1,7,8
WBGene00012839,0,1,1
WBGene00012840,68,87,155
WBGene00012841,0,3,3
WBGene00012844,0,0,0
WBGene00012845,93,203,296
WBGene00012846,1,6,7
WBGene00012847,20,8,28
WBGene00012848,0,9,9
WBGene00012849,0,4,4
WBGene00012850,2830,16750,19580
WBGene00012851,3,29,32
WBGene00012852,23,17,40
WBGene00012853,123,6512,6635
WBGene00012854,270,2991,3261
WBGene00012855,5,4,9
WBGene00012856,44,73,117
WBGene00012857,367,1264,1631
WBGene00012858,93,524,617
WBGene00012859,48,145,193
WBGene00012860,70,438,508
WBGene00012861,23,428,451
WBGene00012862,1,2,3
WBGene00012863,7,3,10
WBGene00012864,28,151,179
WBGene00012866,105,258,363
WBGene00012867,29,389,418
WBGene00012868,1001,2040,3041
WBGene00012869,61,663,724
WBGene00012871,0,0,0
WBGene00012872,0,1,1
WBGene00012873,2,15,17
WBGene00012874,0,0,0
WBGene00012875,702,3697,4399
WBGene00012877,52,60,112
WBGene00012878,0,0,0
WBGene00012879,7,170,177
WBGene00012880,4,3,7
WBGene00012883,22,241,263
WBGene00012885,685,8746,9431
WBGene00012886,387,3775,4162
WBGene00012887,255,1093,1348
WBGene00012888,31,625,656
WBGene00012889,148,470,618
WBGene00012890,134,251,385
WBGene00012891,384,2038,2422
WBGene00012892,2,5,7
WBGene00012893,5,48,53
WBGene00012894,1082,918,2000
WBGene00012895,198,639,837
WBGene00012896,79,2008,2087
WBGene00012897,23,1059,1082
WBGene00012899,13,129,142
WBGene00012900,5,114,119
WBGene00012901,33,68,101
WBGene00012903,222,2670,2892
WBGene00012904,67,425,492
WBGene00012905,0,7,7
WBGene00012906,112,1103,1215
WBGene00012907,4651,10408,15059
WBGene00012908,390,1210,1600
WBGene00012909,241,214,455
WBGene00012910,5,69,74
WBGene00012911,82,478,560
WBGene00012912,1,11,12
WBGene00012913,0,1,1
WBGene00012914,0,5,5
WBGene00012915,116,271,387
WBGene00012916,0,1,1
WBGene00012917,30,4,34
WBGene00012919,245,464,709
WBGene00012920,160,228,388
WBGene00012921,0,377,377
WBGene00012922,9,90,99
WBGene00012923,26,197,223
WBGene00012925,2,21,23
WBGene00012926,2,27,29
WBGene00012927,58,517,575
WBGene00012928,44,1292,1336
WBGene00012929,787,3076,3863
WBGene00012930,446,1106,1552
WBGene00012931,123,874,997
WBGene00012932,89,850,939
WBGene00012933,0,134,134
WBGene00012934,287,451,738
WBGene00012935,195,439,634
WBGene00012936,240,1209,1449
WBGene00012937,0,2,2
WBGene00012938,218,374,592
WBGene00012939,13,3,16
WBGene00012940,12,10,22
WBGene00012941,14,45,59
WBGene00012942,0,66,66
WBGene00012943,161,460,621
WBGene00012945,0,0,0
WBGene00012946,14,118,132
WBGene00012947,4,30,34
WBGene00012948,480,450,930
WBGene00012950,85,495,580
WBGene00012951,203,1203,1406
WBGene00012952,1,14,15
WBGene00012953,11,97,108
WBGene00012955,4,3,7
WBGene00012958,15,13,28
WBGene00012959,10,138,148
WBGene00012960,1241,2808,4049
WBGene00012961,22,211,233
WBGene00012962,34,196,230
WBGene00012964,55,2936,2991
WBGene00012965,0,13,13
WBGene00012966,7,580,587
WBGene00012967,145,143,288
WBGene00012968,78,577,655
WBGene00012969,5,35,40
WBGene00012970,31,117,148
WBGene00012972,116,772,888
WBGene00012973,1385,4761,6146
WBGene00012976,85,351,436
WBGene00012977,185,256,441
WBGene00012978,132,1300,1432
WBGene00012979,10,85,95
WBGene00012980,4754,6189,10943
WBGene00012981,9,39,48
WBGene00012982,241,1084,1325
WBGene00012983,300,2949,3249
WBGene00012984,80,305,385
WBGene00012985,70,13,83
WBGene00012987,859,7772,8631
WBGene00012988,746,2261,3007
WBGene00012989,2027,782,2809
WBGene00012990,630,856,1486
WBGene00012992,72,826,898
WBGene00012993,80,261,341
WBGene00012994,185,441,626
WBGene00012995,362,585,947
WBGene00012996,205,849,1054
WBGene00012997,18,572,590
WBGene00012998,357,376,733
WBGene00012999,776,1988,2764
WBGene00013000,633,235,868
WBGene00013001,421,906,1327
WBGene00013002,645,769,1414
WBGene00013004,949,5671,6620
WBGene00013006,346,363,709
WBGene00013007,12,11,23
WBGene00013008,358,6034,6392
WBGene00013009,18,91,109
WBGene00013011,51,367,418
WBGene00013013,172,1985,2157
WBGene00013014,185,903,1088
WBGene00013015,133,575,708
WBGene00013017,77,1620,1697
WBGene00013018,34,777,811
WBGene00013019,285,802,1087
WBGene00013020,363,2083,2446
WBGene00013021,117,463,580
WBGene00013023,22,129,151
WBGene00013024,35,190,225
WBGene00013025,317,3217,3534
WBGene00013026,6,740,746
WBGene00013027,18,81,99
WBGene00013028,3,17,20
WBGene00013029,72,602,674
WBGene00013030,96,692,788
WBGene00013033,22,318,340
WBGene00013034,1083,1470,2553
WBGene00013035,119,898,1017
WBGene00013036,5,9,14
WBGene00013037,29,61,90
WBGene00013038,59,1272,1331
WBGene00013039,516,3287,3803
WBGene00013040,542,988,1530
WBGene00013041,21,170,191
WBGene00013042,162,588,750
WBGene00013043,46,98,144
WBGene00013044,15,1,16
WBGene00013045,1,2,3
WBGene00013046,59,607,666
WBGene00013047,0,1,1
WBGene00013048,12,578,590
WBGene00013049,1,5,6
WBGene00013050,9,34,43
WBGene00013052,1,6,7
WBGene00013053,5,5,10
WBGene00013054,2,14,16
WBGene00013055,17,152,169
WBGene00013058,21,1,22
WBGene00013060,0,4,4
WBGene00013061,0,2,2
WBGene00013062,1,2,3
WBGene00013063,0,0,0
WBGene00013064,0,0,0
WBGene00013066,6,17,23
WBGene00013067,2,0,2
WBGene00013068,4,0,4
WBGene00013069,1,0,1
WBGene00013070,1,1,2
WBGene00013071,0,45,45
WBGene00013072,9,14,23
WBGene00013073,19,12,31
WBGene00013074,12,10,22
WBGene00013075,194,364,558
WBGene00013076,20,15,35
WBGene00013077,8804,99179,107983
WBGene00013078,2806,33334,36140
WBGene00013079,3778,24464,28242
WBGene00013080,664,2538,3202
WBGene00013081,2238,62193,64431
WBGene00013082,168,444,612
WBGene00013083,33,106,139
WBGene00013085,1,0,1
WBGene00013086,1,0,1
WBGene00013087,0,0,0
WBGene00013088,3,19,22
WBGene00013089,0,1,1
WBGene00013090,1,0,1
WBGene00013091,5,46,51
WBGene00013093,1233,1021,2254
WBGene00013094,1003,13720,14723
WBGene00013095,273,780,1053
WBGene00013096,489,722,1211
WBGene00013098,101,377,478
WBGene00013099,61,42,103
WBGene00013100,6,22,28
WBGene00013101,11,26,37
WBGene00013102,1,0,1
WBGene00013103,212,3978,4190
WBGene00013104,931,20457,21388
WBGene00013105,5,7,12
WBGene00013106,138,1295,1433
WBGene00013107,5,27,32
WBGene00013109,114,7935,8049
WBGene00013111,291,3199,3490
WBGene00013115,1,0,1
WBGene00013116,38,55,93
WBGene00013117,1,2,3
WBGene00013118,31,188,219
WBGene00013119,163,214,377
WBGene00013120,0,6,6
WBGene00013121,0,3,3
WBGene00013122,80,371,451
WBGene00013123,351,379,730
WBGene00013124,950,433,1383
WBGene00013125,6,41,47
WBGene00013126,9,1,10
WBGene00013127,55,396,451
WBGene00013128,186,1161,1347
WBGene00013129,664,4071,4735
WBGene00013130,1,2,3
WBGene00013131,162,39,201
WBGene00013132,130,769,899
WBGene00013135,49,439,488
WBGene00013136,83,986,1069
WBGene00013137,69,344,413
WBGene00013138,15,5,20
WBGene00013139,65,570,635
WBGene00013140,38,760,798
WBGene00013141,11,8,19
WBGene00013142,211,11,222
WBGene00013143,20,571,591
WBGene00013144,1963,11906,13869
WBGene00013145,5,2,7
WBGene00013146,86,849,935
WBGene00013147,0,28,28
WBGene00013148,2,10,12
WBGene00013149,38,37,75
WBGene00013150,19,724,743
WBGene00013151,154,385,539
WBGene00013152,7,2,9
WBGene00013154,0,2,2
WBGene00013156,11,419,430
WBGene00013157,3,7,10
WBGene00013158,6,21,27
WBGene00013159,80,170,250
WBGene00013160,881,975,1856
WBGene00013161,504,1355,1859
WBGene00013162,9,10,19
WBGene00013163,6,0,6
WBGene00013164,189,292,481
WBGene00013165,7,44,51
WBGene00013166,8,44,52
WBGene00013167,473,307,780
WBGene00013168,116,1351,1467
WBGene00013169,24,201,225
WBGene00013170,4,1,5
WBGene00013171,41,8,49
WBGene00013172,0,0,0
WBGene00013173,12,2,14
WBGene00013175,5,12,17
WBGene00013176,53,403,456
WBGene00013177,334,1795,2129
WBGene00013178,97,757,854
WBGene00013179,1,4,5
WBGene00013180,21,122,143
WBGene00013181,18493,124086,142579
WBGene00013182,2,7,9
WBGene00013184,0,0,0
WBGene00013186,0,2,2
WBGene00013187,24,140,164
WBGene00013188,82,230,312
WBGene00013189,336,622,958
WBGene00013190,7,58,65
WBGene00013192,3,13,16
WBGene00013193,119,1336,1455
WBGene00013194,1,1,2
WBGene00013195,18,157,175
WBGene00013196,30,218,248
WBGene00013197,44,253,297
WBGene00013198,11,63,74
WBGene00013200,1025,15107,16132
WBGene00013201,82,891,973
WBGene00013202,111,1341,1452
WBGene00013203,86,839,925
WBGene00013204,52,567,619
WBGene00013207,6,2,8
WBGene00013208,36,257,293
WBGene00013209,111,1277,1388
WBGene00013210,0,4456,4456
WBGene00013211,79,675,754
WBGene00013212,107,141,248
WBGene00013213,126,892,1018
WBGene00013214,42,529,571
WBGene00013215,34,321,355
WBGene00013216,106,3150,3256
WBGene00013217,134,534,668
WBGene00013218,48,568,616
WBGene00013219,44,2298,2342
WBGene00013220,4,4,8
WBGene00013221,14,28,42
WBGene00013222,143,585,728
WBGene00013223,338,1674,2012
WBGene00013224,135,933,1068
WBGene00013225,270,918,1188
WBGene00013226,33,2,35
WBGene00013227,24,122,146
WBGene00013228,2326,2277,4603
WBGene00013230,0,0,0
WBGene00013231,27,365,392
WBGene00013232,225,391,616
WBGene00013233,0,9,9
WBGene00013234,0,24,24
WBGene00013235,15,79,94
WBGene00013236,128,11380,11508
WBGene00013237,26,2181,2207
WBGene00013238,137,2448,2585
WBGene00013239,60,554,614
WBGene00013240,360,631,991
WBGene00013241,45,296,341
WBGene00013242,95,470,565
WBGene00013243,231,717,948
WBGene00013244,420,2264,2684
WBGene00013246,90,219,309
WBGene00013247,229,76,305
WBGene00013248,41,201,242
WBGene00013249,40,118,158
WBGene00013250,4,160,164
WBGene00013252,152,254,406
WBGene00013253,94,259,353
WBGene00013254,2,2,4
WBGene00013255,435,2942,3377
WBGene00013256,148,1007,1155
WBGene00013257,21,155,176
WBGene00013258,1266,355,1621
WBGene00013259,105,487,592
WBGene00013260,14,383,397
WBGene00013261,163,266,429
WBGene00013263,48,479,527
WBGene00013264,4,9,13
WBGene00013265,148,447,595
WBGene00013266,49,944,993
WBGene00013267,207,608,815
WBGene00013268,37,182,219
WBGene00013269,20,2589,2609
WBGene00013270,160,419,579
WBGene00013272,36,88,124
WBGene00013273,336,1865,2201
WBGene00013274,155,11,166
WBGene00013275,42,1434,1476
WBGene00013276,1,4,5
WBGene00013277,1,9,10
WBGene00013278,2,22,24
WBGene00013279,1,5,6
WBGene00013280,1,0,1
WBGene00013281,4,24,28
WBGene00013282,5,7,12
WBGene00013284,3,658,661
WBGene00013285,12,20,32
WBGene00013286,5,69,74
WBGene00013287,28,73,101
WBGene00013288,3,2,5
WBGene00013289,1095,3041,4136
WBGene00013290,0,0,0
WBGene00013292,214,978,1192
WBGene00013293,18,291,309
WBGene00013294,3,6,9
WBGene00013295,13,608,621
WBGene00013296,0,1,1
WBGene00013297,9,1,10
WBGene00013298,9,68,77
WBGene00013299,2,2,4
WBGene00013300,3,0,3
WBGene00013301,22,2312,2334
WBGene00013302,23,441,464
WBGene00013303,208,581,789
WBGene00013304,25,64,89
WBGene00013305,0,9,9
WBGene00013306,0,42,42
WBGene00013307,166,4352,4518
WBGene00013308,1328,24027,25355
WBGene00013310,58,53,111
WBGene00013311,15,2565,2580
WBGene00013312,1,43,44
WBGene00013313,6,6,12
WBGene00013315,0,0,0
WBGene00013317,677,1754,2431
WBGene00013318,10,0,10
WBGene00013319,0,5,5
WBGene00013321,68,554,622
WBGene00013322,36,119,155
WBGene00013323,14,1268,1282
WBGene00013324,85,1067,1152
WBGene00013325,28,655,683
WBGene00013326,268,627,895
WBGene00013327,255,545,800
WBGene00013328,5,0,5
WBGene00013329,2,90,92
WBGene00013330,1,54,55
WBGene00013331,36,12,48
WBGene00013332,22,1007,1029
WBGene00013333,25,96,121
WBGene00013334,130,766,896
WBGene00013335,24,108,132
WBGene00013336,22,46,68
WBGene00013337,6,8,14
WBGene00013338,4,0,4
WBGene00013339,191,622,813
WBGene00013340,181,1193,1374
WBGene00013343,504,2407,2911
WBGene00013344,32,39,71
WBGene00013345,59,1295,1354
WBGene00013347,924,2512,3436
WBGene00013348,41,415,456
WBGene00013349,7,332,339
WBGene00013350,195,305,500
WBGene00013351,5,0,5
WBGene00013352,158,790,948
WBGene00013353,148,235,383
WBGene00013354,483,1736,2219
WBGene00013355,273,1624,1897
WBGene00013356,20,65,85
WBGene00013357,6,0,6
WBGene00013358,52,301,353
WBGene00013359,54,430,484
WBGene00013360,327,3929,4256
WBGene00013361,282,321,603
WBGene00013362,65,191,256
WBGene00013364,6,53,59
WBGene00013365,143,1027,1170
WBGene00013366,382,930,1312
WBGene00013367,1,4,5
WBGene00013368,15,21,36
WBGene00013370,0,4,4
WBGene00013371,0,0,0
WBGene00013373,29,1248,1277
WBGene00013374,0,1,1
WBGene00013375,30,65,95
WBGene00013376,101,445,546
WBGene00013378,30,4058,4088
WBGene00013379,952,2743,3695
WBGene00013380,3,465,468
WBGene00013381,259,146,405
WBGene00013382,85,1098,1183
WBGene00013383,7,70,77
WBGene00013385,67,280,347
WBGene00013387,148,591,739
WBGene00013388,2,42,44
WBGene00013389,11,11,22
WBGene00013390,1,0,1
WBGene00013391,0,2,2
WBGene00013392,4,4,8
WBGene00013393,0,0,0
WBGene00013394,0,1,1
WBGene00013395,7,31,38
WBGene00013396,2,2,4
WBGene00013397,11,6,17
WBGene00013398,3,41,44
WBGene00013399,7,7,14
WBGene00013400,0,2,2
WBGene00013401,54,132,186
WBGene00013402,8,48,56
WBGene00013403,15,150,165
WBGene00013404,0,47,47
WBGene00013405,55,272,327
WBGene00013406,245,2753,2998
WBGene00013407,50,220,270
WBGene00013408,1,2,3
WBGene00013409,0,21,21
WBGene00013411,1,1,2
WBGene00013412,0,7,7
WBGene00013415,174,1029,1203
WBGene00013416,171,353,524
WBGene00013417,73,28,101
WBGene00013418,50,425,475
WBGene00013419,38,46,84
WBGene00013421,0,1,1
WBGene00013422,79,355,434
WBGene00013424,19,92,111
WBGene00013425,122,332,454
WBGene00013426,16,136,152
WBGene00013427,2,152,154
WBGene00013429,3,8,11
WBGene00013431,131,272,403
WBGene00013432,5,112,117
WBGene00013433,5,369,374
WBGene00013434,177,1072,1249
WBGene00013435,136,671,807
WBGene00013436,141,1315,1456
WBGene00013437,12,18,30
WBGene00013438,0,342,342
WBGene00013439,13,57,70
WBGene00013440,20,152,172
WBGene00013441,189,635,824
WBGene00013442,21,153,174
WBGene00013443,109,234,343
WBGene00013445,49,201,250
WBGene00013446,227,567,794
WBGene00013447,212,392,604
WBGene00013448,193,1020,1213
WBGene00013449,6,10,16
WBGene00013450,2,4,6
WBGene00013451,2,3,5
WBGene00013452,6,4,10
WBGene00013453,22,215,237
WBGene00013454,4,6,10
WBGene00013455,439,1592,2031
WBGene00013456,57,322,379
WBGene00013457,16,12,28
WBGene00013458,73,431,504
WBGene00013459,228,1483,1711
WBGene00013460,362,721,1083
WBGene00013461,351,1311,1662
WBGene00013462,167,2317,2484
WBGene00013463,0,4014,4014
WBGene00013464,100,798,898
WBGene00013465,77,736,813
WBGene00013466,0,2,2
WBGene00013468,1,0,1
WBGene00013469,4,5,9
WBGene00013470,6,4,10
WBGene00013471,0,1,1
WBGene00013472,1,2,3
WBGene00013473,1,1,2
WBGene00013474,0,9,9
WBGene00013475,0,0,0
WBGene00013476,0,6,6
WBGene00013477,157,5049,5206
WBGene00013478,4,16,20
WBGene00013479,59,156,215
WBGene00013480,37,28,65
WBGene00013481,857,7898,8755
WBGene00013482,76,320,396
WBGene00013483,1,4,5
WBGene00013484,37,43,80
WBGene00013485,265,883,1148
WBGene00013486,55,47,102
WBGene00013487,14,5,19
WBGene00013489,171,65260,65431
WBGene00013490,4,34,38
WBGene00013491,0,0,0
WBGene00013492,1,11,12
WBGene00013493,0,3,3
WBGene00013494,9,12,21
WBGene00013496,46,60,106
WBGene00013497,25,135,160
WBGene00013498,12,18,30
WBGene00013499,59,181,240
WBGene00013500,0,0,0
WBGene00013501,0,5,5
WBGene00013502,8,0,8
WBGene00013503,16,0,16
WBGene00013505,12,5,17
WBGene00013506,206,159,365
WBGene00013507,14,42,56
WBGene00013508,0,5,5
WBGene00013509,13,238,251
WBGene00013511,4,19,23
WBGene00013512,12,6,18
WBGene00013513,6,67,73
WBGene00013514,201,1653,1854
WBGene00013515,766,8329,9095
WBGene00013516,230,2483,2713
WBGene00013517,65,42,107
WBGene00013518,197,630,827
WBGene00013519,1,0,1
WBGene00013520,21,11,32
WBGene00013521,0,5,5
WBGene00013522,153,418,571
WBGene00013523,0,0,0
WBGene00013524,1,1,2
WBGene00013525,4,9,13
WBGene00013526,2,8,10
WBGene00013527,5,1,6
WBGene00013528,0,0,0
WBGene00013529,160,622,782
WBGene00013530,316,736,1052
WBGene00013531,63,300,363
WBGene00013532,21,1025,1046
WBGene00013534,128,80,208
WBGene00013536,176,45,221
WBGene00013538,236,1062,1298
WBGene00013539,28,229,257
WBGene00013540,54,118,172
WBGene00013541,34,104,138
WBGene00013542,45,248,293
WBGene00013543,58,70,128
WBGene00013544,341,2496,2837
WBGene00013545,473,1358,1831
WBGene00013547,11,15,26
WBGene00013548,418,1530,1948
WBGene00013549,170,516,686
WBGene00013550,77,2268,2345
WBGene00013551,62,224,286
WBGene00013552,10,313,323
WBGene00013553,163,1249,1412
WBGene00013554,111,149,260
WBGene00013555,9,47,56
WBGene00013556,60,357,417
WBGene00013557,506,1196,1702
WBGene00013558,126,663,789
WBGene00013559,93,412,505
WBGene00013560,254,1466,1720
WBGene00013561,124,1028,1152
WBGene00013562,14,46,60
WBGene00013563,108,44,152
WBGene00013564,14,47,61
WBGene00013565,0,2,2
WBGene00013566,1,1,2
WBGene00013567,33,288,321
WBGene00013568,93,1812,1905
WBGene00013569,37,1806,1843
WBGene00013570,0,0,0
WBGene00013572,0,0,0
WBGene00013573,35,20,55
WBGene00013574,105,52,157
WBGene00013575,25,164,189
WBGene00013576,15,222,237
WBGene00013577,1543,11863,13406
WBGene00013578,70,230,300
WBGene00013579,80,26,106
WBGene00013580,1365,1466,2831
WBGene00013581,0,1,1
WBGene00013583,6,4,10
WBGene00013584,94,370,464
WBGene00013585,31,339,370
WBGene00013586,12,3,15
WBGene00013587,41,108,149
WBGene00013588,262,2743,3005
WBGene00013590,0,11,11
WBGene00013591,80,819,899
WBGene00013592,33,20,53
WBGene00013593,177,775,952
WBGene00013594,225,385,610
WBGene00013595,240,1558,1798
WBGene00013596,49,1248,1297
WBGene00013597,556,4709,5265
WBGene00013598,105,1331,1436
WBGene00013599,222,357,579
WBGene00013601,61,217,278
WBGene00013602,12,73,85
WBGene00013603,164,2395,2559
WBGene00013604,87,848,935
WBGene00013605,104,1008,1112
WBGene00013606,333,949,1282
WBGene00013607,1,5,6
WBGene00013608,0,2,2
WBGene00013609,4,42,46
WBGene00013610,17,519,536
WBGene00013611,14,303,317
WBGene00013613,2,10,12
WBGene00013616,0,0,0
WBGene00013619,1,5,6
WBGene00013620,4,5,9
WBGene00013621,2,0,2
WBGene00013622,0,1,1
WBGene00013623,68,578,646
WBGene00013626,0,1,1
WBGene00013628,3,0,3
WBGene00013629,3,1,4
WBGene00013631,12,6,18
WBGene00013632,32,341,373
WBGene00013633,503,3345,3848
WBGene00013634,49,73,122
WBGene00013635,0,0,0
WBGene00013636,0,466,466
WBGene00013637,37,48,85
WBGene00013639,2059,663,2722
WBGene00013642,193,923,1116
WBGene00013643,23,207,230
WBGene00013645,1,1,2
WBGene00013646,2,1,3
WBGene00013647,504,4645,5149
WBGene00013649,15,17,32
WBGene00013650,6,237,243
WBGene00013651,13,5,18
WBGene00013653,1,3,4
WBGene00013654,4,3,7
WBGene00013655,18,28,46
WBGene00013656,1,4,5
WBGene00013657,0,0,0
WBGene00013658,9,99,108
WBGene00013659,0,25,25
WBGene00013662,20,192,212
WBGene00013665,9,34,43
WBGene00013666,90,307,397
WBGene00013667,198,865,1063
WBGene00013668,116,380,496
WBGene00013669,48,197,245
WBGene00013670,402,1380,1782
WBGene00013671,72,1288,1360
WBGene00013672,238,312,550
WBGene00013673,57,47,104
WBGene00013674,39,205,244
WBGene00013676,209,1212,1421
WBGene00013677,356,1086,1442
WBGene00013678,373,1180,1553
WBGene00013679,192,851,1043
WBGene00013680,271,989,1260
WBGene00013682,1686,1461,3147
WBGene00013683,327,1878,2205
WBGene00013684,8,2,10
WBGene00013685,26,38,64
WBGene00013687,132,814,946
WBGene00013688,497,5898,6395
WBGene00013689,27,1083,1110
WBGene00013690,50,464,514
WBGene00013691,53,465,518
WBGene00013692,167,1625,1792
WBGene00013693,169,65,234
WBGene00013694,98,1284,1382
WBGene00013695,332,1796,2128
WBGene00013696,0,5,5
WBGene00013697,16,448,464
WBGene00013698,6,25,31
WBGene00013699,0,1,1
WBGene00013700,16,238,254
WBGene00013701,16,230,246
WBGene00013702,65,158,223
WBGene00013703,448,1114,1562
WBGene00013704,47,299,346
WBGene00013705,1,1,2
WBGene00013708,9,564,573
WBGene00013709,190,2255,2445
WBGene00013710,0,26,26
WBGene00013711,83,571,654
WBGene00013712,0,2,2
WBGene00013713,5,71,76
WBGene00013715,6,158,164
WBGene00013716,7,84,91
WBGene00013717,14,652,666
WBGene00013718,69,1846,1915
WBGene00013719,32,598,630
WBGene00013720,9,519,528
WBGene00013721,2,63,65
WBGene00013723,0,49,49
WBGene00013724,23,166,189
WBGene00013725,102,897,999
WBGene00013726,49,360,409
WBGene00013727,9,126,135
WBGene00013728,78,639,717
WBGene00013729,9,422,431
WBGene00013730,854,2575,3429
WBGene00013732,3817,2166,5983
WBGene00013734,1350,4272,5622
WBGene00013735,2245,3317,5562
WBGene00013736,58,1706,1764
WBGene00013737,673,1417,2090
WBGene00013738,340,659,999
WBGene00013739,246,99,345
WBGene00013740,21,479,500
WBGene00013741,26,57,83
WBGene00013742,126,151,277
WBGene00013744,0,5,5
WBGene00013746,198,281,479
WBGene00013747,24,2,26
WBGene00013748,99,762,861
WBGene00013749,9,143,152
WBGene00013750,3,37,40
WBGene00013751,33,187,220
WBGene00013752,23,671,694
WBGene00013753,74,382,456
WBGene00013754,0,3,3
WBGene00013755,16,79,95
WBGene00013756,28,608,636
WBGene00013757,1,17,18
WBGene00013758,27,451,478
WBGene00013759,5,6,11
WBGene00013760,0,3,3
WBGene00013761,8,181,189
WBGene00013762,4,32,36
WBGene00013764,21,25,46
WBGene00013765,77,374,451
WBGene00013766,224,30398,30622
WBGene00013768,142,361,503
WBGene00013771,8,7,15
WBGene00013773,5,25,30
WBGene00013774,10,52,62
WBGene00013775,1,3,4
WBGene00013776,2,130,132
WBGene00013777,2,1,3
WBGene00013778,10,35,45
WBGene00013779,3,31,34
WBGene00013781,84,282,366
WBGene00013782,68,176,244
WBGene00013784,1806,12304,14110
WBGene00013785,4,0,4
WBGene00013786,2,9,11
WBGene00013789,134,345,479
WBGene00013790,87,538,625
WBGene00013791,0,3,3
WBGene00013792,239,293,532
WBGene00013794,0,2,2
WBGene00013795,1,2,3
WBGene00013796,0,0,0
WBGene00013797,0,0,0
WBGene00013798,1,1,2
WBGene00013799,5,9,14
WBGene00013800,20,3,23
WBGene00013801,29,48,77
WBGene00013802,224,408,632
WBGene00013803,295,1292,1587
WBGene00013804,277,1362,1639
WBGene00013805,237,975,1212
WBGene00013806,183,1137,1320
WBGene00013807,457,956,1413
WBGene00013808,355,1528,1883
WBGene00013809,18,19,37
WBGene00013810,1,1,2
WBGene00013811,0,1,1
WBGene00013812,42,79,121
WBGene00013814,49,37,86
WBGene00013815,0,3,3
WBGene00013816,3,6,9
WBGene00013817,4,24,28
WBGene00013819,48,592,640
WBGene00013820,1,0,1
WBGene00013822,3,23,26
WBGene00013823,48,18,66
WBGene00013824,2,1,3
WBGene00013825,22,12,34
WBGene00013827,0,2,2
WBGene00013828,21,5,26
WBGene00013829,0,17,17
WBGene00013830,1,8,9
WBGene00013831,14,3,17
WBGene00013832,3,16,19
WBGene00013833,3,45,48
WBGene00013834,49,16,65
WBGene00013835,20,44,64
WBGene00013836,44,225,269
WBGene00013837,1,79,80
WBGene00013838,11,110,121
WBGene00013839,15,37,52
WBGene00013840,3,30,33
WBGene00013844,12,28,40
WBGene00013845,35,421,456
WBGene00013846,2,7,9
WBGene00013847,92,552,644
WBGene00013848,146,284,430
WBGene00013849,10,6,16
WBGene00013850,80,82,162
WBGene00013852,3,1,4
WBGene00013853,5,3273,3278
WBGene00013854,1,1,2
WBGene00013855,54,284,338
WBGene00013856,0,51,51
WBGene00013857,127,580,707
WBGene00013858,0,2,2
WBGene00013859,1071,15223,16294
WBGene00013860,260,1307,1567
WBGene00013862,20,278,298
WBGene00013863,0,8,8
WBGene00013865,0,4,4
WBGene00013866,175,993,1168
WBGene00013867,27,72,99
WBGene00013868,5,19,24
WBGene00013869,365,2431,2796
WBGene00013870,56,285,341
WBGene00013871,12,75,87
WBGene00013872,36,36,72
WBGene00013873,8,15,23
WBGene00013874,3,13,16
WBGene00013875,8,26,34
WBGene00013876,11,156,167
WBGene00013877,142,1078,1220
WBGene00013878,562,1460,2022
WBGene00013879,2,7,9
WBGene00013880,26,724,750
WBGene00013881,37,452,489
WBGene00013882,3288,37945,41233
WBGene00013883,21,47,68
WBGene00013884,2413,14951,17364
WBGene00013886,10,12,22
WBGene00013887,0,6,6
WBGene00013888,0,0,0
WBGene00013889,0,0,0
WBGene00013890,0,0,0
WBGene00013891,1,14,15
WBGene00013892,68,1217,1285
WBGene00013893,20,691,711
WBGene00013894,79,827,906
WBGene00013895,97,1138,1235
WBGene00013896,78,367,445
WBGene00013897,42,1711,1753
WBGene00013898,626,13207,13833
WBGene00013899,52,1513,1565
WBGene00013900,4,202,206
WBGene00013901,20,435,455
WBGene00013902,55,217,272
WBGene00013903,1,73,74
WBGene00013904,4,100,104
WBGene00013905,2,6,8
WBGene00013906,11,110,121
WBGene00013907,9,67,76
WBGene00013908,3,12,15
WBGene00013909,3,16,19
WBGene00013910,0,1,1
WBGene00013911,14,51,65
WBGene00013912,14,27,41
WBGene00013913,12,4,16
WBGene00013914,35,46,81
WBGene00013915,6,5,11
WBGene00013916,9,8,17
WBGene00013917,45,486,531
WBGene00013919,154,1170,1324
WBGene00013920,41,1032,1073
WBGene00013921,181,945,1126
WBGene00013922,1,0,1
WBGene00013923,18,291,309
WBGene00013924,39,1396,1435
WBGene00013925,71,946,1017
WBGene00013926,23,808,831
WBGene00013927,0,1,1
WBGene00013928,1,0,1
WBGene00013929,3,5,8
WBGene00013930,0,1,1
WBGene00013931,15,0,15
WBGene00013932,0,0,0
WBGene00013933,8,19,27
WBGene00013934,817,2311,3128
WBGene00013935,0,7,7
WBGene00013937,0,8,8
WBGene00013938,10,110,120
WBGene00013939,0,177,177
WBGene00013940,4,2,6
WBGene00013941,0,34,34
WBGene00013942,36,47,83
WBGene00013943,0,9,9
WBGene00013944,0,4,4
WBGene00013946,56,16,72
WBGene00013947,12,37,49
WBGene00013949,21,156,177
WBGene00013950,37,164,201
WBGene00013951,0,3,3
WBGene00013953,2,0,2
WBGene00013954,0,4,4
WBGene00013955,89,48,137
WBGene00013956,0,0,0
WBGene00013957,149,362,511
WBGene00013958,100,1856,1956
WBGene00013959,72,345,417
WBGene00013960,17,16,33
WBGene00013961,1,216,217
WBGene00013962,99,845,944
WBGene00013963,9,210,219
WBGene00013964,27,817,844
WBGene00013965,2,16,18
WBGene00013966,13,329,342
WBGene00013967,55,371,426
WBGene00013968,2,14,16
WBGene00013969,452,3056,3508
WBGene00013970,214,709,923
WBGene00013971,0,0,0
WBGene00013972,1,0,1
WBGene00013973,0,1,1
WBGene00013974,18,14,32
WBGene00013975,63,439,502
WBGene00013976,13,23,36
WBGene00013978,2,4,6
WBGene00013979,1,1,2
WBGene00013980,45,56,101
WBGene00013982,11,82,93
WBGene00013983,62,2037,2099
WBGene00013984,710,1898,2608
WBGene00013985,45,851,896
WBGene00013986,0,29,29
WBGene00013987,7,32,39
WBGene00013988,0,2,2
WBGene00013989,78,900,978
WBGene00013994,97,667,764
WBGene00013996,12,100,112
WBGene00013997,165,1031,1196
WBGene00013998,16,383,399
WBGene00013999,2,3,5
WBGene00014000,66,1979,2045
WBGene00014001,204,3735,3939
WBGene00014002,1395,12679,14074
WBGene00014003,16,4377,4393
WBGene00014004,289,2205,2494
WBGene00014006,13,5753,5766
WBGene00014007,0,19,19
WBGene00014008,2,59,61
WBGene00014009,0,4,4
WBGene00014011,44,1725,1769
WBGene00014012,63,15865,15928
WBGene00014013,225,3549,3774
WBGene00014014,143,585,728
WBGene00014015,97,1971,2068
WBGene00014016,2684,34602,37286
WBGene00014017,365,5402,5767
WBGene00014018,318,1978,2296
WBGene00014019,121,1093,1214
WBGene00014020,35,496,531
WBGene00014021,199,598,797
WBGene00014022,465,4087,4552
WBGene00014023,230,1307,1537
WBGene00014024,83,245,328
WBGene00014025,152,2707,2859
WBGene00014027,17,160,177
WBGene00014028,40,303,343
WBGene00014029,110,48,158
WBGene00014030,96,14960,15056
WBGene00014031,45,1558,1603
WBGene00014032,1,0,1
WBGene00014033,53,196,249
WBGene00014034,0,357,357
WBGene00014035,136,453,589
WBGene00014036,974,2849,3823
WBGene00014037,1573,5,1578
WBGene00014038,1,1,2
WBGene00014039,5,36,41
WBGene00014040,3,6,9
WBGene00014041,0,2,2
WBGene00014042,0,1,1
WBGene00014043,1,1,2
WBGene00014044,0,0,0
WBGene00014045,1,2,3
WBGene00014046,0,0,0
WBGene00014047,20,136,156
WBGene00014048,1,2,3
WBGene00014049,3,0,3
WBGene00014050,0,48,48
WBGene00014051,425,1371,1796
WBGene00014052,15,171,186
WBGene00014053,184,1263,1447
WBGene00014054,99,1735,1834
WBGene00014055,100,795,895
WBGene00014057,30,269,299
WBGene00014058,301,8823,9124
WBGene00014060,24,64,88
WBGene00014061,0,0,0
WBGene00014062,7,49,56
WBGene00014063,2,35,37
WBGene00014064,0,17,17
WBGene00014065,46,81,127
WBGene00014066,83,811,894
WBGene00014067,4,73,77
WBGene00014068,1,10,11
WBGene00014069,13,13,26
WBGene00014070,24,0,24
WBGene00014073,25,144,169
WBGene00014074,136,830,966
WBGene00014075,187,1557,1744
WBGene00014076,175,585,760
WBGene00014077,43,179,222
WBGene00014078,202,2245,2447
WBGene00014079,69,450,519
WBGene00014080,43,429,472
WBGene00014081,130,422,552
WBGene00014082,13,9,22
WBGene00014083,77,1268,1345
WBGene00014084,0,10,10
WBGene00014085,5,45,50
WBGene00014086,1413,13429,14842
WBGene00014087,74,1390,1464
WBGene00014088,549,8274,8823
WBGene00014089,26,22,48
WBGene00014090,27,775,802
WBGene00014091,520,10236,10756
WBGene00014092,957,5280,6237
WBGene00014093,54,28,82
WBGene00014094,16,53,69
WBGene00014095,312,109770,110082
WBGene00014096,18,2963,2981
WBGene00014097,0,30,30
WBGene00014098,424,4032,4456
WBGene00014099,90,1805,1895
WBGene00014100,6,28,34
WBGene00014101,241,332,573
WBGene00014102,1,2,3
WBGene00014103,15,2,17
WBGene00014104,3,1,4
WBGene00014105,9,21,30
WBGene00014106,92,490,582
WBGene00014107,3,166,169
WBGene00014108,345,10222,10567
WBGene00014109,66,3525,3591
WBGene00014111,14,410,424
WBGene00014112,151,1530,1681
WBGene00014113,7,314,321
WBGene00014114,39,617,656
WBGene00014115,208,1685,1893
WBGene00014116,0,225,225
WBGene00014117,9,108,117
WBGene00014118,121,967,1088
WBGene00014119,242,527,769
WBGene00014120,0,223,223
WBGene00014121,14,26,40
WBGene00014122,21,68,89
WBGene00014123,69,2391,2460
WBGene00014124,37,810,847
WBGene00014125,56,3788,3844
WBGene00014127,7,12,19
WBGene00014128,1,4,5
WBGene00014129,3,44,47
WBGene00014130,1,13,14
WBGene00014131,0,57,57
WBGene00014132,5,5,10
WBGene00014135,6,10,16
WBGene00014136,55,112,167
WBGene00014137,8,156,164
WBGene00014138,24,137,161
WBGene00014139,267,229,496
WBGene00014140,405,683,1088
WBGene00014141,23,211,234
WBGene00014142,0,9,9
WBGene00014143,1,1,2
WBGene00014144,0,1,1
WBGene00014145,45,341,386
WBGene00014148,160,1856,2016
WBGene00014149,2,25,27
WBGene00014150,149,934,1083
WBGene00014151,134,1056,1190
WBGene00014152,37,162,199
WBGene00014153,211,1144,1355
WBGene00014154,1,18,19
WBGene00014155,10,19,29
WBGene00014156,169,2830,2999
WBGene00014157,1,0,1
WBGene00014158,2,3,5
WBGene00014159,5,507,512
WBGene00014160,11,55,66
WBGene00014161,15,82,97
WBGene00014162,6,3,9
WBGene00014163,2,314,316
WBGene00014164,74,1036,1110
WBGene00014165,753,15935,16688
WBGene00014166,33,232,265
WBGene00014168,0,0,0
WBGene00014169,0,1,1
WBGene00014170,2,6,8
WBGene00014171,2054,2502,4556
WBGene00014172,122,802,924
WBGene00014173,17,177,194
WBGene00014174,0,2,2
WBGene00014175,809,3580,4389
WBGene00014176,30,182,212
WBGene00014177,52,937,989
WBGene00014178,15,59,74
WBGene00014179,0,1,1
WBGene00014181,27,185,212
WBGene00014182,0,0,0
WBGene00014183,1,0,1
WBGene00014184,1,1,2
WBGene00014186,0,1,1
WBGene00014188,0,0,0
WBGene00014189,1,0,1
WBGene00014190,3,11,14
WBGene00014191,2,4,6
WBGene00014192,8,13,21
WBGene00014193,0,2,2
WBGene00014194,2,6,8
WBGene00014195,17,39,56
WBGene00014196,3,10,13
WBGene00014197,2,3,5
WBGene00014198,5,340,345
WBGene00014199,3,18,21
WBGene00014200,4,72,76
WBGene00014201,1,1,2
WBGene00014202,159,3622,3781
WBGene00014203,15,205,220
WBGene00014204,81,5341,5422
WBGene00014205,18,311,329
WBGene00014206,15,228,243
WBGene00014207,219,5094,5313
WBGene00014208,67,1061,1128
WBGene00014209,90,1092,1182
WBGene00014210,22,182,204
WBGene00014213,360,5844,6204
WBGene00014214,748,1470,2218
WBGene00014215,247,994,1241
WBGene00014216,6,1,7
WBGene00014217,0,1,1
WBGene00014218,138,2919,3057
WBGene00014219,57,776,833
WBGene00014220,40,240,280
WBGene00014221,48,881,929
WBGene00014222,72,424,496
WBGene00014223,69,85,154
WBGene00014224,78,1280,1358
WBGene00014225,7,22,29
WBGene00014226,78,1362,1440
WBGene00014227,137,939,1076
WBGene00014228,12,368,380
WBGene00014229,0,12,12
WBGene00014230,22,559,581
WBGene00014232,232,1140,1372
WBGene00014233,174,2969,3143
WBGene00014234,4,538,542
WBGene00014235,2,3,5
WBGene00014236,3,1,4
WBGene00014238,0,4,4
WBGene00014239,1,2,3
WBGene00014240,0,0,0
WBGene00014241,0,3,3
WBGene00014242,0,1,1
WBGene00014243,175,1666,1841
WBGene00014244,27,686,713
WBGene00014245,22,263,285
WBGene00014246,2,6,8
WBGene00014247,2,4,6
WBGene00014248,81,335,416
WBGene00014249,37,1385,1422
WBGene00014250,21,994,1015
WBGene00014251,191,2330,2521
WBGene00014252,106,1169,1275
WBGene00014253,39,421,460
WBGene00014254,36,312,348
WBGene00014255,4,123,127
WBGene00014256,20,493,513
WBGene00014258,169,1631,1800
WBGene00014259,81,1064,1145
WBGene00014260,21,38,59
WBGene00014261,661,1324,1985
WBGene00014262,1419,5748,7167
WBGene00014300,107,793,900
WBGene00014569,192,1028,1220
WBGene00014666,16,41,57
WBGene00014668,8,6,14
WBGene00014669,3,89,92
WBGene00014679,3,1,4
WBGene00014697,72,1430,1502
WBGene00014698,204,848,1052
WBGene00014699,0,1,1
WBGene00014700,1,50,51
WBGene00014761,35,49,84
WBGene00014793,93,1023,1116
WBGene00014801,11,88,99
WBGene00014807,1,2,3
WBGene00014813,0,4,4
WBGene00014826,6199,74041,80240
WBGene00014848,35,556,591
WBGene00014864,7,0,7
WBGene00014871,27,465,492
WBGene00014914,4,17,21
WBGene00014924,2,7,9
WBGene00014926,8,10,18
WBGene00014938,102,1692,1794
WBGene00014953,0,1,1
WBGene00014965,51,704,755
WBGene00014989,406,1643,2049
WBGene00014997,1,2,3
WBGene00014998,29,86,115
WBGene00014999,40,521,561
WBGene00015000,29,121,150
WBGene00015001,90,737,827
WBGene00015002,31,354,385
WBGene00015003,4,19,23
WBGene00015004,17,109,126
WBGene00015005,19,58,77
WBGene00015006,4,9,13
WBGene00015007,527,3948,4475
WBGene00015008,63,755,818
WBGene00015009,91,1166,1257
WBGene00015010,33,261,294
WBGene00015011,24,1698,1722
WBGene00015012,8,26,34
WBGene00015014,19,196,215
WBGene00015015,6,17,23
WBGene00015017,81,451,532
WBGene00015018,7,6,13
WBGene00015019,31,95,126
WBGene00015020,8,2,10
WBGene00015021,117,902,1019
WBGene00015022,489,2252,2741
WBGene00015023,33,292,325
WBGene00015024,3,5,8
WBGene00015025,383,3666,4049
WBGene00015026,3,22,25
WBGene00015027,29,130,159
WBGene00015028,9,23,32
WBGene00015029,36,594,630
WBGene00015030,1,2,3
WBGene00015031,2,1,3
WBGene00015032,9,13,22
WBGene00015033,199,281,480
WBGene00015034,3,6,9
WBGene00015035,11,11,22
WBGene00015036,7,35,42
WBGene00015037,23,87,110
WBGene00015038,14,81,95
WBGene00015040,20,102,122
WBGene00015041,32,63,95
WBGene00015042,7,50,57
WBGene00015043,69,940,1009
WBGene00015044,56,1156,1212
WBGene00015045,32,140,172
WBGene00015046,104,1336,1440
WBGene00015047,161,2023,2184
WBGene00015048,21,498,519
WBGene00015049,2,51,53
WBGene00015050,16,54,70
WBGene00015051,0,5,5
WBGene00015052,7,131,138
WBGene00015053,8,407,415
WBGene00015054,6,5,11
WBGene00015055,41,103,144
WBGene00015056,11,90,101
WBGene00015057,15,321,336
WBGene00015058,4,66,70
WBGene00015059,3,873,876
WBGene00015061,2765,19315,22080
WBGene00015062,46,317,363
WBGene00015063,14,1327,1341
WBGene00015064,219,2710,2929
WBGene00015065,2,3,5
WBGene00015066,1,10,11
WBGene00015067,48,561,609
WBGene00015068,0,6,6
WBGene00015069,2,1,3
WBGene00015070,0,13,13
WBGene00015071,2,2,4
WBGene00015072,8,24,32
WBGene00015073,5,355,360
WBGene00015074,90,3399,3489
WBGene00015075,67,1711,1778
WBGene00015076,51,3591,3642
WBGene00015079,295,128,423
WBGene00015080,3,9,12
WBGene00015081,3,10,13
WBGene00015082,1,9,10
WBGene00015083,8,158,166
WBGene00015084,3,21,24
WBGene00015085,8,40,48
WBGene00015086,2,38,40
WBGene00015087,8,10,18
WBGene00015088,97,895,992
WBGene00015089,34,31,65
WBGene00015091,121,1283,1404
WBGene00015092,192,4777,4969
WBGene00015093,0,8,8
WBGene00015094,15,35,50
WBGene00015095,73,755,828
WBGene00015096,85,573,658
WBGene00015097,10,58,68
WBGene00015098,15,141,156
WBGene00015099,227,1325,1552
WBGene00015100,1,2,3
WBGene00015101,25,2520,2545
WBGene00015102,5,214,219
WBGene00015103,0,5,5
WBGene00015104,22,1029,1051
WBGene00015105,167,498,665
WBGene00015106,2,6,8
WBGene00015107,15,251,266
WBGene00015108,1,1,2
WBGene00015110,7,73,80
WBGene00015111,2,2,4
WBGene00015112,1,6,7
WBGene00015113,3,34,37
WBGene00015114,0,0,0
WBGene00015115,623,1901,2524
WBGene00015116,81,920,1001
WBGene00015117,16,1213,1229
WBGene00015118,2,1,3
WBGene00015119,1,4,5
WBGene00015121,0,1,1
WBGene00015122,12,343,355
WBGene00015124,96,444,540
WBGene00015125,49,1842,1891
WBGene00015126,366,2169,2535
WBGene00015128,101,1370,1471
WBGene00015129,0,2,2
WBGene00015130,54,820,874
WBGene00015131,73,329,402
WBGene00015132,12,162,174
WBGene00015133,98,2616,2714
WBGene00015134,40,695,735
WBGene00015135,36,103,139
WBGene00015136,79,976,1055
WBGene00015137,150,1979,2129
WBGene00015138,18,42,60
WBGene00015139,132,156,288
WBGene00015141,51,369,420
WBGene00015142,0,3,3
WBGene00015143,47,1333,1380
WBGene00015145,96,902,998
WBGene00015146,52,834,886
WBGene00015147,25,573,598
WBGene00015148,145,1248,1393
WBGene00015149,10,45,55
WBGene00015150,6,166,172
WBGene00015151,4,13,17
WBGene00015152,114,168,282
WBGene00015153,13,5,18
WBGene00015155,253,51,304
WBGene00015156,1131,2498,3629
WBGene00015157,28,655,683
WBGene00015158,117,338,455
WBGene00015159,1123,4492,5615
WBGene00015160,41,780,821
WBGene00015161,62,797,859
WBGene00015162,190,1496,1686
WBGene00015163,29,5294,5323
WBGene00015164,71,1274,1345
WBGene00015165,18,23,41
WBGene00015167,2,136,138
WBGene00015168,39,3494,3533
WBGene00015169,6,9,15
WBGene00015170,2,3,5
WBGene00015171,21,177,198
WBGene00015172,22,2908,2930
WBGene00015173,276,502,778
WBGene00015175,0,7,7
WBGene00015176,137,1346,1483
WBGene00015177,104,823,927
WBGene00015178,4,20,24
WBGene00015179,18,126,144
WBGene00015180,0,7,7
WBGene00015181,23,1681,1704
WBGene00015182,117,684,801
WBGene00015183,6,7,13
WBGene00015184,100,1216,1316
WBGene00015185,569,3056,3625
WBGene00015186,173,1410,1583
WBGene00015188,55,176,231
WBGene00015189,74,49,123
WBGene00015190,3,134,137
WBGene00015191,123,1043,1166
WBGene00015192,0,4,4
WBGene00015193,0,1,1
WBGene00015194,85,452,537
WBGene00015196,29,166,195
WBGene00015197,26,323,349
WBGene00015198,12,12,24
WBGene00015199,8,8,16
WBGene00015200,89,974,1063
WBGene00015202,190,2854,3044
WBGene00015203,183,2273,2456
WBGene00015204,29,964,993
WBGene00015205,148,1584,1732
WBGene00015206,47,1080,1127
WBGene00015207,291,829,1120
WBGene00015208,245,2872,3117
WBGene00015210,25,156,181
WBGene00015211,12,104,116
WBGene00015214,9,11,20
WBGene00015215,2,2,4
WBGene00015216,56,247,303
WBGene00015217,28,649,677
WBGene00015218,16,65,81
WBGene00015219,281,3343,3624
WBGene00015220,13,237,250
WBGene00015221,1,2,3
WBGene00015222,0,2,2
WBGene00015223,8,14,22
WBGene00015224,4,2,6
WBGene00015225,10,14,24
WBGene00015226,2,8,10
WBGene00015227,1,14,15
WBGene00015228,151,584,735
WBGene00015229,0,8,8
WBGene00015230,0,2,2
WBGene00015231,37,249,286
WBGene00015232,2343,22867,25210
WBGene00015233,7,550,557
WBGene00015235,0,298,298
WBGene00015236,37,32,69
WBGene00015237,362,1877,2239
WBGene00015238,32,287,319
WBGene00015241,5,0,5
WBGene00015242,1,4,5
WBGene00015243,1,2,3
WBGene00015244,10,36,46
WBGene00015245,143,514,657
WBGene00015246,98,20,118
WBGene00015247,585,107,692
WBGene00015248,2011,16627,18638
WBGene00015249,596,1951,2547
WBGene00015250,298,1022,1320
WBGene00015251,196,10795,10991
WBGene00015252,0,1,1
WBGene00015253,0,1,1
WBGene00015254,0,0,0
WBGene00015255,0,2,2
WBGene00015257,3,0,3
WBGene00015258,2,0,2
WBGene00015259,0,1,1
WBGene00015260,3,4,7
WBGene00015261,2,29,31
WBGene00015262,200,378,578
WBGene00015263,93,374,467
WBGene00015264,60,191,251
WBGene00015265,5,57,62
WBGene00015266,87,157,244
WBGene00015267,113,426,539
WBGene00015268,75,67,142
WBGene00015270,0,0,0
WBGene00015271,0,0,0
WBGene00015272,0,0,0
WBGene00015273,49,1,50
WBGene00015275,7,4,11
WBGene00015276,172,260,432
WBGene00015277,0,0,0
WBGene00015278,20,128,148
WBGene00015279,5,48,53
WBGene00015280,35,196,231
WBGene00015281,6,40,46
WBGene00015282,92,827,919
WBGene00015283,58,717,775
WBGene00015284,7,64,71
WBGene00015285,255,2227,2482
WBGene00015286,19,227,246
WBGene00015287,2,190,192
WBGene00015288,3,5,8
WBGene00015291,65,533,598
WBGene00015292,4,5,9
WBGene00015293,589,5055,5644
WBGene00015294,166,2740,2906
WBGene00015295,68,417,485
WBGene00015296,196,1868,2064
WBGene00015297,45,775,820
WBGene00015298,71,259,330
WBGene00015299,34,110,144
WBGene00015300,5,94,99
WBGene00015301,419,970,1389
WBGene00015303,330,470,800
WBGene00015305,3,4,7
WBGene00015306,4,5,9
WBGene00015307,32,292,324
WBGene00015308,91,1566,1657
WBGene00015309,11,52,63
WBGene00015310,72,770,842
WBGene00015311,3,17,20
WBGene00015312,11,307,318
WBGene00015313,5,281,286
WBGene00015315,1,0,1
WBGene00015316,6,0,6
WBGene00015317,1,2,3
WBGene00015318,0,1,1
WBGene00015320,7,56,63
WBGene00015321,0,0,0
WBGene00015322,5,307,312
WBGene00015323,13,51,64
WBGene00015324,22,305,327
WBGene00015325,0,2,2
WBGene00015326,50,3437,3487
WBGene00015327,44,629,673
WBGene00015328,439,1105,1544
WBGene00015329,52,1798,1850
WBGene00015330,128,1034,1162
WBGene00015331,1,0,1
WBGene00015332,104,852,956
WBGene00015333,5,13,18
WBGene00015334,118,449,567
WBGene00015335,3,11,14
WBGene00015336,28,590,618
WBGene00015337,0,26,26
WBGene00015338,2,2,4
WBGene00015339,8,45,53
WBGene00015340,5,19,24
WBGene00015341,7,13,20
WBGene00015342,2,0,2
WBGene00015344,46,659,705
WBGene00015345,6,7,13
WBGene00015346,193,6300,6493
WBGene00015347,79,656,735
WBGene00015348,1,8,9
WBGene00015349,355,932,1287
WBGene00015350,394,6550,6944
WBGene00015351,5,30,35
WBGene00015352,238,3066,3304
WBGene00015353,7,219,226
WBGene00015354,217,8150,8367
WBGene00015355,17,51,68
WBGene00015356,478,4859,5337
WBGene00015357,15,195,210
WBGene00015358,70,3,73
WBGene00015359,2,37,39
WBGene00015360,1,2,3
WBGene00015361,3,11,14
WBGene00015362,34,483,517
WBGene00015364,17,42,59
WBGene00015366,3,14,17
WBGene00015367,0,2,2
WBGene00015368,0,2,2
WBGene00015369,0,1,1
WBGene00015370,0,0,0
WBGene00015371,0,0,0
WBGene00015372,1,1,2
WBGene00015373,29,79,108
WBGene00015374,8,17,25
WBGene00015375,18,130,148
WBGene00015376,3,26,29
WBGene00015377,8,53,61
WBGene00015378,12,113,125
WBGene00015379,0,0,0
WBGene00015380,0,15,15
WBGene00015381,26,41,67
WBGene00015382,26,81,107
WBGene00015385,0,0,0
WBGene00015386,263,25,288
WBGene00015387,64,104,168
WBGene00015388,14,9,23
WBGene00015389,40,251,291
WBGene00015390,26,217,243
WBGene00015391,89,2338,2427
WBGene00015392,0,9,9
WBGene00015393,3018,44581,47599
WBGene00015394,3,7,10
WBGene00015395,8,42,50
WBGene00015396,5,57,62
WBGene00015397,2,22,24
WBGene00015398,1,2928,2929
WBGene00015399,3,6,9
WBGene00015400,31,153,184
WBGene00015401,16,53,69
WBGene00015402,419,3307,3726
WBGene00015403,5,54,59
WBGene00015404,69,1257,1326
WBGene00015405,267,3027,3294
WBGene00015406,3,21,24
WBGene00015407,19,292,311
WBGene00015408,9,147,156
WBGene00015409,6,89,95
WBGene00015410,175,972,1147
WBGene00015411,3,48,51
WBGene00015412,15,15,30
WBGene00015413,275,4848,5123
WBGene00015414,0,16,16
WBGene00015416,14,78,92
WBGene00015417,6,51,57
WBGene00015418,1002,3700,4702
WBGene00015419,4,14,18
WBGene00015420,0,1,1
WBGene00015421,6,2,8
WBGene00015422,5,6,11
WBGene00015423,10,289,299
WBGene00015424,6,32,38
WBGene00015425,77,592,669
WBGene00015426,3,8,11
WBGene00015427,131,1614,1745
WBGene00015428,7,1,8
WBGene00015429,64,530,594
WBGene00015430,87,997,1084
WBGene00015431,128,412,540
WBGene00015433,14,279,293
WBGene00015434,315,1345,1660
WBGene00015435,3,2,5
WBGene00015437,7,49,56
WBGene00015438,8,0,8
WBGene00015442,5,4,9
WBGene00015444,11,13,24
WBGene00015446,0,1,1
WBGene00015447,4,2,6
WBGene00015448,4,3,7
WBGene00015449,1,5,6
WBGene00015450,12,903,915
WBGene00015451,119,682,801
WBGene00015453,1,5,6
WBGene00015454,31,600,631
WBGene00015455,527,533,1060
WBGene00015456,20,176,196
WBGene00015457,1,0,1
WBGene00015458,0,4,4
WBGene00015459,0,1,1
WBGene00015460,15,559,574
WBGene00015461,90,1757,1847
WBGene00015462,20,391,411
WBGene00015463,10,461,471
WBGene00015464,54,964,1018
WBGene00015465,18,21,39
WBGene00015466,91,992,1083
WBGene00015467,3,3,6
WBGene00015468,135,716,851
WBGene00015469,8,60,68
WBGene00015470,23,1469,1492
WBGene00015471,68,432,500
WBGene00015472,90,472,562
WBGene00015473,86,38,124
WBGene00015474,45,812,857
WBGene00015476,266,1415,1681
WBGene00015477,248,2601,2849
WBGene00015478,75,366,441
WBGene00015479,25,100,125
WBGene00015480,91,285,376
WBGene00015481,66,2337,2403
WBGene00015483,35,271,306
WBGene00015484,805,3688,4493
WBGene00015485,198,247,445
WBGene00015486,86,607,693
WBGene00015487,47,6532,6579
WBGene00015488,106,969,1075
WBGene00015489,6,20,26
WBGene00015491,0,2,2
WBGene00015492,34,1709,1743
WBGene00015493,4,10,14
WBGene00015494,86,371,457
WBGene00015495,27,7636,7663
WBGene00015496,6,7,13
WBGene00015497,33,57,90
WBGene00015499,154,1367,1521
WBGene00015500,13,33,46
WBGene00015501,345,4642,4987
WBGene00015504,155,930,1085
WBGene00015505,47,353,400
WBGene00015507,144,790,934
WBGene00015508,98,1269,1367
WBGene00015509,201,1125,1326
WBGene00015510,47,1070,1117
WBGene00015511,2,41,43
WBGene00015512,73,889,962
WBGene00015513,52,1154,1206
WBGene00015514,719,14518,15237
WBGene00015515,32,625,657
WBGene00015516,1,36,37
WBGene00015517,163,820,983
WBGene00015518,0,67,67
WBGene00015519,6,78,84
WBGene00015520,0,15,15
WBGene00015521,0,0,0
WBGene00015522,4,6,10
WBGene00015523,9,100,109
WBGene00015524,36,621,657
WBGene00015525,124,969,1093
WBGene00015526,28,57,85
WBGene00015527,17,127,144
WBGene00015528,4,9,13
WBGene00015529,15,89,104
WBGene00015530,0,2,2
WBGene00015531,47,629,676
WBGene00015532,3,75,78
WBGene00015534,0,4,4
WBGene00015535,0,19,19
WBGene00015536,16,198,214
WBGene00015537,7,28,35
WBGene00015538,3,768,771
WBGene00015539,38,433,471
WBGene00015540,10,1215,1225
WBGene00015541,49,200,249
WBGene00015544,28,213,241
WBGene00015545,33,116,149
WBGene00015546,0,39,39
WBGene00015547,101,3997,4098
WBGene00015549,99,1677,1776
WBGene00015551,1440,11803,13243
WBGene00015552,105,3697,3802
WBGene00015553,455,4637,5092
WBGene00015554,39,276,315
WBGene00015555,229,1254,1483
WBGene00015557,52,702,754
WBGene00015558,8,66,74
WBGene00015559,72,299,371
WBGene00015560,17,313,330
WBGene00015561,270,1985,2255
WBGene00015564,0,44,44
WBGene00015565,228,3016,3244
WBGene00015566,4,114,118
WBGene00015567,141,1262,1403
WBGene00015568,7,99,106
WBGene00015569,18,333,351
WBGene00015570,7,57,64
WBGene00015572,3,2,5
WBGene00015573,0,0,0
WBGene00015574,2,87,89
WBGene00015576,37,88,125
WBGene00015577,102,449,551
WBGene00015578,5,2345,2350
WBGene00015579,0,0,0
WBGene00015580,223,557,780
WBGene00015581,325,2831,3156
WBGene00015582,1,48,49
WBGene00015583,9,7,16
WBGene00015586,8,93,101
WBGene00015587,0,3,3
WBGene00015588,0,17,17
WBGene00015589,0,23,23
WBGene00015590,21,444,465
WBGene00015591,24,793,817
WBGene00015592,48,15,63
WBGene00015593,8,106,114
WBGene00015595,2,5,7
WBGene00015598,2,21,23
WBGene00015599,1,28,29
WBGene00015600,2,7,9
WBGene00015601,14,17,31
WBGene00015602,8,47,55
WBGene00015604,0,0,0
WBGene00015605,96,1638,1734
WBGene00015606,28,6,34
WBGene00015607,0,1,1
WBGene00015608,5,68,73
WBGene00015609,4,43,47
WBGene00015610,0,9,9
WBGene00015611,3,1125,1128
WBGene00015613,1,28,29
WBGene00015615,0,23,23
WBGene00015618,19,43,62
WBGene00015619,826,4468,5294
WBGene00015620,13,31,44
WBGene00015621,111,1718,1829
WBGene00015622,5,2,7
WBGene00015623,30,689,719
WBGene00015624,7,163,170
WBGene00015625,19,134,153
WBGene00015626,28,251,279
WBGene00015627,1,1,2
WBGene00015628,2,0,2
WBGene00015629,0,4,4
WBGene00015630,15,4,19
WBGene00015631,5,118,123
WBGene00015632,243,1816,2059
WBGene00015633,1329,12138,13467
WBGene00015634,3,25,28
WBGene00015635,47,591,638
WBGene00015636,0,2,2
WBGene00015637,1,11,12
WBGene00015638,18,324,342
WBGene00015639,16,11,27
WBGene00015641,196,1598,1794
WBGene00015642,163,761,924
WBGene00015644,80,433,513
WBGene00015645,1,87,88
WBGene00015646,6,19,25
WBGene00015647,120,1674,1794
WBGene00015648,278,904,1182
WBGene00015649,37,12,49
WBGene00015650,1092,3734,4826
WBGene00015651,186,425,611
WBGene00015652,0,3,3
WBGene00015653,1,0,1
WBGene00015655,0,1,1
WBGene00015656,15,1,16
WBGene00015658,414,648,1062
WBGene00015659,0,0,0
WBGene00015660,9,66,75
WBGene00015661,0,0,0
WBGene00015662,7,6,13
WBGene00015663,4,1,5
WBGene00015664,11,1309,1320
WBGene00015665,4,5,9
WBGene00015666,75,645,720
WBGene00015667,6,2,8
WBGene00015668,4,4,8
WBGene00015670,47,98,145
WBGene00015671,12,756,768
WBGene00015672,9,38,47
WBGene00015673,96,907,1003
WBGene00015674,34,375,409
WBGene00015675,28,14,42
WBGene00015676,15,588,603
WBGene00015677,78,345,423
WBGene00015678,294,793,1087
WBGene00015679,5,66,71
WBGene00015680,484,2334,2818
WBGene00015681,3,2,5
WBGene00015682,5,12,17
WBGene00015683,1,8,9
WBGene00015684,188,2500,2688
WBGene00015685,2,5,7
WBGene00015686,87,117,204
WBGene00015687,124,4169,4293
WBGene00015688,3,6,9
WBGene00015689,0,2,2
WBGene00015690,7,1,8
WBGene00015691,128,694,822
WBGene00015692,9,32,41
WBGene00015693,11,37,48
WBGene00015694,7,5,12
WBGene00015695,7,73,80
WBGene00015696,2,11,13
WBGene00015697,33,247,280
WBGene00015698,1,246,247
WBGene00015700,14,38,52
WBGene00015701,24,87,111
WBGene00015702,14,430,444
WBGene00015703,12,1100,1112
WBGene00015704,121,220,341
WBGene00015705,48,412,460
WBGene00015706,1,132,133
WBGene00015707,0,47,47
WBGene00015708,5,47,52
WBGene00015709,37,319,356
WBGene00015710,1,37,38
WBGene00015711,2,11,13
WBGene00015712,1,9,10
WBGene00015713,23,252,275
WBGene00015714,8,37,45
WBGene00015715,5,0,5
WBGene00015716,30,171,201
WBGene00015718,21,92,113
WBGene00015719,0,0,0
WBGene00015720,5,15,20
WBGene00015721,0,1,1
WBGene00015722,6,0,6
WBGene00015723,3,5,8
WBGene00015724,1,0,1
WBGene00015725,3,0,3
WBGene00015726,1,2,3
WBGene00015727,1,0,1
WBGene00015728,11,60,71
WBGene00015729,16,620,636
WBGene00015730,0,0,0
WBGene00015731,0,0,0
WBGene00015733,7,78,85
WBGene00015734,34,1275,1309
WBGene00015735,1075,1887,2962
WBGene00015736,1,6,7
WBGene00015737,0,0,0
WBGene00015738,1,5,6
WBGene00015739,8,9,17
WBGene00015740,84,1092,1176
WBGene00015741,312,2084,2396
WBGene00015742,74,575,649
WBGene00015743,118,1192,1310
WBGene00015744,118,422,540
WBGene00015745,29,343,372
WBGene00015746,37,1484,1521
WBGene00015747,181,766,947
WBGene00015748,61,1041,1102
WBGene00015750,15,74,89
WBGene00015751,26,93,119
WBGene00015752,19,485,504
WBGene00015753,51,498,549
WBGene00015754,112,1292,1404
WBGene00015755,1305,20683,21988
WBGene00015756,16,217,233
WBGene00015757,1,1,2
WBGene00015758,2,1,3
WBGene00015759,42,440,482
WBGene00015760,2,1,3
WBGene00015762,3,1,4
WBGene00015764,9,1,10
WBGene00015765,1,10,11
WBGene00015766,7,167,174
WBGene00015767,96,573,669
WBGene00015768,10,63,73
WBGene00015769,22,618,640
WBGene00015770,2,14,16
WBGene00015772,2,1,3
WBGene00015773,0,2,2
WBGene00015774,5,24,29
WBGene00015775,0,3,3
WBGene00015776,336,11052,11388
WBGene00015777,32,482,514
WBGene00015778,11,10418,10429
WBGene00015779,193,924,1117
WBGene00015780,9,33,42
WBGene00015781,30,174,204
WBGene00015782,7,126,133
WBGene00015783,11,53,64
WBGene00015784,4,14,18
WBGene00015785,0,1,1
WBGene00015786,249,1699,1948
WBGene00015787,54,301,355
WBGene00015788,13,143,156
WBGene00015789,2,207,209
WBGene00015790,10,525,535
WBGene00015791,9,919,928
WBGene00015792,5,39,44
WBGene00015793,17,209,226
WBGene00015794,36,86,122
WBGene00015795,26,5,31
WBGene00015796,84,262,346
WBGene00015797,20,227,247
WBGene00015798,14,72,86
WBGene00015799,16,95,111
WBGene00015800,208,582,790
WBGene00015801,95,717,812
WBGene00015802,110,691,801
WBGene00015803,617,5171,5788
WBGene00015805,138,2926,3064
WBGene00015806,28,591,619
WBGene00015807,9,154,163
WBGene00015809,1194,16357,17551
WBGene00015810,4,4498,4502
WBGene00015811,212,28316,28528
WBGene00015813,266,3900,4166
WBGene00015814,85,2186,2271
WBGene00015815,225,717,942
WBGene00015816,45,273,318
WBGene00015817,389,3080,3469
WBGene00015818,12,217,229
WBGene00015819,4,296,300
WBGene00015820,3,18,21
WBGene00015821,4,7,11
WBGene00015822,66,67,133
WBGene00015823,0,6052,6052
WBGene00015824,11,309,320
WBGene00015825,0,3,3
WBGene00015827,0,0,0
WBGene00015828,0,1,1
WBGene00015829,0,11,11
WBGene00015830,0,7,7
WBGene00015832,2,2,4
WBGene00015833,1,3,4
WBGene00015834,2,1,3
WBGene00015835,1,1,2
WBGene00015836,4,0,4
WBGene00015837,3,3,6
WBGene00015838,1,1,2
WBGene00015839,3,4,7
WBGene00015841,27,5,32
WBGene00015842,57,368,425
WBGene00015843,211,696,907
WBGene00015845,1,0,1
WBGene00015846,0,0,0
WBGene00015847,0,1,1
WBGene00015848,0,0,0
WBGene00015849,47,489,536
WBGene00015850,15,187,202
WBGene00015851,38,42,80
WBGene00015852,142,298,440
WBGene00015853,67,812,879
WBGene00015854,0,1,1
WBGene00015855,1,4,5
WBGene00015856,0,4,4
WBGene00015857,31,442,473
WBGene00015858,2,13,15
WBGene00015859,6,23,29
WBGene00015860,6,22,28
WBGene00015861,90,607,697
WBGene00015862,36,130,166
WBGene00015863,14,15,29
WBGene00015864,218,3535,3753
WBGene00015865,54,931,985
WBGene00015866,23,429,452
WBGene00015867,11,58,69
WBGene00015868,1233,3189,4422
WBGene00015869,3,0,3
WBGene00015870,1,0,1
WBGene00015871,0,0,0
WBGene00015872,1,1,2
WBGene00015873,1,4,5
WBGene00015875,3,0,3
WBGene00015877,0,0,0
WBGene00015878,83,276,359
WBGene00015879,10,6,16
WBGene00015882,1,9,10
WBGene00015883,5,3,8
WBGene00015884,23,226,249
WBGene00015885,6,209,215
WBGene00015886,0,6,6
WBGene00015887,21,446,467
WBGene00015888,0,0,0
WBGene00015889,6,85,91
WBGene00015890,1,38,39
WBGene00015891,1,8,9
WBGene00015892,0,1,1
WBGene00015893,2,2,4
WBGene00015894,11,72,83
WBGene00015895,0,0,0
WBGene00015896,0,50,50
WBGene00015897,67,316,383
WBGene00015898,12,2,14
WBGene00015899,2,2,4
WBGene00015900,11,69,80
WBGene00015901,27,130,157
WBGene00015902,10,21,31
WBGene00015903,2,6,8
WBGene00015904,0,2,2
WBGene00015905,3,4,7
WBGene00015906,1,7,8
WBGene00015907,2,0,2
WBGene00015908,5,12,17
WBGene00015909,0,3,3
WBGene00015910,1,7,8
WBGene00015911,2,7,9
WBGene00015912,4,66,70
WBGene00015913,204,2874,3078
WBGene00015914,41,41,82
WBGene00015915,55,488,543
WBGene00015916,91,1195,1286
WBGene00015917,6,27,33
WBGene00015918,34,219,253
WBGene00015919,41,835,876
WBGene00015920,278,1643,1921
WBGene00015921,124,298,422
WBGene00015922,43,341,384
WBGene00015924,3,0,3
WBGene00015925,72,158,230
WBGene00015926,513,1744,2257
WBGene00015927,151,1388,1539
WBGene00015928,105,927,1032
WBGene00015929,2,9,11
WBGene00015930,14,114,128
WBGene00015931,2,10,12
WBGene00015932,0,12,12
WBGene00015933,21,245,266
WBGene00015934,37,430,467
WBGene00015935,439,1101,1540
WBGene00015936,98,782,880
WBGene00015937,7,16,23
WBGene00015938,329,1632,1961
WBGene00015939,7,92,99
WBGene00015940,15,356,371
WBGene00015941,143,1132,1275
WBGene00015942,78,611,689
WBGene00015943,77,3534,3611
WBGene00015944,3,10,13
WBGene00015945,301,305,606
WBGene00015946,21,115,136
WBGene00015947,527,4847,5374
WBGene00015948,160,1541,1701
WBGene00015949,8,74,82
WBGene00015950,13,7,20
WBGene00015951,0,1,1
WBGene00015952,10,35,45
WBGene00015953,68,163,231
WBGene00015954,1232,6438,7670
WBGene00015955,48,2781,2829
WBGene00015956,66,745,811
WBGene00015957,39,172,211
WBGene00015958,1,3,4
WBGene00015959,1,0,1
WBGene00015960,0,0,0
WBGene00015961,2,1,3
WBGene00015962,2,2,4
WBGene00015963,10,54,64
WBGene00015964,85,109,194
WBGene00015965,7,49,56
WBGene00015966,186,1154,1340
WBGene00015968,27,26,53
WBGene00015969,65,374,439
WBGene00015970,7,48,55
WBGene00015971,154,1127,1281
WBGene00015972,150,776,926
WBGene00015973,0,23,23
WBGene00015974,309,136,445
WBGene00015975,14,776,790
WBGene00015976,127,1113,1240
WBGene00015977,9,75,84
WBGene00015978,36,1649,1685
WBGene00015979,1,1,2
WBGene00015980,401,1913,2314
WBGene00015981,58,200,258
WBGene00015982,12,1,13
WBGene00015984,10,28,38
WBGene00015985,9,7,16
WBGene00015986,8,17,25
WBGene00015987,0,2,2
WBGene00015988,60,39,99
WBGene00015992,5,3,8
WBGene00015993,184,2245,2429
WBGene00015994,7,4,11
WBGene00015995,4,0,4
WBGene00015996,11,88,99
WBGene00015997,0,1,1
WBGene00015998,5,4,9
WBGene00015999,2,31,33
WBGene00016000,15,24,39
WBGene00016002,380,1015,1395
WBGene00016003,26,198,224
WBGene00016004,3,84,87
WBGene00016005,47,458,505
WBGene00016006,962,7216,8178
WBGene00016008,23,28,51
WBGene00016009,49,3415,3464
WBGene00016010,20,6,26
WBGene00016011,1009,8000,9009
WBGene00016012,11,226,237
WBGene00016013,2,8,10
WBGene00016014,35,852,887
WBGene00016015,89,1582,1671
WBGene00016016,8,68,76
WBGene00016017,0,1,1
WBGene00016018,159,806,965
WBGene00016019,37,1385,1422
WBGene00016020,180,1035,1215
WBGene00016021,71,848,919
WBGene00016022,20,432,452
WBGene00016023,7,80,87
WBGene00016024,40,388,428
WBGene00016025,29,167,196
WBGene00016027,19,88,107
WBGene00016028,106,5324,5430
WBGene00016029,215,69,284
WBGene00016030,20,277,297
WBGene00016032,41,51,92
WBGene00016033,25,6348,6373
WBGene00016034,11,101,112
WBGene00016037,252,40,292
WBGene00016038,0,562,562
WBGene00016039,0,102,102
WBGene00016040,12,1262,1274
WBGene00016041,287,98,385
WBGene00016042,30,25,55
WBGene00016043,26,11,37
WBGene00016044,393,744,1137
WBGene00016045,119,972,1091
WBGene00016046,4,135,139
WBGene00016047,4,5,9
WBGene00016048,17,716,733
WBGene00016049,4,43,47
WBGene00016050,0,1,1
WBGene00016051,1,0,1
WBGene00016052,123,1717,1840
WBGene00016053,2,4,6
WBGene00016054,8,3,11
WBGene00016055,30,706,736
WBGene00016056,2,17,19
WBGene00016057,54,1420,1474
WBGene00016058,0,0,0
WBGene00016059,264,891,1155
WBGene00016060,216,877,1093
WBGene00016061,122,2156,2278
WBGene00016062,138,3818,3956
WBGene00016063,2,1,3
WBGene00016064,8,19,27
WBGene00016066,12,27,39
WBGene00016067,39,690,729
WBGene00016068,45,435,480
WBGene00016069,0,29,29
WBGene00016070,0,7,7
WBGene00016071,12,58,70
WBGene00016072,57,33,90
WBGene00016073,314,8477,8791
WBGene00016074,35,323,358
WBGene00016075,10,2,12
WBGene00016077,0,2,2
WBGene00016081,56,111,167
WBGene00016082,0,0,0
WBGene00016083,5,0,5
WBGene00016084,3,5,8
WBGene00016085,7,54,61
WBGene00016086,13,2,15
WBGene00016087,2,181,183
WBGene00016088,16,71,87
WBGene00016089,28,58,86
WBGene00016090,96,197,293
WBGene00016091,2,4,6
WBGene00016092,5,10,15
WBGene00016093,59,151,210
WBGene00016094,10,80,90
WBGene00016095,34,197,231
WBGene00016096,3,51,54
WBGene00016097,7,684,691
WBGene00016099,103,523,626
WBGene00016100,7,166,173
WBGene00016101,29,1137,1166
WBGene00016102,13,290,303
WBGene00016103,127,1574,1701
WBGene00016104,26,132,158
WBGene00016105,0,7,7
WBGene00016106,2,20,22
WBGene00016107,23,79,102
WBGene00016108,29,42,71
WBGene00016109,93,650,743
WBGene00016110,7,42,49
WBGene00016111,67,780,847
WBGene00016112,45,131,176
WBGene00016113,47,741,788
WBGene00016114,287,6824,7111
WBGene00016115,1231,10635,11866
WBGene00016116,120,1570,1690
WBGene00016117,73,1528,1601
WBGene00016118,491,7294,7785
WBGene00016119,868,16042,16910
WBGene00016120,158,685,843
WBGene00016121,120,1026,1146
WBGene00016123,36,154,190
WBGene00016124,93,719,812
WBGene00016125,0,43,43
WBGene00016126,25,155,180
WBGene00016128,22,1785,1807
WBGene00016129,32,884,916
WBGene00016130,2,3,5
WBGene00016131,101,395,496
WBGene00016132,4,0,4
WBGene00016133,8,58,66
WBGene00016134,29,148,177
WBGene00016135,72,510,582
WBGene00016136,1,1,2
WBGene00016137,3,42,45
WBGene00016138,82,1426,1508
WBGene00016139,54,298,352
WBGene00016140,51,1320,1371
WBGene00016142,37,1635,1672
WBGene00016143,281,1069,1350
WBGene00016144,99,839,938
WBGene00016145,38,1072,1110
WBGene00016146,11,227,238
WBGene00016147,29,374,403
WBGene00016148,57,385,442
WBGene00016149,13,127,140
WBGene00016150,37,2407,2444
WBGene00016151,90,1224,1314
WBGene00016152,20,112,132
WBGene00016153,0,8,8
WBGene00016154,127,752,879
WBGene00016155,5,38,43
WBGene00016156,8,564,572
WBGene00016157,88,1393,1481
WBGene00016158,127,1876,2003
WBGene00016159,70,412,482
WBGene00016160,15,5,20
WBGene00016161,3,6,9
WBGene00016162,460,4254,4714
WBGene00016163,17,185,202
WBGene00016164,2,3,5
WBGene00016165,87,239,326
WBGene00016166,175,2976,3151
WBGene00016167,27,1353,1380
WBGene00016168,3,5,8
WBGene00016169,124,660,784
WBGene00016170,128,2101,2229
WBGene00016171,75,599,674
WBGene00016172,834,3529,4363
WBGene00016173,591,3956,4547
WBGene00016174,17,105,122
WBGene00016175,39,153,192
WBGene00016177,8,28,36
WBGene00016178,57,726,783
WBGene00016179,0,5,5
WBGene00016180,5,144,149
WBGene00016181,4,44,48
WBGene00016182,37,502,539
WBGene00016183,2,1,3
WBGene00016184,81,392,473
WBGene00016185,3,1,4
WBGene00016187,26,599,625
WBGene00016188,101,888,989
WBGene00016189,6,68,74
WBGene00016190,2,472,474
WBGene00016191,34,307,341
WBGene00016192,17,1237,1254
WBGene00016193,130,373,503
WBGene00016194,153,10445,10598
WBGene00016195,14,1266,1280
WBGene00016196,8,11,19
WBGene00016197,1306,8243,9549
WBGene00016198,7,26,33
WBGene00016199,6,45,51
WBGene00016200,107,1203,1310
WBGene00016201,85,1923,2008
WBGene00016202,40,1017,1057
WBGene00016203,200,529,729
WBGene00016204,2,68,70
WBGene00016206,10,14,24
WBGene00016207,174,1887,2061
WBGene00016208,10,483,493
WBGene00016209,126,2378,2504
WBGene00016210,347,2987,3334
WBGene00016212,93,3441,3534
WBGene00016213,5,2,7
WBGene00016215,7,527,534
WBGene00016216,65,744,809
WBGene00016217,5,77,82
WBGene00016218,4,81,85
WBGene00016219,30,176,206
WBGene00016220,0,3,3
WBGene00016221,78,699,777
WBGene00016222,29,0,29
WBGene00016223,0,0,0
WBGene00016226,2,9,11
WBGene00016227,0,6,6
WBGene00016231,0,5,5
WBGene00016232,2,20,22
WBGene00016233,17,143,160
WBGene00016234,355,3292,3647
WBGene00016235,10,3221,3231
WBGene00016236,27,322,349
WBGene00016237,61,1046,1107
WBGene00016238,18,1203,1221
WBGene00016239,4,65,69
WBGene00016242,10,73,83
WBGene00016244,173,2204,2377
WBGene00016245,49,1284,1333
WBGene00016246,60,329,389
WBGene00016247,6,53,59
WBGene00016248,22,258,280
WBGene00016249,157,1673,1830
WBGene00016250,48,2767,2815
WBGene00016251,8,109,117
WBGene00016252,0,9,9
WBGene00016253,8,17,25
WBGene00016254,0,13,13
WBGene00016257,3,3,6
WBGene00016258,118,4597,4715
WBGene00016259,12,13,25
WBGene00016260,52,288,340
WBGene00016261,53,523,576
WBGene00016262,34,252,286
WBGene00016263,3,82,85
WBGene00016264,726,2420,3146
WBGene00016265,10,176,186
WBGene00016266,659,3488,4147
WBGene00016268,19,127,146
WBGene00016269,1797,13325,15122
WBGene00016271,13799,5,13804
WBGene00016273,4,6,10
WBGene00016274,11,151,162
WBGene00016275,4,44,48
WBGene00016276,4,29,33
WBGene00016277,24,313,337
WBGene00016278,129,815,944
WBGene00016279,3,8,11
WBGene00016281,6,16,22
WBGene00016282,11,89,100
WBGene00016283,22,122,144
WBGene00016284,2,1,3
WBGene00016285,0,1,1
WBGene00016286,8,10,18
WBGene00016287,3,12,15
WBGene00016288,10,51,61
WBGene00016289,5279,12402,17681
WBGene00016291,30,200,230
WBGene00016292,217,719,936
WBGene00016293,57,403,460
WBGene00016294,10,10,20
WBGene00016295,53,294,347
WBGene00016297,2,6,8
WBGene00016298,2,10,12
WBGene00016299,9,0,9
WBGene00016300,31,5,36
WBGene00016302,5,46,51
WBGene00016303,7,39,46
WBGene00016306,0,1,1
WBGene00016307,0,2,2
WBGene00016308,6,26,32
WBGene00016309,1,4,5
WBGene00016310,157,2118,2275
WBGene00016311,49,1138,1187
WBGene00016312,8,23,31
WBGene00016313,25,702,727
WBGene00016314,23,169,192
WBGene00016315,65,578,643
WBGene00016316,361,7606,7967
WBGene00016317,20,510,530
WBGene00016318,205,2084,2289
WBGene00016319,12,49,61
WBGene00016320,2,2,4
WBGene00016321,706,5144,5850
WBGene00016322,0,11,11
WBGene00016323,184,1375,1559
WBGene00016324,61,182,243
WBGene00016325,67,549,616
WBGene00016326,209,2279,2488
WBGene00016327,4,3,7
WBGene00016328,40,125,165
WBGene00016329,10,29,39
WBGene00016330,790,4427,5217
WBGene00016331,243,2079,2322
WBGene00016332,373,5152,5525
WBGene00016333,560,4259,4819
WBGene00016334,12,3,15
WBGene00016335,21,53,74
WBGene00016336,2,8,10
WBGene00016337,1,0,1
WBGene00016339,0,1,1
WBGene00016340,26,36,62
WBGene00016341,19,807,826
WBGene00016342,22,1494,1516
WBGene00016343,265,859,1124
WBGene00016344,41,217,258
WBGene00016345,7,245,252
WBGene00016346,1,54,55
WBGene00016347,14,3,17
WBGene00016348,4,1,5
WBGene00016349,1,84,85
WBGene00016350,0,4,4
WBGene00016351,0,0,0
WBGene00016352,25,305,330
WBGene00016353,0,68,68
WBGene00016354,108,440,548
WBGene00016355,61,303,364
WBGene00016356,3,5,8
WBGene00016357,1,3,4
WBGene00016358,1,0,1
WBGene00016359,2,786,788
WBGene00016360,8,54,62
WBGene00016361,8,30,38
WBGene00016362,86,10183,10269
WBGene00016363,36,165,201
WBGene00016364,38,146,184
WBGene00016365,18,118,136
WBGene00016366,13,179,192
WBGene00016367,20,146,166
WBGene00016368,33,122,155
WBGene00016369,2,0,2
WBGene00016370,0,0,0
WBGene00016371,2,2,4
WBGene00016373,10,104,114
WBGene00016374,44,757,801
WBGene00016375,1,450,451
WBGene00016376,11,374,385
WBGene00016378,270,3199,3469
WBGene00016379,125,2623,2748
WBGene00016380,13,406,419
WBGene00016381,29,576,605
WBGene00016382,0,1,1
WBGene00016383,81,1651,1732
WBGene00016384,254,3970,4224
WBGene00016386,69,29,98
WBGene00016387,35,397,432
WBGene00016388,1,0,1
WBGene00016389,0,5,5
WBGene00016390,21,484,505
WBGene00016391,62,909,971
WBGene00016392,10,336,346
WBGene00016393,645,20741,21386
WBGene00016394,57,56,113
WBGene00016395,243,2081,2324
WBGene00016396,634,1300,1934
WBGene00016397,75,327,402
WBGene00016398,2,4,6
WBGene00016399,1,1,2
WBGene00016400,95,893,988
WBGene00016402,16,72,88
WBGene00016403,854,2113,2967
WBGene00016404,69,537,606
WBGene00016405,422,6589,7011
WBGene00016406,111,2270,2381
WBGene00016407,2061,5908,7969
WBGene00016408,85,958,1043
WBGene00016409,115,1176,1291
WBGene00016410,5,6,11
WBGene00016411,31,1054,1085
WBGene00016412,24,568,592
WBGene00016413,1,4,5
WBGene00016414,0,1,1
WBGene00016415,827,8180,9007
WBGene00016416,15,82,97
WBGene00016417,212,1784,1996
WBGene00016418,179,632,811
WBGene00016419,61,759,820
WBGene00016420,3,3,6
WBGene00016421,22,250,272
WBGene00016422,0,88,88
WBGene00016423,69,185,254
WBGene00016424,15,53,68
WBGene00016425,2,10,12
WBGene00016427,635,437,1072
WBGene00016428,43,416,459
WBGene00016429,10,56,66
WBGene00016430,12,1,13
WBGene00016431,12,43,55
WBGene00016432,2300,2674,4974
WBGene00016433,0,1,1
WBGene00016434,0,8,8
WBGene00016435,108,1847,1955
WBGene00016436,19,343,362
WBGene00016437,14,1,15
WBGene00016438,97,1350,1447
WBGene00016439,65,904,969
WBGene00016440,0,25,25
WBGene00016441,4,22,26
WBGene00016442,11,471,482
WBGene00016443,116,923,1039
WBGene00016444,162,923,1085
WBGene00016445,15,122,137
WBGene00016446,19,603,622
WBGene00016447,0,1,1
WBGene00016448,32,314,346
WBGene00016449,10,2118,2128
WBGene00016450,2,185,187
WBGene00016451,0,7,7
WBGene00016452,196,2125,2321
WBGene00016453,3,55,58
WBGene00016454,48,432,480
WBGene00016455,0,18,18
WBGene00016456,14,2765,2779
WBGene00016457,1,102,103
WBGene00016458,123,3085,3208
WBGene00016459,8,1,9
WBGene00016460,23,196,219
WBGene00016461,29,90,119
WBGene00016462,21,142,163
WBGene00016463,10,742,752
WBGene00016464,4,23,27
WBGene00016465,10,524,534
WBGene00016466,10,93,103
WBGene00016467,63,768,831
WBGene00016468,13,9,22
WBGene00016469,20,350,370
WBGene00016471,7,14,21
WBGene00016472,0,1,1
WBGene00016473,0,1,1
WBGene00016474,2,2,4
WBGene00016475,0,0,0
WBGene00016476,2,2,4
WBGene00016477,0,4,4
WBGene00016479,3,2,5
WBGene00016480,1,2,3
WBGene00016481,1,0,1
WBGene00016483,2,1,3
WBGene00016484,0,0,0
WBGene00016485,3,4,7
WBGene00016486,3,6,9
WBGene00016487,4,4,8
WBGene00016488,38,76,114
WBGene00016489,162,1120,1282
WBGene00016490,104,958,1062
WBGene00016491,10,27,37
WBGene00016492,18,49,67
WBGene00016493,30277,184226,214503
WBGene00016494,400,4558,4958
WBGene00016495,15,647,662
WBGene00016496,421,6235,6656
WBGene00016497,4,63,67
WBGene00016499,72,121,193
WBGene00016500,193,5128,5321
WBGene00016501,26,874,900
WBGene00016502,2,44,46
WBGene00016503,5,132,137
WBGene00016504,26,1236,1262
WBGene00016505,14,1269,1283
WBGene00016506,127,1064,1191
WBGene00016507,415,3213,3628
WBGene00016508,324,2497,2821
WBGene00016509,628,35016,35644
WBGene00016511,162,1687,1849
WBGene00016512,11,27,38
WBGene00016513,371,11810,12181
WBGene00016514,78,128,206
WBGene00016517,0,21,21
WBGene00016518,39,44,83
WBGene00016519,4,13,17
WBGene00016520,278,308,586
WBGene00016521,1,15,16
WBGene00016522,16,125,141
WBGene00016523,5,2,7
WBGene00016524,53,286,339
WBGene00016525,5,9,14
WBGene00016527,4,5,9
WBGene00016528,2,0,2
WBGene00016529,0,10,10
WBGene00016530,118,1307,1425
WBGene00016531,107,478,585
WBGene00016532,42,488,530
WBGene00016533,186,1669,1855
WBGene00016534,6,45,51
WBGene00016535,2,340,342
WBGene00016537,0,51,51
WBGene00016538,60,251,311
WBGene00016539,389,1213,1602
WBGene00016540,151,504,655
WBGene00016541,0,6,6
WBGene00016542,135,924,1059
WBGene00016543,6,4,10
WBGene00016544,2,15,17
WBGene00016545,8,57,65
WBGene00016546,22,78,100
WBGene00016547,8,167,175
WBGene00016548,4,6,10
WBGene00016549,4,60,64
WBGene00016550,2,3,5
WBGene00016551,0,7,7
WBGene00016554,0,4,4
WBGene00016555,7,102,109
WBGene00016556,2,6,8
WBGene00016557,0,1,1
WBGene00016558,12,96,108
WBGene00016559,43,275,318
WBGene00016561,841,1300,2141
WBGene00016562,1478,2233,3711
WBGene00016564,25,337,362
WBGene00016565,0,54,54
WBGene00016566,158,1064,1222
WBGene00016567,5,221,226
WBGene00016568,84,375,459
WBGene00016570,49,278,327
WBGene00016571,10,17,27
WBGene00016572,5,1,6
WBGene00016573,9,880,889
WBGene00016574,21,1147,1168
WBGene00016575,4,1251,1255
WBGene00016576,5,798,803
WBGene00016577,4,5,9
WBGene00016578,0,0,0
WBGene00016579,22,111,133
WBGene00016580,33,93,126
WBGene00016581,2,30,32
WBGene00016582,34,452,486
WBGene00016583,5,436,441
WBGene00016585,50,47,97
WBGene00016586,2,180,182
WBGene00016587,39,64,103
WBGene00016588,175,1344,1519
WBGene00016589,53,480,533
WBGene00016590,79,611,690
WBGene00016591,14,1026,1040
WBGene00016592,46,247,293
WBGene00016594,60,2990,3050
WBGene00016595,3,20,23
WBGene00016596,8,339,347
WBGene00016597,0,4,4
WBGene00016598,3,12,15
WBGene00016599,55,309,364
WBGene00016600,27,56,83
WBGene00016601,401,4796,5197
WBGene00016602,48,604,652
WBGene00016603,518,3492,4010
WBGene00016605,6,58,64
WBGene00016606,298,908,1206
WBGene00016607,39,427,466
WBGene00016608,53,343,396
WBGene00016609,63,190,253
WBGene00016610,555,4359,4914
WBGene00016611,280,2230,2510
WBGene00016612,6,29,35
WBGene00016613,94,455,549
WBGene00016614,60,495,555
WBGene00016616,22,812,834
WBGene00016617,55,741,796
WBGene00016619,23,126,149
WBGene00016620,74,742,816
WBGene00016621,179,1504,1683
WBGene00016622,27,1168,1195
WBGene00016623,40,351,391
WBGene00016624,435,1818,2253
WBGene00016625,10,24,34
WBGene00016626,20,198,218
WBGene00016627,4,2,6
WBGene00016628,128,799,927
WBGene00016629,21,302,323
WBGene00016630,620,38868,39488
WBGene00016631,36,203,239
WBGene00016632,57,191,248
WBGene00016633,13,249,262
WBGene00016634,220,1347,1567
WBGene00016635,47,3305,3352
WBGene00016636,4,3,7
WBGene00016637,20,155,175
WBGene00016638,2,0,2
WBGene00016639,26,16,42
WBGene00016641,6,66,72
WBGene00016642,14,298,312
WBGene00016643,103,710,813
WBGene00016644,0,9,9
WBGene00016645,25,669,694
WBGene00016646,0,0,0
WBGene00016647,0,0,0
WBGene00016648,0,0,0
WBGene00016649,0,0,0
WBGene00016650,708,6936,7644
WBGene00016652,56,477,533
WBGene00016653,14,2156,2170
WBGene00016654,140,447,587
WBGene00016655,117,1824,1941
WBGene00016657,29,201,230
WBGene00016658,0,0,0
WBGene00016659,1,19,20
WBGene00016660,0,2,2
WBGene00016661,149,676,825
WBGene00016662,2,0,2
WBGene00016663,66,1070,1136
WBGene00016664,0,9,9
WBGene00016665,4,14,18
WBGene00016667,86,709,795
WBGene00016668,0,0,0
WBGene00016669,0,2,2
WBGene00016670,5,3,8
WBGene00016671,11,191,202
WBGene00016673,1,1,2
WBGene00016674,24,456,480
WBGene00016675,0,1,1
WBGene00016676,20,665,685
WBGene00016677,302,4173,4475
WBGene00016678,188,1301,1489
WBGene00016679,11,191,202
WBGene00016680,0,1,1
WBGene00016681,2,3,5
WBGene00016682,23,28,51
WBGene00016683,49,117,166
WBGene00016684,90,3865,3955
WBGene00016685,14,12,26
WBGene00016686,7,31,38
WBGene00016687,1,2,3
WBGene00016689,0,0,0
WBGene00016690,1,1,2
WBGene00016691,3,1,4
WBGene00016692,2,4,6
WBGene00016693,23,24,47
WBGene00016694,0,0,0
WBGene00016695,1,2,3
WBGene00016696,9,17,26
WBGene00016697,6,26,32
WBGene00016698,2,13,15
WBGene00016699,1,19,20
WBGene00016700,12,30,42
WBGene00016701,7,93,100
WBGene00016702,83,1192,1275
WBGene00016703,7,341,348
WBGene00016704,67,411,478
WBGene00016705,42,185,227
WBGene00016706,75,3108,3183
WBGene00016707,0,0,0
WBGene00016708,0,0,0
WBGene00016709,1,0,1
WBGene00016710,27,416,443
WBGene00016711,2,26,28
WBGene00016712,0,1,1
WBGene00016713,0,0,0
WBGene00016714,7,17,24
WBGene00016716,3099,12108,15207
WBGene00016717,9,43,52
WBGene00016718,5,0,5
WBGene00016719,7,77,84
WBGene00016720,0,4,4
WBGene00016721,288,2737,3025
WBGene00016722,3325,8735,12060
WBGene00016724,9,90,99
WBGene00016725,129,170,299
WBGene00016727,12,1,13
WBGene00016728,5,98,103
WBGene00016729,3,60,63
WBGene00016730,20,74,94
WBGene00016731,3,10,13
WBGene00016732,1,6,7
WBGene00016733,3,27,30
WBGene00016734,72,1610,1682
WBGene00016735,61,517,578
WBGene00016736,0,3,3
WBGene00016738,4,1370,1374
WBGene00016739,706,5465,6171
WBGene00016740,15,638,653
WBGene00016741,105,1013,1118
WBGene00016742,19,19,38
WBGene00016743,13,6,19
WBGene00016744,45,310,355
WBGene00016745,7,238,245
WBGene00016746,132,2282,2414
WBGene00016747,22,93,115
WBGene00016748,82,175,257
WBGene00016749,144,2232,2376
WBGene00016750,89,1310,1399
WBGene00016751,145,872,1017
WBGene00016752,0,8,8
WBGene00016753,4,1,5
WBGene00016754,184,1751,1935
WBGene00016755,5,11,16
WBGene00016756,28,45,73
WBGene00016757,37,107,144
WBGene00016758,42,125,167
WBGene00016759,18,240,258
WBGene00016760,26,722,748
WBGene00016761,26,82,108
WBGene00016762,20,219,239
WBGene00016763,69,1774,1843
WBGene00016764,72,550,622
WBGene00016765,5,5,10
WBGene00016766,5,1144,1149
WBGene00016767,2,100,102
WBGene00016768,145,584,729
WBGene00016769,114,335,449
WBGene00016770,1,4,5
WBGene00016772,3,8,11
WBGene00016773,2,2,4
WBGene00016775,0,0,0
WBGene00016776,2,1,3
WBGene00016777,3,5,8
WBGene00016778,15,1,16
WBGene00016779,1,11,12
WBGene00016781,199,133631,133830
WBGene00016782,2,2201,2203
WBGene00016783,38,259,297
WBGene00016785,36,60,96
WBGene00016786,1,6,7
WBGene00016788,627,3369,3996
WBGene00016789,1,26,27
WBGene00016790,333,4977,5310
WBGene00016791,67,720,787
WBGene00016792,251,2012,2263
WBGene00016793,55,739,794
WBGene00016794,76,942,1018
WBGene00016795,8,113,121
WBGene00016796,195,590,785
WBGene00016797,219,154,373
WBGene00016798,0,0,0
WBGene00016799,40,229,269
WBGene00016800,3,38,41
WBGene00016801,19,663,682
WBGene00016803,14,1598,1612
WBGene00016804,0,12,12
WBGene00016805,10,71,81
WBGene00016806,0,120,120
WBGene00016807,2,1,3
WBGene00016808,53,2490,2543
WBGene00016809,36,298,334
WBGene00016810,45,636,681
WBGene00016811,72,355,427
WBGene00016812,54,353,407
WBGene00016813,1,0,1
WBGene00016814,0,0,0
WBGene00016815,1,0,1
WBGene00016816,89,465,554
WBGene00016817,23,116,139
WBGene00016818,6,11,17
WBGene00016819,1,1,2
WBGene00016820,2,7,9
WBGene00016821,1,3,4
WBGene00016822,3,1,4
WBGene00016823,3,0,3
WBGene00016824,0,0,0
WBGene00016825,11,34,45
WBGene00016826,21,1,22
WBGene00016827,2,2,4
WBGene00016828,7,9,16
WBGene00016829,4,3,7
WBGene00016830,2,3,5
WBGene00016831,6,1,7
WBGene00016832,2,4,6
WBGene00016833,9,18,27
WBGene00016834,1,6,7
WBGene00016835,129,133,262
WBGene00016836,196,1097,1293
WBGene00016837,79,1573,1652
WBGene00016838,1278,2461,3739
WBGene00016839,3,5,8
WBGene00016840,638,2822,3460
WBGene00016841,84,538,622
WBGene00016842,8,116,124
WBGene00016843,2,2,4
WBGene00016844,81,833,914
WBGene00016845,3,199,202
WBGene00016846,112,631,743
WBGene00016847,3,11,14
WBGene00016848,44,379,423
WBGene00016849,35,406,441
WBGene00016850,1,31,32
WBGene00016852,0,7,7
WBGene00016853,1,4,5
WBGene00016855,1,65,66
WBGene00016856,7,12,19
WBGene00016857,3,2,5
WBGene00016858,3,7,10
WBGene00016859,0,2,2
WBGene00016860,57,362,419
WBGene00016862,92,589,681
WBGene00016863,3,19,22
WBGene00016864,0,1,1
WBGene00016865,131,111,242
WBGene00016866,636,4353,4989
WBGene00016867,53,772,825
WBGene00016868,47,1614,1661
WBGene00016869,10,184,194
WBGene00016870,9,90,99
WBGene00016871,352,1068,1420
WBGene00016872,16,151,167
WBGene00016873,75,2,77
WBGene00016874,20,107,127
WBGene00016877,21,3,24
WBGene00016879,126,440,566
WBGene00016880,1,2,3
WBGene00016881,2,0,2
WBGene00016882,1,0,1
WBGene00016883,16,172,188
WBGene00016884,0,54,54
WBGene00016885,0,0,0
WBGene00016886,0,3,3
WBGene00016888,265,1864,2129
WBGene00016889,284,2268,2552
WBGene00016890,94,198,292
WBGene00016891,1,3,4
WBGene00016892,18,1273,1291
WBGene00016893,4,23,27
WBGene00016894,23,6591,6614
WBGene00016895,0,0,0
WBGene00016896,22,90,112
WBGene00016898,80,710,790
WBGene00016899,18,65,83
WBGene00016900,202,472,674
WBGene00016901,0,5,5
WBGene00016902,577,902,1479
WBGene00016903,100,1070,1170
WBGene00016904,11,7,18
WBGene00016905,181,997,1178
WBGene00016906,39,179,218
WBGene00016907,34,10155,10189
WBGene00016909,39,128,167
WBGene00016910,0,0,0
WBGene00016911,29,549,578
WBGene00016912,6,107,113
WBGene00016913,87,2000,2087
WBGene00016914,26,214,240
WBGene00016915,2,18,20
WBGene00016916,18,634,652
WBGene00016917,10,113,123
WBGene00016918,1771,8837,10608
WBGene00016919,312,757,1069
WBGene00016920,65,234,299
WBGene00016921,4,19,23
WBGene00016922,19,69,88
WBGene00016923,602,10632,11234
WBGene00016924,262,439,701
WBGene00016925,0,5,5
WBGene00016926,2,27,29
WBGene00016927,0,6,6
WBGene00016928,25,22,47
WBGene00016929,1,9,10
WBGene00016930,74,260,334
WBGene00016931,6,42,48
WBGene00016932,88,57,145
WBGene00016933,9,33,42
WBGene00016934,74,1543,1617
WBGene00016935,71,378,449
WBGene00016937,37,764,801
WBGene00016938,42,64,106
WBGene00016939,32,203,235
WBGene00016940,3,0,3
WBGene00016941,22,12,34
WBGene00016942,0,4,4
WBGene00016943,35,364,399
WBGene00016944,44,791,835
WBGene00016945,31,109,140
WBGene00016946,1,1,2
WBGene00016947,21,234,255
WBGene00016948,4,1,5
WBGene00016949,2,2,4
WBGene00016950,0,0,0
WBGene00016951,22,40,62
WBGene00016953,16,33,49
WBGene00016954,1,3,4
WBGene00016955,189,683,872
WBGene00016956,20,32,52
WBGene00016957,237,416,653
WBGene00016958,87,535,622
WBGene00016959,0,2,2
WBGene00016960,51,391,442
WBGene00016961,462,6959,7421
WBGene00016962,1,17,18
WBGene00016963,1,15,16
WBGene00016964,77,393,470
WBGene00016965,58,473,531
WBGene00016966,77,938,1015
WBGene00016967,4,794,798
WBGene00016968,31,344,375
WBGene00016970,134,86,220
WBGene00016971,19,537,556
WBGene00016972,6,17,23
WBGene00016973,3,9,12
WBGene00016974,36,557,593
WBGene00016975,170,697,867
WBGene00016976,123,191,314
WBGene00016977,1663,11368,13031
WBGene00016978,65,669,734
WBGene00016979,12,132,144
WBGene00016980,1,1,2
WBGene00016981,38,2110,2148
WBGene00016982,26,199,225
WBGene00016983,8,205,213
WBGene00016984,93,112,205
WBGene00016985,0,1,1
WBGene00016987,34,1353,1387
WBGene00016988,300,3250,3550
WBGene00016989,118,1277,1395
WBGene00016990,35,1689,1724
WBGene00016991,18,3,21
WBGene00016992,28,513,541
WBGene00016993,50,350,400
WBGene00016995,32,595,627
WBGene00016996,57,246,303
WBGene00016997,90,14730,14820
WBGene00016998,22,79,101
WBGene00016999,10,40,50
WBGene00017000,10,94,104
WBGene00017001,10,42,52
WBGene00017002,0,133,133
WBGene00017003,8,138,146
WBGene00017004,82,1752,1834
WBGene00017005,1,180,181
WBGene00017006,1,1,2
WBGene00017007,75,276,351
WBGene00017009,15,333,348
WBGene00017010,51,410,461
WBGene00017011,11,926,937
WBGene00017012,112,494,606
WBGene00017013,17,173,190
WBGene00017014,34,463,497
WBGene00017015,308,555,863
WBGene00017016,1524,3490,5014
WBGene00017017,162,1262,1424
WBGene00017018,0,2,2
WBGene00017019,0,1,1
WBGene00017020,5,17,22
WBGene00017021,5,32,37
WBGene00017022,3,60,63
WBGene00017023,16,2612,2628
WBGene00017024,3,24,27
WBGene00017025,185,1702,1887
WBGene00017026,10,4,14
WBGene00017027,37,22,59
WBGene00017028,35,51,86
WBGene00017029,0,1,1
WBGene00017030,3,1,4
WBGene00017031,236,1367,1603
WBGene00017032,19,548,567
WBGene00017033,3,72,75
WBGene00017034,20,188,208
WBGene00017036,28,234,262
WBGene00017037,210,692,902
WBGene00017038,463,674,1137
WBGene00017039,128,348,476
WBGene00017040,30,26,56
WBGene00017041,213,1475,1688
WBGene00017042,86,500,586
WBGene00017044,78,2193,2271
WBGene00017045,390,3367,3757
WBGene00017046,61,438,499
WBGene00017048,54,310,364
WBGene00017050,10,30,40
WBGene00017051,74,561,635
WBGene00017052,0,4,4
WBGene00017053,155,1090,1245
WBGene00017054,947,14675,15622
WBGene00017055,2,0,2
WBGene00017056,0,1,1
WBGene00017057,0,0,0
WBGene00017058,0,2,2
WBGene00017059,0,1,1
WBGene00017060,521,44899,45420
WBGene00017061,19,24,43
WBGene00017062,73,588,661
WBGene00017063,51,162,213
WBGene00017064,47,1151,1198
WBGene00017065,322,4170,4492
WBGene00017066,446,2141,2587
WBGene00017067,166,500,666
WBGene00017068,1,5,6
WBGene00017069,168,924,1092
WBGene00017070,70,1500,1570
WBGene00017071,80,259,339
WBGene00017072,38,73,111
WBGene00017073,0,6,6
WBGene00017074,23,662,685
WBGene00017075,195,35495,35690
WBGene00017076,175,1309,1484
WBGene00017077,118,226,344
WBGene00017078,9,116,125
WBGene00017079,29,486,515
WBGene00017080,723,1220,1943
WBGene00017082,74,1183,1257
WBGene00017083,9,18,27
WBGene00017084,512,894,1406
WBGene00017085,113,910,1023
WBGene00017087,40,190,230
WBGene00017088,307,2838,3145
WBGene00017089,2,50,52
WBGene00017090,2,0,2
WBGene00017091,5,36,41
WBGene00017092,1,10,11
WBGene00017093,2,0,2
WBGene00017094,0,0,0
WBGene00017095,1,1,2
WBGene00017096,0,9,9
WBGene00017097,12,1,13
WBGene00017098,202,1760,1962
WBGene00017099,1,1,2
WBGene00017100,8,26,34
WBGene00017101,79,555,634
WBGene00017102,12,32,44
WBGene00017103,1,18,19
WBGene00017104,29,3,32
WBGene00017105,2,0,2
WBGene00017106,0,11,11
WBGene00017107,7,28,35
WBGene00017108,10,62,72
WBGene00017109,1,1,2
WBGene00017110,1,1,2
WBGene00017111,2,3,5
WBGene00017112,0,4,4
WBGene00017113,13,51,64
WBGene00017114,0,0,0
WBGene00017115,0,0,0
WBGene00017116,0,5,5
WBGene00017119,71,2479,2550
WBGene00017120,25,222,247
WBGene00017121,3224,96912,100136
WBGene00017122,16,35,51
WBGene00017123,47,727,774
WBGene00017124,13,51,64
WBGene00017125,81,898,979
WBGene00017126,18,218,236
WBGene00017127,2985,28995,31980
WBGene00017128,1833,23062,24895
WBGene00017129,14,150,164
WBGene00017130,1,2,3
WBGene00017131,3,21,24
WBGene00017132,145,1468,1613
WBGene00017133,49,433,482
WBGene00017134,12,262,274
WBGene00017135,0,9,9
WBGene00017136,13,84,97
WBGene00017137,22,1004,1026
WBGene00017138,133,1738,1871
WBGene00017139,2,7,9
WBGene00017140,0,6,6
WBGene00017141,0,124,124
WBGene00017142,38,1456,1494
WBGene00017143,1,40,41
WBGene00017144,79,1025,1104
WBGene00017146,39,60,99
WBGene00017147,30,228,258
WBGene00017148,6,47,53
WBGene00017149,100,2584,2684
WBGene00017150,5,334,339
WBGene00017151,30,85,115
WBGene00017152,0,0,0
WBGene00017153,0,100,100
WBGene00017154,4,47,51
WBGene00017156,150,143,293
WBGene00017157,111,284,395
WBGene00017158,62,1618,1680
WBGene00017159,440,2978,3418
WBGene00017160,216,1596,1812
WBGene00017161,155,1005,1160
WBGene00017162,105,1270,1375
WBGene00017163,68,875,943
WBGene00017164,33,232,265
WBGene00017165,379,1345,1724
WBGene00017166,1519,40020,41539
WBGene00017168,1,38,39
WBGene00017169,8,426,434
WBGene00017170,47,135,182
WBGene00017172,0,0,0
WBGene00017173,7,5,12
WBGene00017174,8,53,61
WBGene00017175,3,1,4
WBGene00017176,10,87,97
WBGene00017177,1,2,3
WBGene00017178,59,823,882
WBGene00017179,3,8,11
WBGene00017180,243,1225,1468
WBGene00017181,1,0,1
WBGene00017182,1,2,3
WBGene00017183,0,0,0
WBGene00017184,137,920,1057
WBGene00017185,0,0,0
WBGene00017186,0,0,0
WBGene00017188,0,0,0
WBGene00017189,6,21,27
WBGene00017190,0,122,122
WBGene00017191,0,0,0
WBGene00017192,31,27,58
WBGene00017193,50,1010,1060
WBGene00017194,36,137,173
WBGene00017195,103,1306,1409
WBGene00017197,32,683,715
WBGene00017198,121,86,207
WBGene00017199,0,10,10
WBGene00017200,6,157,163
WBGene00017201,49,1812,1861
WBGene00017203,1,52,53
WBGene00017204,1,247,248
WBGene00017205,1,3,4
WBGene00017207,0,0,0
WBGene00017208,0,16,16
WBGene00017209,57,0,57
WBGene00017210,719,7210,7929
WBGene00017211,17,23,40
WBGene00017212,1,0,1
WBGene00017213,3,4,7
WBGene00017214,13,4,17
WBGene00017215,1,8,9
WBGene00017216,11,80,91
WBGene00017217,74,730,804
WBGene00017218,5,15,20
WBGene00017219,41,576,617
WBGene00017220,289,7279,7568
WBGene00017221,12,1,13
WBGene00017222,1,2,3
WBGene00017223,0,2,2
WBGene00017224,0,1,1
WBGene00017225,3,51,54
WBGene00017226,6,89,95
WBGene00017227,1,0,1
WBGene00017228,2,10,12
WBGene00017229,6,3,9
WBGene00017230,3,4,7
WBGene00017231,3,3,6
WBGene00017233,47,829,876
WBGene00017236,14,91,105
WBGene00017237,64,433,497
WBGene00017238,73,2201,2274
WBGene00017239,132,680,812
WBGene00017240,83,834,917
WBGene00017241,213,916,1129
WBGene00017243,18,128,146
WBGene00017244,58,377,435
WBGene00017245,193,849,1042
WBGene00017246,39,158,197
WBGene00017247,48,324,372
WBGene00017248,1,0,1
WBGene00017249,13,6,19
WBGene00017250,120,2390,2510
WBGene00017251,0,4,4
WBGene00017252,0,1,1
WBGene00017253,0,0,0
WBGene00017254,0,6,6
WBGene00017255,20,125,145
WBGene00017257,2,52,54
WBGene00017258,51,359,410
WBGene00017259,2,26,28
WBGene00017260,51,387,438
WBGene00017261,64,716,780
WBGene00017262,38,341,379
WBGene00017263,4,8,12
WBGene00017264,1,3,4
WBGene00017265,3,18,21
WBGene00017266,45,176,221
WBGene00017267,0,0,0
WBGene00017268,85,1097,1182
WBGene00017269,92,496,588
WBGene00017270,0,0,0
WBGene00017271,6,12,18
WBGene00017272,222,3716,3938
WBGene00017273,89,544,633
WBGene00017274,621,4363,4984
WBGene00017275,189,1365,1554
WBGene00017276,5,2,7
WBGene00017277,3,17,20
WBGene00017278,5,18,23
WBGene00017279,4,18,22
WBGene00017280,398,624,1022
WBGene00017281,12,14,26
WBGene00017282,19,442,461
WBGene00017283,89,1498,1587
WBGene00017284,197,962,1159
WBGene00017285,15,717,732
WBGene00017286,215,1336,1551
WBGene00017287,0,122,122
WBGene00017288,6,155,161
WBGene00017289,10,1109,1119
WBGene00017290,4,121,125
WBGene00017291,95,3050,3145
WBGene00017292,18,365,383
WBGene00017293,9,662,671
WBGene00017294,153,273,426
WBGene00017295,92,48,140
WBGene00017296,133,157,290
WBGene00017297,405,2634,3039
WBGene00017298,260,1349,1609
WBGene00017299,433,2795,3228
WBGene00017300,176,1537,1713
WBGene00017301,20,1313,1333
WBGene00017302,1317,1954,3271
WBGene00017303,1904,22567,24471
WBGene00017304,337,18359,18696
WBGene00017305,2,38,40
WBGene00017306,139,1303,1442
WBGene00017307,1,22,23
WBGene00017308,9,31,40
WBGene00017309,33,81,114
WBGene00017310,38,175,213
WBGene00017311,87,7970,8057
WBGene00017312,6,19,25
WBGene00017313,164,1464,1628
WBGene00017314,69,372,441
WBGene00017315,2,1,3
WBGene00017316,121,743,864
WBGene00017317,912,6505,7417
WBGene00017319,152,1071,1223
WBGene00017320,15,177,192
WBGene00017321,15,1913,1928
WBGene00017322,12,35,47
WBGene00017323,4,10,14
WBGene00017324,0,3,3
WBGene00017325,5,1,6
WBGene00017326,8,118,126
WBGene00017327,11,66,77
WBGene00017328,17,708,725
WBGene00017329,6,19,25
WBGene00017330,8,8,16
WBGene00017331,77,161,238
WBGene00017332,408,993,1401
WBGene00017333,3,7,10
WBGene00017334,15,61,76
WBGene00017335,21,129,150
WBGene00017336,19,145,164
WBGene00017338,234,488,722
WBGene00017339,42,136,178
WBGene00017340,12,62,74
WBGene00017341,13,28,41
WBGene00017342,378,7874,8252
WBGene00017343,2,2,4
WBGene00017344,86,1076,1162
WBGene00017347,85,16338,16423
WBGene00017348,2,487,489
WBGene00017349,96,1556,1652
WBGene00017350,123,1214,1337
WBGene00017351,0,8,8
WBGene00017352,3,97,100
WBGene00017353,62,656,718
WBGene00017354,5,10,15
WBGene00017355,11,384,395
WBGene00017356,118,834,952
WBGene00017357,119,1339,1458
WBGene00017358,341,544,885
WBGene00017359,0,53,53
WBGene00017360,0,135,135
WBGene00017361,3,368,371
WBGene00017362,183,2751,2934
WBGene00017363,7,218,225
WBGene00017364,1,17,18
WBGene00017365,0,0,0
WBGene00017366,88,46,134
WBGene00017367,9,98,107
WBGene00017369,68,1556,1624
WBGene00017371,6,54,60
WBGene00017372,100,1589,1689
WBGene00017373,196,1597,1793
WBGene00017374,786,9886,10672
WBGene00017375,61,341,402
WBGene00017376,231,3360,3591
WBGene00017378,17,155,172
WBGene00017379,154,2759,2913
WBGene00017380,290,1162,1452
WBGene00017381,77,473,550
WBGene00017382,4,10,14
WBGene00017383,4,1,5
WBGene00017384,5,2,7
WBGene00017385,83,2288,2371
WBGene00017386,0,2,2
WBGene00017387,0,4,4
WBGene00017388,0,2,2
WBGene00017389,198,285,483
WBGene00017390,339,4240,4579
WBGene00017393,3,1,4
WBGene00017394,65,310,375
WBGene00017395,0,3,3
WBGene00017396,90,46,136
WBGene00017397,54,400,454
WBGene00017398,16,59,75
WBGene00017399,25,20,45
WBGene00017400,18,83,101
WBGene00017401,0,0,0
WBGene00017402,1,2,3
WBGene00017403,6,5,11
WBGene00017405,1,6,7
WBGene00017406,0,2,2
WBGene00017407,2,2,4
WBGene00017408,0,4,4
WBGene00017410,5,21,26
WBGene00017411,40,616,656
WBGene00017412,3,3,6
WBGene00017413,12,133,145
WBGene00017414,35,98,133
WBGene00017416,1,64,65
WBGene00017417,10,133,143
WBGene00017418,428,2982,3410
WBGene00017419,98,1495,1593
WBGene00017420,21,43,64
WBGene00017421,305,1437,1742
WBGene00017422,226,628,854
WBGene00017423,274,4206,4480
WBGene00017424,15,49,64
WBGene00017426,54,314,368
WBGene00017427,68,388,456
WBGene00017428,526,5083,5609
WBGene00017429,246,661,907
WBGene00017430,357,3836,4193
WBGene00017431,99,419,518
WBGene00017433,37,103,140
WBGene00017434,20,403,423
WBGene00017435,95,1227,1322
WBGene00017436,1,7,8
WBGene00017437,15,243,258
WBGene00017438,4,2,6
WBGene00017439,14,81,95
WBGene00017440,4666,94939,99605
WBGene00017441,5,13,18
WBGene00017442,9,148,157
WBGene00017443,4,55,59
WBGene00017444,5,5,10
WBGene00017445,249,2456,2705
WBGene00017446,13,286,299
WBGene00017447,29,298,327
WBGene00017448,130,1560,1690
WBGene00017449,49,127,176
WBGene00017450,10,167,177
WBGene00017451,5,47,52
WBGene00017452,92,242,334
WBGene00017453,12,52,64
WBGene00017454,3,3,6
WBGene00017455,0,2,2
WBGene00017456,70,85,155
WBGene00017459,27,251,278
WBGene00017460,8,306,314
WBGene00017461,0,647,647
WBGene00017462,4,379,383
WBGene00017463,67,305,372
WBGene00017464,24,147,171
WBGene00017465,6,27,33
WBGene00017466,4,44,48
WBGene00017467,28,623,651
WBGene00017468,25,41,66
WBGene00017469,175,290,465
WBGene00017470,3,1,4
WBGene00017471,1,34,35
WBGene00017472,219,1402,1621
WBGene00017473,6,429,435
WBGene00017474,4,19,23
WBGene00017475,6,162,168
WBGene00017476,1,4,5
WBGene00017477,17,237,254
WBGene00017478,104,547,651
WBGene00017480,93,349,442
WBGene00017481,2,463,465
WBGene00017482,20,405,425
WBGene00017483,13,152,165
WBGene00017484,162,8033,8195
WBGene00017485,17,120,137
WBGene00017486,0,203,203
WBGene00017487,44,199,243
WBGene00017488,13,80,93
WBGene00017489,79,174,253
WBGene00017490,0,0,0
WBGene00017491,1,3,4
WBGene00017492,4,0,4
WBGene00017493,3,9,12
WBGene00017497,4,0,4
WBGene00017498,123,3097,3220
WBGene00017499,0,0,0
WBGene00017500,0,0,0
WBGene00017501,1,100,101
WBGene00017502,0,1838,1838
WBGene00017503,35,171,206
WBGene00017504,129,365,494
WBGene00017506,93,1263,1356
WBGene00017507,123,205,328
WBGene00017508,11,124,135
WBGene00017509,12,85,97
WBGene00017510,139,454,593
WBGene00017511,9,2,11
WBGene00017512,18,101,119
WBGene00017513,200,824,1024
WBGene00017514,28,433,461
WBGene00017515,16,157,173
WBGene00017516,2,0,2
WBGene00017517,10,1,11
WBGene00017518,2,0,2
WBGene00017519,0,0,0
WBGene00017520,1,1,2
WBGene00017521,0,0,0
WBGene00017522,0,1,1
WBGene00017523,1,1,2
WBGene00017524,2,0,2
WBGene00017525,1,2,3
WBGene00017526,5,1,6
WBGene00017527,2,1,3
WBGene00017528,1,1,2
WBGene00017530,26,80,106
WBGene00017532,6,21,27
WBGene00017534,126,724,850
WBGene00017535,5,6,11
WBGene00017536,23,683,706
WBGene00017537,24,150,174
WBGene00017538,4,63,67
WBGene00017539,0,0,0
WBGene00017540,0,0,0
WBGene00017541,1,7,8
WBGene00017542,0,1,1
WBGene00017543,5,16,21
WBGene00017544,9,34,43
WBGene00017545,42,144,186
WBGene00017546,125,1939,2064
WBGene00017547,159,1071,1230
WBGene00017548,69,403,472
WBGene00017549,102,623,725
WBGene00017550,9,37,46
WBGene00017551,2,0,2
WBGene00017552,2,0,2
WBGene00017553,2,4,6
WBGene00017554,4,1,5
WBGene00017555,6,2,8
WBGene00017556,5,1,6
WBGene00017557,53,755,808
WBGene00017559,3,11,14
WBGene00017560,1,1,2
WBGene00017562,2,1,3
WBGene00017563,451,7075,7526
WBGene00017564,4,3,7
WBGene00017565,4626,7731,12357
WBGene00017566,1,8,9
WBGene00017567,0,1498,1498
WBGene00017568,25,228,253
WBGene00017569,21,228,249
WBGene00017570,11,21,32
WBGene00017571,36,678,714
WBGene00017573,3,1,4
WBGene00017574,14,274,288
WBGene00017576,90,41,131
WBGene00017577,7,3,10
WBGene00017578,23,64,87
WBGene00017579,3,78,81
WBGene00017580,75,209,284
WBGene00017581,19,38,57
WBGene00017582,151,10436,10587
WBGene00017583,62,1071,1133
WBGene00017584,1,10,11
WBGene00017585,0,0,0
WBGene00017586,18,66,84
WBGene00017587,1,2,3
WBGene00017588,2,5,7
WBGene00017589,1,86,87
WBGene00017590,6,1,7
WBGene00017591,97,1514,1611
WBGene00017592,3,48,51
WBGene00017593,14,43,57
WBGene00017594,9,4,13
WBGene00017595,2,13,15
WBGene00017596,2,1,3
WBGene00017597,524,523,1047
WBGene00017598,1,9,10
WBGene00017599,2,1271,1273
WBGene00017600,824,9439,10263
WBGene00017601,2,12,14
WBGene00017603,3,0,3
WBGene00017604,5,0,5
WBGene00017605,691,5442,6133
WBGene00017606,54,789,843
WBGene00017607,101,1009,1110
WBGene00017608,190,1015,1205
WBGene00017609,0,4,4
WBGene00017610,4,4,8
WBGene00017611,36,42,78
WBGene00017612,0,38,38
WBGene00017613,244,8123,8367
WBGene00017614,9,32,41
WBGene00017615,9,30,39
WBGene00017616,13,56,69
WBGene00017618,1334,1063,2397
WBGene00017619,18,137,155
WBGene00017620,238,1114,1352
WBGene00017621,44,2409,2453
WBGene00017625,30,10,40
WBGene00017627,13,4,17
WBGene00017628,201,368,569
WBGene00017629,1,10,11
WBGene00017630,1,0,1
WBGene00017631,6,7,13
WBGene00017632,35,108,143
WBGene00017633,20,48,68
WBGene00017634,10,24,34
WBGene00017635,97,112,209
WBGene00017636,3,6,9
WBGene00017637,67,611,678
WBGene00017638,0,0,0
WBGene00017639,551,2095,2646
WBGene00017640,146,980,1126
WBGene00017641,71,590,661
WBGene00017642,205,2363,2568
WBGene00017643,101,995,1096
WBGene00017644,983,5478,6461
WBGene00017645,6,28,34
WBGene00017646,117,639,756
WBGene00017647,51,64,115
WBGene00017648,9,52,61
WBGene00017650,8,83,91
WBGene00017651,34,71,105
WBGene00017652,4,4,8
WBGene00017653,502,2376,2878
WBGene00017654,6,19,25
WBGene00017655,1,1,2
WBGene00017656,0,2,2
WBGene00017657,165,1799,1964
WBGene00017658,6,19,25
WBGene00017659,338,13627,13965
WBGene00017660,243,4599,4842
WBGene00017661,4,76,80
WBGene00017662,1,16,17
WBGene00017663,196,3798,3994
WBGene00017664,14,21,35
WBGene00017666,7,22,29
WBGene00017667,28,180,208
WBGene00017668,2,2,4
WBGene00017670,4,0,4
WBGene00017671,265,10125,10390
WBGene00017672,0,0,0
WBGene00017673,2,31,33
WBGene00017674,15,199,214
WBGene00017675,418,8707,9125
WBGene00017676,156,2059,2215
WBGene00017678,6,49,55
WBGene00017679,2,9,11
WBGene00017681,3,42,45
WBGene00017683,48,840,888
WBGene00017684,0,0,0
WBGene00017685,1,1,2
WBGene00017686,129,1480,1609
WBGene00017687,32,185,217
WBGene00017688,58,917,975
WBGene00017690,145,259,404
WBGene00017691,103,353,456
WBGene00017692,119,420,539
WBGene00017693,1,1,2
WBGene00017694,3,8,11
WBGene00017695,6,11,17
WBGene00017696,40,1087,1127
WBGene00017698,242,3119,3361
WBGene00017699,1594,2556,4150
WBGene00017700,24,32,56
WBGene00017701,20,54,74
WBGene00017702,128,1044,1172
WBGene00017703,57,56,113
WBGene00017704,1,1,2
WBGene00017705,0,2,2
WBGene00017706,0,5,5
WBGene00017707,1,0,1
WBGene00017708,24,262,286
WBGene00017709,93,3,96
WBGene00017710,2,3,5
WBGene00017711,6,81,87
WBGene00017712,0,36,36
WBGene00017713,0,0,0
WBGene00017714,2,59,61
WBGene00017715,11,127,138
WBGene00017716,6,17,23
WBGene00017717,18,338,356
WBGene00017718,0,39,39
WBGene00017719,323,2919,3242
WBGene00017720,108,223,331
WBGene00017721,8,6,14
WBGene00017722,3,4,7
WBGene00017723,79,81,160
WBGene00017724,400,2215,2615
WBGene00017725,0,5,5
WBGene00017726,343,3637,3980
WBGene00017727,0,9101,9101
WBGene00017730,8,125,133
WBGene00017732,55,527,582
WBGene00017733,152,935,1087
WBGene00017734,23,2279,2302
WBGene00017735,322,5645,5967
WBGene00017736,14,160,174
WBGene00017737,8,13,21
WBGene00017738,111,808,919
WBGene00017741,60,262,322
WBGene00017742,109,882,991
WBGene00017743,1,14,15
WBGene00017744,114,662,776
WBGene00017745,161,1101,1262
WBGene00017746,173,561,734
WBGene00017747,19,236,255
WBGene00017748,55,783,838
WBGene00017749,85,1077,1162
WBGene00017750,55,349,404
WBGene00017751,448,313,761
WBGene00017752,2,4,6
WBGene00017754,9,36,45
WBGene00017755,1346,1860,3206
WBGene00017756,153,1481,1634
WBGene00017757,22,1335,1357
WBGene00017758,85,452,537
WBGene00017759,6,1616,1622
WBGene00017760,181,1642,1823
WBGene00017761,358,452,810
WBGene00017762,370,676,1046
WBGene00017763,97,656,753
WBGene00017764,9,23,32
WBGene00017765,72,2434,2506
WBGene00017766,39,585,624
WBGene00017767,42,420,462
WBGene00017768,171,557,728
WBGene00017769,62,924,986
WBGene00017770,137,1753,1890
WBGene00017771,36,410,446
WBGene00017772,182,2752,2934
WBGene00017773,113,1617,1730
WBGene00017774,50,700,750
WBGene00017775,533,5506,6039
WBGene00017776,70,875,945
WBGene00017777,21,2830,2851
WBGene00017778,364,1092,1456
WBGene00017779,69,257,326
WBGene00017780,37,125,162
WBGene00017781,315,1352,1667
WBGene00017782,45,331,376
WBGene00017783,10,69,79
WBGene00017784,0,29,29
WBGene00017785,2,290,292
WBGene00017786,18,348,366
WBGene00017787,4,59,63
WBGene00017788,0,18,18
WBGene00017789,0,4357,4357
WBGene00017790,20,136,156
WBGene00017791,0,3,3
WBGene00017792,18,235,253
WBGene00017794,21,8,29
WBGene00017795,173,390,563
WBGene00017796,0,136,136
WBGene00017797,343,1491,1834
WBGene00017798,12,14,26
WBGene00017799,8,450,458
WBGene00017800,57,835,892
WBGene00017801,124,1197,1321
WBGene00017802,0,7,7
WBGene00017803,3,17,20
WBGene00017804,1,18,19
WBGene00017805,0,2,2
WBGene00017806,0,31,31
WBGene00017807,20,47,67
WBGene00017808,0,7,7
WBGene00017809,2,1,3
WBGene00017810,1,2,3
WBGene00017811,68,1328,1396
WBGene00017812,168,1304,1472
WBGene00017813,0,1750,1750
WBGene00017814,29,138,167
WBGene00017815,302,240,542
WBGene00017816,34,996,1030
WBGene00017817,2,4,6
WBGene00017818,279,1264,1543
WBGene00017819,8,30,38
WBGene00017821,37,25,62
WBGene00017822,2,3,5
WBGene00017823,2,192,194
WBGene00017824,5,13,18
WBGene00017825,20,411,431
WBGene00017826,112,1123,1235
WBGene00017827,41,357,398
WBGene00017828,35,1062,1097
WBGene00017829,242,1016,1258
WBGene00017830,19,1807,1826
WBGene00017831,70,527,597
WBGene00017832,35,341,376
WBGene00017833,413,1714,2127
WBGene00017834,3622,33220,36842
WBGene00017835,1,15,16
WBGene00017836,19,309,328
WBGene00017837,49,596,645
WBGene00017838,934,7378,8312
WBGene00017839,0,0,0
WBGene00017840,52,145,197
WBGene00017841,2,35,37
WBGene00017842,30,162,192
WBGene00017843,1,2,3
WBGene00017845,2,11,13
WBGene00017848,0,18,18
WBGene00017850,161,1445,1606
WBGene00017851,0,1,1
WBGene00017852,106,4372,4478
WBGene00017853,7,6,13
WBGene00017854,0,82,82
WBGene00017855,238,1652,1890
WBGene00017858,80,210,290
WBGene00017860,20,14,34
WBGene00017861,38,190,228
WBGene00017862,0,1,1
WBGene00017863,1,0,1
WBGene00017864,476,6457,6933
WBGene00017865,0,13,13
WBGene00017866,0,797,797
WBGene00017867,13,25,38
WBGene00017868,25,76,101
WBGene00017869,0,0,0
WBGene00017871,1,1,2
WBGene00017872,0,0,0
WBGene00017873,0,1,1
WBGene00017874,195,3032,3227
WBGene00017875,0,15,15
WBGene00017876,0,0,0
WBGene00017879,8,26,34
WBGene00017880,9,83,92
WBGene00017881,15,90,105
WBGene00017885,694,2667,3361
WBGene00017886,29,390,419
WBGene00017887,29,854,883
WBGene00017888,144,450,594
WBGene00017889,35,977,1012
WBGene00017890,0,8,8
WBGene00017891,207,378,585
WBGene00017892,13,146,159
WBGene00017893,16,198,214
WBGene00017894,38,2817,2855
WBGene00017895,30,1301,1331
WBGene00017896,1,6,7
WBGene00017898,137,227,364
WBGene00017899,4,3,7
WBGene00017900,323,1264,1587
WBGene00017901,169,755,924
WBGene00017902,6,9,15
WBGene00017904,359,823,1182
WBGene00017905,23,1170,1193
WBGene00017906,92,96,188
WBGene00017907,208,745,953
WBGene00017908,0,186,186
WBGene00017909,71,580,651
WBGene00017910,14,10,24
WBGene00017911,2,6,8
WBGene00017912,6,3,9
WBGene00017913,2,4,6
WBGene00017914,26,313,339
WBGene00017915,1,0,1
WBGene00017916,216,1229,1445
WBGene00017918,3,22,25
WBGene00017919,56,541,597
WBGene00017920,302,4593,4895
WBGene00017921,42,824,866
WBGene00017922,5,4,9
WBGene00017923,46,1467,1513
WBGene00017924,24,465,489
WBGene00017925,2059,28651,30710
WBGene00017926,1199,28873,30072
WBGene00017927,11,7,18
WBGene00017928,58,1947,2005
WBGene00017929,760,1161,1921
WBGene00017930,1,84,85
WBGene00017931,118,708,826
WBGene00017933,2,1,3
WBGene00017934,218,901,1119
WBGene00017935,2,3,5
WBGene00017936,23,447,470
WBGene00017937,2,6,8
WBGene00017938,13,812,825
WBGene00017939,45,136,181
WBGene00017942,1,0,1
WBGene00017944,2,3,5
WBGene00017945,8,32,40
WBGene00017947,84,87,171
WBGene00017948,21,31,52
WBGene00017949,8,63,71
WBGene00017950,63,597,660
WBGene00017951,53,865,918
WBGene00017952,965,3288,4253
WBGene00017953,10,7,17
WBGene00017954,10,477,487
WBGene00017955,1,9,10
WBGene00017957,26,93,119
WBGene00017959,3,6,9
WBGene00017960,3,2,5
WBGene00017961,62,418,480
WBGene00017962,7,11,18
WBGene00017963,8,5,13
WBGene00017964,0,3113,3113
WBGene00017965,12,68,80
WBGene00017966,103,5,108
WBGene00017967,154,2323,2477
WBGene00017968,120,864,984
WBGene00017969,16,184,200
WBGene00017970,149,6171,6320
WBGene00017971,70,427,497
WBGene00017973,193,632,825
WBGene00017974,25,198,223
WBGene00017975,1,0,1
WBGene00017976,17,131,148
WBGene00017977,1,30,31
WBGene00017978,0,10,10
WBGene00017979,303,7962,8265
WBGene00017980,337,1516,1853
WBGene00017981,48,601,649
WBGene00017982,433,4245,4678
WBGene00017983,109,149,258
WBGene00017984,16,7793,7809
WBGene00017985,11,695,706
WBGene00017986,31,334,365
WBGene00017987,7,118,125
WBGene00017988,15,1529,1544
WBGene00017989,72,935,1007
WBGene00017990,28,458,486
WBGene00017991,14,143,157
WBGene00017992,57,455,512
WBGene00017993,80,4744,4824
WBGene00017995,391,2644,3035
WBGene00017996,61,1163,1224
WBGene00017997,236,2096,2332
WBGene00017998,9,39,48
WBGene00017999,79,1673,1752
WBGene00018000,1,0,1
WBGene00018001,2,1,3
WBGene00018002,34,109,143
WBGene00018003,0,1,1
WBGene00018004,2,9,11
WBGene00018005,114,911,1025
WBGene00018006,28,461,489
WBGene00018007,17,1238,1255
WBGene00018008,113,2666,2779
WBGene00018009,51,478,529
WBGene00018010,35,277,312
WBGene00018011,53,409,462
WBGene00018013,154,531,685
WBGene00018014,136,382,518
WBGene00018015,24,247,271
WBGene00018016,22,172,194
WBGene00018017,30,1159,1189
WBGene00018018,90,2232,2322
WBGene00018019,0,0,0
WBGene00018020,0,0,0
WBGene00018021,1,9,10
WBGene00018022,11,28,39
WBGene00018023,36,106,142
WBGene00018024,280,7415,7695
WBGene00018025,154,3195,3349
WBGene00018026,21,40,61
WBGene00018027,6,6,12
WBGene00018028,2,0,2
WBGene00018030,0,0,0
WBGene00018031,2,31,33
WBGene00018033,1817,4752,6569
WBGene00018034,0,3,3
WBGene00018035,15,152,167
WBGene00018036,29,294,323
WBGene00018037,36,62,98
WBGene00018038,11,0,11
WBGene00018039,2,3,5
WBGene00018040,0,23,23
WBGene00018041,6,78,84
WBGene00018042,38,245,283
WBGene00018043,45,228,273
WBGene00018044,60,833,893
WBGene00018045,1,975,976
WBGene00018046,84,1538,1622
WBGene00018047,4,16,20
WBGene00018048,2,6,8
WBGene00018049,2,3,5
WBGene00018050,11,31,42
WBGene00018051,206,1802,2008
WBGene00018052,88,499,587
WBGene00018053,7,11,18
WBGene00018054,14,2,16
WBGene00018055,0,84,84
WBGene00018056,48,427,475
WBGene00018057,59,825,884
WBGene00018058,5,2,7
WBGene00018060,54,769,823
WBGene00018061,44,358,402
WBGene00018062,1,3,4
WBGene00018063,0,4,4
WBGene00018064,238,1387,1625
WBGene00018065,5,43,48
WBGene00018066,2,19,21
WBGene00018067,38,148,186
WBGene00018068,4,424,428
WBGene00018069,72,537,609
WBGene00018070,22,165,187
WBGene00018071,10,417,427
WBGene00018072,54,390,444
WBGene00018073,34,1156,1190
WBGene00018074,59,258,317
WBGene00018075,255,911,1166
WBGene00018076,61,312,373
WBGene00018077,3,98,101
WBGene00018078,76,319,395
WBGene00018080,1,3,4
WBGene00018081,1,1,2
WBGene00018082,0,1,1
WBGene00018083,2,1,3
WBGene00018084,1,1,2
WBGene00018085,2,92,94
WBGene00018086,0,1,1
WBGene00018087,21,29,50
WBGene00018088,102,425,527
WBGene00018089,31,166,197
WBGene00018090,259,1694,1953
WBGene00018091,2,16,18
WBGene00018092,0,1,1
WBGene00018093,4,1,5
WBGene00018094,27,19,46
WBGene00018096,1,0,1
WBGene00018097,0,0,0
WBGene00018098,0,0,0
WBGene00018099,34,211,245
WBGene00018100,0,36,36
WBGene00018101,37,107,144
WBGene00018102,26,191,217
WBGene00018103,0,40,40
WBGene00018104,29,130,159
WBGene00018105,0,1,1
WBGene00018106,0,0,0
WBGene00018107,0,2,2
WBGene00018108,11,358,369
WBGene00018110,6,3,9
WBGene00018111,16,28,44
WBGene00018112,94,688,782
WBGene00018113,6,28,34
WBGene00018114,34,72,106
WBGene00018115,25,245,270
WBGene00018117,89,4054,4143
WBGene00018118,27,199,226
WBGene00018119,3,5,8
WBGene00018120,0,0,0
WBGene00018121,1,5,6
WBGene00018122,0,3,3
WBGene00018123,0,0,0
WBGene00018124,0,0,0
WBGene00018130,11,3,14
WBGene00018131,138,1182,1320
WBGene00018132,109,1832,1941
WBGene00018133,0,9,9
WBGene00018134,3,8,11
WBGene00018135,0,8,8
WBGene00018136,9,62,71
WBGene00018137,24,471,495
WBGene00018138,2,9,11
WBGene00018139,3,7,10
WBGene00018140,73,569,642
WBGene00018141,0,5,5
WBGene00018142,1,30,31
WBGene00018143,2,12,14
WBGene00018144,100,687,787
WBGene00018145,742,4849,5591
WBGene00018146,46,753,799
WBGene00018148,47,17,64
WBGene00018149,223,1089,1312
WBGene00018150,106,1336,1442
WBGene00018151,153,1205,1358
WBGene00018152,33,2007,2040
WBGene00018153,9,81,90
WBGene00018154,1888,1594,3482
WBGene00018155,1,20,21
WBGene00018156,99,1168,1267
WBGene00018157,9,43,52
WBGene00018158,2,8,10
WBGene00018159,213,983,1196
WBGene00018160,26,599,625
WBGene00018161,31,891,922
WBGene00018162,0,0,0
WBGene00018163,5,1,6
WBGene00018164,1,3709,3710
WBGene00018165,5,12,17
WBGene00018166,25,169,194
WBGene00018167,0,12,12
WBGene00018168,2,1,3
WBGene00018169,2,2,4
WBGene00018170,7,194,201
WBGene00018172,15,16,31
WBGene00018173,68,252,320
WBGene00018174,7,20,27
WBGene00018175,93,262,355
WBGene00018176,7,3,10
WBGene00018178,4,0,4
WBGene00018179,1,25,26
WBGene00018180,17,7,24
WBGene00018181,22,855,877
WBGene00018182,1,2,3
WBGene00018183,7,6,13
WBGene00018184,3,71,74
WBGene00018186,0,17,17
WBGene00018187,1428,3020,4448
WBGene00018188,88,661,749
WBGene00018189,8,7,15
WBGene00018190,3,7,10
WBGene00018191,16,124,140
WBGene00018192,0,87,87
WBGene00018193,160,3342,3502
WBGene00018195,13,410,423
WBGene00018196,5,11,16
WBGene00018198,4,13,17
WBGene00018200,10,137,147
WBGene00018201,1,25,26
WBGene00018202,0,1,1
WBGene00018203,0,15,15
WBGene00018204,382,957,1339
WBGene00018205,0,2,2
WBGene00018206,15,267,282
WBGene00018207,12,51,63
WBGene00018208,47,1253,1300
WBGene00018209,4,14,18
WBGene00018210,17,102,119
WBGene00018211,22,10,32
WBGene00018212,37,257,294
WBGene00018213,23,172,195
WBGene00018214,193,2174,2367
WBGene00018215,12,45,57
WBGene00018216,194,1060,1254
WBGene00018217,944,1878,2822
WBGene00018218,17,2636,2653
WBGene00018219,33,353,386
WBGene00018221,578,7406,7984
WBGene00018222,40,235,275
WBGene00018223,48,77,125
WBGene00018226,121,578,699
WBGene00018227,11,56,67
WBGene00018228,0,2,2
WBGene00018229,0,0,0
WBGene00018230,12,795,807
WBGene00018231,3,4,7
WBGene00018232,2510,6826,9336
WBGene00018233,0,51,51
WBGene00018234,1,15,16
WBGene00018235,2,7,9
WBGene00018236,1,81,82
WBGene00018237,167,1845,2012
WBGene00018238,95,2386,2481
WBGene00018239,27,341,368
WBGene00018240,70,511,581
WBGene00018241,9,79,88
WBGene00018242,0,5,5
WBGene00018243,0,0,0
WBGene00018244,1,0,1
WBGene00018245,2,3,5
WBGene00018246,2,0,2
WBGene00018247,1,0,1
WBGene00018248,10,6,16
WBGene00018249,340,2735,3075
WBGene00018250,159,2001,2160
WBGene00018251,20,109,129
WBGene00018252,28,397,425
WBGene00018253,5,23,28
WBGene00018254,2,5,7
WBGene00018255,126,187,313
WBGene00018256,3,6,9
WBGene00018257,172,5411,5583
WBGene00018258,46,367,413
WBGene00018259,182,1705,1887
WBGene00018260,82,641,723
WBGene00018261,33,116,149
WBGene00018262,12,96,108
WBGene00018264,1,26,27
WBGene00018265,172,842,1014
WBGene00018266,47,805,852
WBGene00018267,11,19,30
WBGene00018268,20,1174,1194
WBGene00018269,132,853,985
WBGene00018270,31,1272,1303
WBGene00018271,202,31900,32102
WBGene00018272,78,576,654
WBGene00018273,136,180,316
WBGene00018274,166,669,835
WBGene00018275,86,122,208
WBGene00018276,1,1,2
WBGene00018277,0,0,0
WBGene00018278,1,1,2
WBGene00018279,0,3,3
WBGene00018280,9,12,21
WBGene00018281,50,363,413
WBGene00018282,41,373,414
WBGene00018283,10,34,44
WBGene00018284,5,4,9
WBGene00018285,1326,8286,9612
WBGene00018286,65,390,455
WBGene00018288,10,307,317
WBGene00018289,49,0,49
WBGene00018290,277,6124,6401
WBGene00018291,12,46,58
WBGene00018292,4,6,10
WBGene00018293,39,162,201
WBGene00018294,143,6452,6595
WBGene00018295,6,14,20
WBGene00018296,0,6,6
WBGene00018297,0,37,37
WBGene00018298,268,4442,4710
WBGene00018299,1,7,8
WBGene00018300,2,13,15
WBGene00018301,16,7,23
WBGene00018302,18,317,335
WBGene00018303,906,13178,14084
WBGene00018304,149,587,736
WBGene00018305,161,2015,2176
WBGene00018307,8,45,53
WBGene00018308,0,13,13
WBGene00018309,1,5,6
WBGene00018310,79,171,250
WBGene00018311,157,2510,2667
WBGene00018312,2,8,10
WBGene00018313,7,17,24
WBGene00018314,1,19,20
WBGene00018315,7,33,40
WBGene00018316,59,1170,1229
WBGene00018317,115,2314,2429
WBGene00018318,0,173,173
WBGene00018319,492,2303,2795
WBGene00018321,12,413,425
WBGene00018322,0,2,2
WBGene00018323,43,1,44
WBGene00018324,0,1,1
WBGene00018327,1,6,7
WBGene00018328,112,466,578
WBGene00018330,50,463,513
WBGene00018332,3,2,5
WBGene00018333,3,24,27
WBGene00018334,47,395,442
WBGene00018335,189,1276,1465
WBGene00018336,2,1,3
WBGene00018337,65,468,533
WBGene00018338,7,130,137
WBGene00018339,54,3033,3087
WBGene00018340,29,355,384
WBGene00018341,30,1195,1225
WBGene00018342,95,631,726
WBGene00018343,6,270,276
WBGene00018344,39,214,253
WBGene00018345,68,102,170
WBGene00018346,116,1322,1438
WBGene00018347,152,582,734
WBGene00018348,13,185,198
WBGene00018349,162,5667,5829
WBGene00018350,84,2910,2994
WBGene00018351,62,132,194
WBGene00018352,0,4,4
WBGene00018353,4,5,9
WBGene00018354,3,1,4
WBGene00018355,6,60,66
WBGene00018356,242,1727,1969
WBGene00018357,24,447,471
WBGene00018358,15,5,20
WBGene00018359,7,4,11
WBGene00018360,2,24,26
WBGene00018361,1282,9958,11240
WBGene00018362,9,1062,1071
WBGene00018363,56,1106,1162
WBGene00018364,105,239,344
WBGene00018365,10,35,45
WBGene00018366,56,639,695
WBGene00018367,98,427,525
WBGene00018369,104,573,677
WBGene00018370,130,913,1043
WBGene00018371,39,677,716
WBGene00018373,324,838,1162
WBGene00018374,79,283,362
WBGene00018375,15,38,53
WBGene00018376,310,2875,3185
WBGene00018377,3,2,5
WBGene00018378,2,0,2
WBGene00018379,3,1,4
WBGene00018380,12,487,499
WBGene00018381,15,5,20
WBGene00018383,1,133,134
WBGene00018384,107,1414,1521
WBGene00018385,1,4,5
WBGene00018386,26,342,368
WBGene00018387,9,6,15
WBGene00018388,230,0,230
WBGene00018389,0,3,3
WBGene00018390,12,406,418
WBGene00018391,37,1915,1952
WBGene00018392,108,538,646
WBGene00018393,11,2209,2220
WBGene00018394,8,21,29
WBGene00018395,117,9134,9251
WBGene00018397,11,2,13
WBGene00018398,28,131,159
WBGene00018399,43,780,823
WBGene00018400,497,5267,5764
WBGene00018402,33,274,307
WBGene00018403,118,277,395
WBGene00018404,6,13,19
WBGene00018405,329,1823,2152
WBGene00018406,10,13,23
WBGene00018407,224,1687,1911
WBGene00018408,133,546,679
WBGene00018409,31,1115,1146
WBGene00018410,10,11,21
WBGene00018411,14,21,35
WBGene00018412,11,28,39
WBGene00018413,30,288,318
WBGene00018414,1,8,9
WBGene00018415,11,295,306
WBGene00018417,423,1593,2016
WBGene00018418,0,23,23
WBGene00018419,152,945,1097
WBGene00018420,181,1735,1916
WBGene00018421,13,916,929
WBGene00018422,21,1020,1041
WBGene00018423,42,223,265
WBGene00018424,3,168,171
WBGene00018425,13,111,124
WBGene00018426,41,1698,1739
WBGene00018427,2,159,161
WBGene00018428,1,8,9
WBGene00018429,3,3,6
WBGene00018430,28,120,148
WBGene00018431,16,602,618
WBGene00018432,1,11,12
WBGene00018433,1,6,7
WBGene00018434,4,6,10
WBGene00018435,1,118,119
WBGene00018436,0,0,0
WBGene00018437,0,0,0
WBGene00018438,1,3,4
WBGene00018439,0,4,4
WBGene00018440,0,0,0
WBGene00018441,0,1,1
WBGene00018442,6,0,6
WBGene00018443,0,1,1
WBGene00018444,0,5,5
WBGene00018445,0,6,6
WBGene00018446,30,55,85
WBGene00018447,1,6,7
WBGene00018452,0,8,8
WBGene00018455,2,22,24
WBGene00018456,14,49,63
WBGene00018457,2,10,12
WBGene00018458,0,2,2
WBGene00018459,0,129,129
WBGene00018460,0,0,0
WBGene00018461,0,0,0
WBGene00018462,36,393,429
WBGene00018463,0,2,2
WBGene00018465,95,647,742
WBGene00018466,30,163,193
WBGene00018467,136,660,796
WBGene00018468,439,4019,4458
WBGene00018470,765,3359,4124
WBGene00018471,6,32,38
WBGene00018472,194,630,824
WBGene00018473,18,104,122
WBGene00018474,64,409,473
WBGene00018475,366,7160,7526
WBGene00018476,4,79,83
WBGene00018477,2,13,15
WBGene00018478,17,70,87
WBGene00018479,2,4,6
WBGene00018480,1,5,6
WBGene00018481,186,1866,2052
WBGene00018482,461,2466,2927
WBGene00018483,42,587,629
WBGene00018484,6,16,22
WBGene00018485,2331,4253,6584
WBGene00018486,6,90,96
WBGene00018487,6,27,33
WBGene00018488,62,251,313
WBGene00018489,1,3,4
WBGene00018490,1,9,10
WBGene00018491,17,18077,18094
WBGene00018492,128,1265,1393
WBGene00018493,3,2,5
WBGene00018496,4,0,4
WBGene00018497,0,0,0
WBGene00018498,1,0,1
WBGene00018499,0,53,53
WBGene00018500,0,0,0
WBGene00018501,1,0,1
WBGene00018502,2,2,4
WBGene00018504,1,0,1
WBGene00018505,2,4,6
WBGene00018506,11,71,82
WBGene00018507,2,78,80
WBGene00018508,1203,6372,7575
WBGene00018509,214,2510,2724
WBGene00018510,36,152,188
WBGene00018511,114,973,1087
WBGene00018512,241,1424,1665
WBGene00018513,0,339,339
WBGene00018514,28,67,95
WBGene00018515,8,20,28
WBGene00018516,33,604,637
WBGene00018517,144,914,1058
WBGene00018518,23,1230,1253
WBGene00018519,5726,271002,276728
WBGene00018520,149,1172,1321
WBGene00018521,12,111,123
WBGene00018522,183,2587,2770
WBGene00018523,66,238,304
WBGene00018525,0,0,0
WBGene00018526,0,0,0
WBGene00018527,0,0,0
WBGene00018528,1,1,2
WBGene00018529,1,2,3
WBGene00018530,0,0,0
WBGene00018531,3,13,16
WBGene00018532,1865,27711,29576
WBGene00018533,282,742,1024
WBGene00018534,3,3,6
WBGene00018535,3,5,8
WBGene00018536,0,2,2
WBGene00018537,1,40,41
WBGene00018538,200,1494,1694
WBGene00018539,23,11,34
WBGene00018541,7,34,41
WBGene00018542,7,21,28
WBGene00018543,10,24,34
WBGene00018544,8,19,27
WBGene00018545,1,8,9
WBGene00018547,105,39,144
WBGene00018548,1,2,3
WBGene00018549,0,0,0
WBGene00018550,3,0,3
WBGene00018551,15,18,33
WBGene00018552,2,1,3
WBGene00018554,1,0,1
WBGene00018555,3,0,3
WBGene00018556,1,0,1
WBGene00018557,2,2,4
WBGene00018558,5,6,11
WBGene00018559,0,0,0
WBGene00018560,27,126,153
WBGene00018561,14,128,142
WBGene00018562,106,660,766
WBGene00018563,7,37,44
WBGene00018564,1301,5500,6801
WBGene00018565,117,685,802
WBGene00018566,45,279,324
WBGene00018567,66,56,122
WBGene00018568,76,1086,1162
WBGene00018569,120,518,638
WBGene00018570,3,1,4
WBGene00018571,10,0,10
WBGene00018572,252,211,463
WBGene00018573,6,2,8
WBGene00018575,2,5,7
WBGene00018576,62,284,346
WBGene00018578,23,154,177
WBGene00018579,517,3585,4102
WBGene00018580,10,5,15
WBGene00018581,136,862,998
WBGene00018582,64,128,192
WBGene00018585,90,374,464
WBGene00018586,133,951,1084
WBGene00018587,62,75,137
WBGene00018589,346,64,410
WBGene00018590,14,2277,2291
WBGene00018591,2,43,45
WBGene00018593,35,424,459
WBGene00018594,33,231,264
WBGene00018595,3,241,244
WBGene00018596,11,44,55
WBGene00018598,6,181,187
WBGene00018599,55,1312,1367
WBGene00018600,12,3,15
WBGene00018601,2,1,3
WBGene00018602,403,12854,13257
WBGene00018603,25,61,86
WBGene00018604,34,713,747
WBGene00018605,2,11,13
WBGene00018606,2,47,49
WBGene00018607,275,939,1214
WBGene00018608,113,202,315
WBGene00018609,206,2025,2231
WBGene00018610,29,3069,3098
WBGene00018611,123,530,653
WBGene00018612,111,668,779
WBGene00018613,9,329,338
WBGene00018614,5,421,426
WBGene00018615,14,134,148
WBGene00018616,0,10,10
WBGene00018617,0,1,1
WBGene00018618,0,0,0
WBGene00018619,0,15,15
WBGene00018620,4,20,24
WBGene00018621,1,208,209
WBGene00018622,77,629,706
WBGene00018623,5,16,21
WBGene00018624,3,22,25
WBGene00018625,31,889,920
WBGene00018626,8,50,58
WBGene00018627,4,13,17
WBGene00018628,428,3,431
WBGene00018630,17,50,67
WBGene00018631,0,0,0
WBGene00018632,30,456,486
WBGene00018634,194,715,909
WBGene00018635,33,395,428
WBGene00018636,169,1110,1279
WBGene00018637,40,749,789
WBGene00018638,23,1167,1190
WBGene00018639,67,281,348
WBGene00018640,6,13,19
WBGene00018641,7,136,143
WBGene00018643,1,2,3
WBGene00018645,12,105,117
WBGene00018646,3,54,57
WBGene00018647,5,4,9
WBGene00018648,11,31,42
WBGene00018649,0,0,0
WBGene00018650,0,1,1
WBGene00018651,0,0,0
WBGene00018652,1,0,1
WBGene00018653,2,21,23
WBGene00018654,21,318,339
WBGene00018655,41,275,316
WBGene00018656,49,512,561
WBGene00018657,300,2595,2895
WBGene00018659,3,345,348
WBGene00018660,2,107,109
WBGene00018661,0,85,85
WBGene00018663,0,229,229
WBGene00018665,29,268,297
WBGene00018667,21,390,411
WBGene00018668,13,201,214
WBGene00018669,35,293,328
WBGene00018670,5,6,11
WBGene00018671,12,18,30
WBGene00018672,130,831,961
WBGene00018674,145,875,1020
WBGene00018675,29,71,100
WBGene00018678,56,423,479
WBGene00018679,185,738,923
WBGene00018680,65,165,230
WBGene00018681,453,1103,1556
WBGene00018682,9,21,30
WBGene00018683,34,54,88
WBGene00018684,0,0,0
WBGene00018687,1,21,22
WBGene00018688,0,11,11
WBGene00018689,52,121,173
WBGene00018690,3,6,9
WBGene00018691,8,3,11
WBGene00018692,27,948,975
WBGene00018693,15,5,20
WBGene00018694,217,974,1191
WBGene00018696,36,255,291
WBGene00018697,67,509,576
WBGene00018698,19,185,204
WBGene00018700,1206,3410,4616
WBGene00018701,178,11996,12174
WBGene00018702,7,437,444
WBGene00018703,21,266,287
WBGene00018704,20,601,621
WBGene00018706,5,115,120
WBGene00018707,15,177,192
WBGene00018708,1,2,3
WBGene00018709,3,3,6
WBGene00018710,635,4917,5552
WBGene00018711,141,100,241
WBGene00018712,51,178,229
WBGene00018713,4,6,10
WBGene00018714,51,656,707
WBGene00018715,16,160,176
WBGene00018716,102,200,302
WBGene00018717,18,189,207
WBGene00018718,9,23,32
WBGene00018719,55,235,290
WBGene00018720,184,1156,1340
WBGene00018721,101,326,427
WBGene00018723,15,43,58
WBGene00018724,0,1152,1152
WBGene00018725,0,3673,3673
WBGene00018726,3,14,17
WBGene00018727,86,381,467
WBGene00018728,96,247,343
WBGene00018729,220,2945,3165
WBGene00018730,0,5348,5348
WBGene00018731,0,24967,24967
WBGene00018732,0,1264,1264
WBGene00018734,624,716,1340
WBGene00018735,13,215,228
WBGene00018736,6,141,147
WBGene00018737,1,26,27
WBGene00018738,20,19,39
WBGene00018739,148,1112,1260
WBGene00018740,282,996,1278
WBGene00018741,151,347,498
WBGene00018742,15,31,46
WBGene00018743,104,427,531
WBGene00018744,0,136,136
WBGene00018745,1,10,11
WBGene00018746,7,29,36
WBGene00018747,46,307,353
WBGene00018748,1182,459,1641
WBGene00018749,47,431,478
WBGene00018750,388,995,1383
WBGene00018751,6,2,8
WBGene00018752,37,70,107
WBGene00018754,9,32,41
WBGene00018755,35,287,322
WBGene00018756,1117,9177,10294
WBGene00018757,193,1791,1984
WBGene00018758,169,2351,2520
WBGene00018760,106,673,779
WBGene00018761,353,22,375
WBGene00018762,99,1001,1100
WBGene00018763,121,7511,7632
WBGene00018764,56,5512,5568
WBGene00018765,521,2196,2717
WBGene00018766,222,439,661
WBGene00018767,10,1,11
WBGene00018768,3,0,3
WBGene00018769,135,878,1013
WBGene00018770,1,1,2
WBGene00018771,10,40,50
WBGene00018772,92,198,290
WBGene00018773,10,30,40
WBGene00018774,49,97,146
WBGene00018776,469,3542,4011
WBGene00018777,207,577,784
WBGene00018778,407,2577,2984
WBGene00018779,1,39,40
WBGene00018781,61,202,263
WBGene00018782,475,4689,5164
WBGene00018783,4,78,82
WBGene00018784,408,7291,7699
WBGene00018785,204,688,892
WBGene00018786,0,27,27
WBGene00018787,188,497,685
WBGene00018788,276,912,1188
WBGene00018789,93,131,224
WBGene00018791,104,403,507
WBGene00018792,4,11,15
WBGene00018793,408,2017,2425
WBGene00018794,205,316,521
WBGene00018795,102,1203,1305
WBGene00018797,328,1486,1814
WBGene00018798,26,129,155
WBGene00018802,73,1625,1698
WBGene00018803,234,14355,14589
WBGene00018804,29,448,477
WBGene00018805,12,53,65
WBGene00018806,7,395,402
WBGene00018808,1,0,1
WBGene00018809,1,0,1
WBGene00018810,0,1,1
WBGene00018811,737,7850,8587
WBGene00018812,338,862,1200
WBGene00018813,1,6,7
WBGene00018814,80,1281,1361
WBGene00018815,1,8,9
WBGene00018816,2,4,6
WBGene00018817,73,1,74
WBGene00018819,329,2420,2749
WBGene00018820,11,1,12
WBGene00018821,1,2,3
WBGene00018822,2,0,2
WBGene00018823,1,136,137
WBGene00018824,0,6,6
WBGene00018825,2,18,20
WBGene00018826,0,2,2
WBGene00018827,14,228,242
WBGene00018828,2,1,3
WBGene00018829,6,9,15
WBGene00018830,42,619,661
WBGene00018831,96,1105,1201
WBGene00018833,194,1069,1263
WBGene00018834,0,1,1
WBGene00018835,58,377,435
WBGene00018836,51,449,500
WBGene00018837,854,965,1819
WBGene00018838,0,0,0
WBGene00018839,0,11,11
WBGene00018840,1,2,3
WBGene00018841,0,0,0
WBGene00018842,0,14,14
WBGene00018844,0,2,2
WBGene00018845,4,67,71
WBGene00018846,15507,147686,163193
WBGene00018847,197,1450,1647
WBGene00018848,93,610,703
WBGene00018849,61,4045,4106
WBGene00018850,11,91,102
WBGene00018851,5,66,71
WBGene00018853,24,402,426
WBGene00018854,71,537,608
WBGene00018855,13,187,200
WBGene00018857,126,1333,1459
WBGene00018859,143,1008,1151
WBGene00018860,165,327,492
WBGene00018861,30,168,198
WBGene00018863,10,296,306
WBGene00018864,150,1130,1280
WBGene00018865,10,12,22
WBGene00018866,76,1183,1259
WBGene00018867,28,438,466
WBGene00018868,42,186,228
WBGene00018869,395,4042,4437
WBGene00018870,1,40,41
WBGene00018871,11,412,423
WBGene00018872,652,4674,5326
WBGene00018873,38,223,261
WBGene00018874,105,563,668
WBGene00018875,0,1,1
WBGene00018876,0,0,0
WBGene00018877,18,94,112
WBGene00018878,5,220,225
WBGene00018879,48,176,224
WBGene00018880,24,46,70
WBGene00018881,0,50,50
WBGene00018882,0,21,21
WBGene00018883,0,21,21
WBGene00018884,24,41,65
WBGene00018885,15,283,298
WBGene00018886,5,284,289
WBGene00018888,0,2,2
WBGene00018890,196,1966,2162
WBGene00018891,101,1022,1123
WBGene00018892,41,2161,2202
WBGene00018893,201,1884,2085
WBGene00018894,11,459,470
WBGene00018895,1,1,2
WBGene00018896,6,8,14
WBGene00018897,35,267,302
WBGene00018898,279,3362,3641
WBGene00018899,8,9,17
WBGene00018900,46,815,861
WBGene00018901,0,38,38
WBGene00018902,5,361,366
WBGene00018903,5,96,101
WBGene00018904,9,595,604
WBGene00018906,18,29,47
WBGene00018907,25,86,111
WBGene00018908,35,285,320
WBGene00018909,85,413,498
WBGene00018910,0,0,0
WBGene00018911,2,0,2
WBGene00018912,0,0,0
WBGene00018913,0,0,0
WBGene00018915,0,0,0
WBGene00018917,0,0,0
WBGene00018918,0,0,0
WBGene00018920,0,0,0
WBGene00018921,1,80,81
WBGene00018923,208,852,1060
WBGene00018924,41,69,110
WBGene00018925,7,272,279
WBGene00018926,0,1,1
WBGene00018927,0,0,0
WBGene00018928,50,128,178
WBGene00018930,0,3,3
WBGene00018931,8,83,91
WBGene00018932,133,2395,2528
WBGene00018933,3,4,7
WBGene00018934,22,2491,2513
WBGene00018935,24,1303,1327
WBGene00018937,237,1925,2162
WBGene00018938,2,0,2
WBGene00018939,4,37,41
WBGene00018940,0,6,6
WBGene00018941,6,1,7
WBGene00018942,0,0,0
WBGene00018943,0,3,3
WBGene00018944,1,3,4
WBGene00018945,2,38,40
WBGene00018946,9,58,67
WBGene00018948,21,298,319
WBGene00018949,4,17,21
WBGene00018950,50,390,440
WBGene00018951,20,385,405
WBGene00018952,54,712,766
WBGene00018953,961,10865,11826
WBGene00018954,131,704,835
WBGene00018955,44,866,910
WBGene00018957,41,447,488
WBGene00018958,131,447,578
WBGene00018959,39,788,827
WBGene00018960,15,257,272
WBGene00018961,112,744,856
WBGene00018963,790,10434,11224
WBGene00018964,49,398,447
WBGene00018965,9,11,20
WBGene00018966,64,356,420
WBGene00018967,35,771,806
WBGene00018968,4,30,34
WBGene00018969,44,710,754
WBGene00018970,3,0,3
WBGene00018971,11,55,66
WBGene00018972,0,15,15
WBGene00018973,6,15,21
WBGene00018974,308,892,1200
WBGene00018975,418,981,1399
WBGene00018976,472,285,757
WBGene00018978,0,0,0
WBGene00018979,3,0,3
WBGene00018980,4,2,6
WBGene00018981,1,4,5
WBGene00018982,1,0,1
WBGene00018984,41,257,298
WBGene00018985,175,739,914
WBGene00018986,41,573,614
WBGene00018987,85,470,555
WBGene00018988,18,301,319
WBGene00018989,37,477,514
WBGene00018990,111,335,446
WBGene00018991,73,458,531
WBGene00018994,5,4,9
WBGene00018995,157,472,629
WBGene00018996,51,1690,1741
WBGene00018997,7,58,65
WBGene00018998,127,830,957
WBGene00018999,2,66,68
WBGene00019001,408,8136,8544
WBGene00019002,85,503,588
WBGene00019003,67,2294,2361
WBGene00019004,73,1539,1612
WBGene00019005,194,1822,2016
WBGene00019006,329,3582,3911
WBGene00019007,1490,3161,4651
WBGene00019008,15,431,446
WBGene00019009,76,172,248
WBGene00019010,229,17,246
WBGene00019011,187,981,1168
WBGene00019012,36,153,189
WBGene00019013,26,476,502
WBGene00019014,31,276,307
WBGene00019015,0,3,3
WBGene00019016,6,5,11
WBGene00019017,62,5738,5800
WBGene00019018,1130,1917,3047
WBGene00019019,9,43,52
WBGene00019020,19,124,143
WBGene00019021,2,5,7
WBGene00019022,44,153,197
WBGene00019023,66,409,475
WBGene00019024,4,6,10
WBGene00019025,44,158,202
WBGene00019026,0,0,0
WBGene00019027,0,16,16
WBGene00019028,3,5,8
WBGene00019029,12,31,43
WBGene00019030,68,48,116
WBGene00019032,4,30,34
WBGene00019034,0,3,3
WBGene00019035,0,10,10
WBGene00019036,6,13,19
WBGene00019037,0,2,2
WBGene00019038,5,4,9
WBGene00019039,0,7,7
WBGene00019040,0,0,0
WBGene00019041,0,3,3
WBGene00019042,1,1,2
WBGene00019043,0,2,2
WBGene00019044,0,1,1
WBGene00019045,0,0,0
WBGene00019046,1,4,5
WBGene00019047,9,156,165
WBGene00019048,15,172,187
WBGene00019049,15,152,167
WBGene00019051,0,9,9
WBGene00019052,9,1,10
WBGene00019053,1,5,6
WBGene00019054,0,2,2
WBGene00019055,51,523,574
WBGene00019057,10,69,79
WBGene00019058,16,36,52
WBGene00019059,4,1,5
WBGene00019060,50,281,331
WBGene00019061,4317,45729,50046
WBGene00019062,1,0,1
WBGene00019063,3,1,4
WBGene00019064,167,4183,4350
WBGene00019065,0,1,1
WBGene00019066,0,1,1
WBGene00019067,11,20,31
WBGene00019068,7,178,185
WBGene00019069,168,318,486
WBGene00019070,0,17,17
WBGene00019072,11,145,156
WBGene00019073,0,0,0
WBGene00019074,124,681,805
WBGene00019075,36,409,445
WBGene00019076,35,384,419
WBGene00019077,34,767,801
WBGene00019079,117,1399,1516
WBGene00019080,11,47,58
WBGene00019081,7,3,10
WBGene00019082,16,161,177
WBGene00019083,1,3,4
WBGene00019084,7,2,9
WBGene00019085,10,6,16
WBGene00019086,1,6,7
WBGene00019087,14,938,952
WBGene00019089,7,1,8
WBGene00019090,180,1674,1854
WBGene00019091,8,19,27
WBGene00019092,1200,7263,8463
WBGene00019094,3,18,21
WBGene00019096,2,7,9
WBGene00019097,132,1976,2108
WBGene00019098,2,2,4
WBGene00019099,5,1,6
WBGene00019100,41,159,200
WBGene00019101,6,23,29
WBGene00019102,453,2937,3390
WBGene00019103,33,100,133
WBGene00019104,0,8,8
WBGene00019105,7,178,185
WBGene00019106,14,36,50
WBGene00019108,2,193,195
WBGene00019109,60,119,179
WBGene00019111,102,443,545
WBGene00019112,57,46,103
WBGene00019113,750,4094,4844
WBGene00019114,10,127,137
WBGene00019115,30,193,223
WBGene00019116,25,280,305
WBGene00019118,11,876,887
WBGene00019119,2,7,9
WBGene00019120,23,729,752
WBGene00019121,19,731,750
WBGene00019122,13,282,295
WBGene00019123,1,2,3
WBGene00019124,177,2245,2422
WBGene00019125,38,341,379
WBGene00019126,50,1214,1264
WBGene00019127,182,1089,1271
WBGene00019128,110,320,430
WBGene00019129,158,1101,1259
WBGene00019130,110,541,651
WBGene00019132,22,83,105
WBGene00019133,7,18,25
WBGene00019136,0,0,0
WBGene00019138,0,12,12
WBGene00019139,23,165,188
WBGene00019140,18,209,227
WBGene00019141,41,468,509
WBGene00019142,38,702,740
WBGene00019143,119,1176,1295
WBGene00019144,9,55,64
WBGene00019145,1,3,4
WBGene00019146,0,2,2
WBGene00019148,14,13,27
WBGene00019149,22,92,114
WBGene00019150,25,17,42
WBGene00019151,1,3,4
WBGene00019152,1,9,10
WBGene00019153,6,179,185
WBGene00019154,12,4,16
WBGene00019155,9,4,13
WBGene00019156,100,1063,1163
WBGene00019157,696,931,1627
WBGene00019158,62,1777,1839
WBGene00019159,8,9,17
WBGene00019160,336,23361,23697
WBGene00019162,26,4091,4117
WBGene00019163,150,1658,1808
WBGene00019164,17,162,179
WBGene00019165,1,2,3
WBGene00019166,470,925,1395
WBGene00019167,115,1058,1173
WBGene00019168,582,4595,5177
WBGene00019169,6,4,10
WBGene00019170,325,3125,3450
WBGene00019171,3,2,5
WBGene00019174,89,77,166
WBGene00019177,29,533,562
WBGene00019178,4,12,16
WBGene00019179,1,4,5
WBGene00019180,554,868,1422
WBGene00019182,113,485,598
WBGene00019183,620,86,706
WBGene00019184,9,15,24
WBGene00019185,38,646,684
WBGene00019186,2,1,3
WBGene00019187,9,38,47
WBGene00019188,90,478,568
WBGene00019189,3,37,40
WBGene00019190,17,4,21
WBGene00019192,0,2,2
WBGene00019194,2,4,6
WBGene00019196,19,1325,1344
WBGene00019197,16,143,159
WBGene00019198,50,82,132
WBGene00019199,104,533,637
WBGene00019200,80,430,510
WBGene00019201,11,9,20
WBGene00019202,8,14,22
WBGene00019203,654,9874,10528
WBGene00019204,137,401,538
WBGene00019205,1650,2555,4205
WBGene00019207,208,1834,2042
WBGene00019209,133,633,766
WBGene00019211,240,655,895
WBGene00019212,81,206,287
WBGene00019213,25,124,149
WBGene00019214,5,5,10
WBGene00019215,15,50,65
WBGene00019216,1,1,2
WBGene00019217,276,1447,1723
WBGene00019218,48,218,266
WBGene00019219,69,535,604
WBGene00019220,48,989,1037
WBGene00019221,14,223,237
WBGene00019222,13,10,23
WBGene00019224,28,142,170
WBGene00019225,13,70,83
WBGene00019226,8,76,84
WBGene00019227,81,516,597
WBGene00019228,1,86,87
WBGene00019229,3,7,10
WBGene00019230,56,105,161
WBGene00019231,27,56,83
WBGene00019232,55,113,168
WBGene00019233,2,7,9
WBGene00019234,1,47,48
WBGene00019235,0,0,0
WBGene00019236,4,8,12
WBGene00019237,263,1216,1479
WBGene00019239,60,3,63
WBGene00019240,251,2329,2580
WBGene00019241,402,1104,1506
WBGene00019242,40,12,52
WBGene00019243,12,473,485
WBGene00019244,88,475,563
WBGene00019245,106,870,976
WBGene00019246,151,1182,1333
WBGene00019247,16,163,179
WBGene00019248,55,55,110
WBGene00019249,263,5198,5461
WBGene00019250,518,1515,2033
WBGene00019251,8,10,18
WBGene00019253,2,7,9
WBGene00019254,6,139,145
WBGene00019255,4,17,21
WBGene00019257,3,0,3
WBGene00019259,53,728,781
WBGene00019260,1,3,4
WBGene00019261,4,785,789
WBGene00019262,3,8,11
WBGene00019263,203,1321,1524
WBGene00019264,167,745,912
WBGene00019265,2,132,134
WBGene00019266,8,66,74
WBGene00019267,0,1,1
WBGene00019268,79,657,736
WBGene00019269,15,52,67
WBGene00019270,155,312,467
WBGene00019272,32,58,90
WBGene00019273,3,20,23
WBGene00019274,141,748,889
WBGene00019275,245,996,1241
WBGene00019276,128,735,863
WBGene00019277,70,664,734
WBGene00019279,4070,3671,7741
WBGene00019280,23,734,757
WBGene00019281,3,0,3
WBGene00019282,1295,102935,104230
WBGene00019283,0,0,0
WBGene00019284,259,9753,10012
WBGene00019285,33,180,213
WBGene00019286,103,132,235
WBGene00019287,18,53,71
WBGene00019288,2,5,7
WBGene00019289,51,358,409
WBGene00019290,12,369,381
WBGene00019292,0,3,3
WBGene00019293,6,167,173
WBGene00019294,331,2800,3131
WBGene00019295,108,780,888
WBGene00019296,15,1058,1073
WBGene00019297,2,4,6
WBGene00019298,220,5149,5369
WBGene00019299,26,249,275
WBGene00019300,90,1505,1595
WBGene00019301,645,7054,7699
WBGene00019302,4,8,12
WBGene00019303,90,57,147
WBGene00019304,71,1135,1206
WBGene00019305,122,3474,3596
WBGene00019306,0,3,3
WBGene00019309,2,8,10
WBGene00019312,0,10,10
WBGene00019313,1,0,1
WBGene00019314,2,6,8
WBGene00019315,214,1991,2205
WBGene00019316,0,106,106
WBGene00019317,77,331,408
WBGene00019318,84,21,105
WBGene00019319,21,132,153
WBGene00019320,60,274,334
WBGene00019321,38,106,144
WBGene00019322,33,8898,8931
WBGene00019323,672,1542,2214
WBGene00019324,359,7283,7642
WBGene00019326,126,1247,1373
WBGene00019327,456,15475,15931
WBGene00019328,209,1860,2069
WBGene00019329,230,775,1005
WBGene00019331,38,244,282
WBGene00019332,2360,20343,22703
WBGene00019333,211,2101,2312
WBGene00019334,15,802,817
WBGene00019335,2,16,18
WBGene00019337,5,6,11
WBGene00019338,3,3,6
WBGene00019339,0,69,69
WBGene00019340,0,1,1
WBGene00019341,4,10,14
WBGene00019342,0,31,31
WBGene00019343,79,183,262
WBGene00019344,58,417,475
WBGene00019345,27,78,105
WBGene00019346,6,83,89
WBGene00019347,459,306,765
WBGene00019348,4,8,12
WBGene00019349,1,3,4
WBGene00019350,5,5,10
WBGene00019351,95,1492,1587
WBGene00019352,65,247,312
WBGene00019353,132,3599,3731
WBGene00019354,116,3477,3593
WBGene00019355,83,572,655
WBGene00019356,1,2,3
WBGene00019357,0,98058,98058
WBGene00019359,91,14,105
WBGene00019360,45,97,142
WBGene00019361,457,3754,4211
WBGene00019362,286,320,606
WBGene00019364,14,214,228
WBGene00019365,426,2980,3406
WBGene00019367,2,3,5
WBGene00019368,50,350,400
WBGene00019369,25,86,111
WBGene00019370,73,160,233
WBGene00019371,1,12,13
WBGene00019372,6,112,118
WBGene00019373,18,184,202
WBGene00019374,17,174,191
WBGene00019376,0,5,5
WBGene00019379,2,12,14
WBGene00019380,121,898,1019
WBGene00019381,0,17042,17042
WBGene00019382,1,13,14
WBGene00019383,4,1,5
WBGene00019386,2,8,10
WBGene00019387,2,1,3
WBGene00019388,54,217,271
WBGene00019389,3,32,35
WBGene00019391,14,39,53
WBGene00019392,5,8,13
WBGene00019393,13,7,20
WBGene00019394,115,520,635
WBGene00019395,27,151,178
WBGene00019396,56,691,747
WBGene00019399,68,2872,2940
WBGene00019400,123,1074,1197
WBGene00019401,80,3860,3940
WBGene00019402,119,3356,3475
WBGene00019403,82,597,679
WBGene00019404,11,31,42
WBGene00019405,7,6,13
WBGene00019406,4,10,14
WBGene00019407,245,1270,1515
WBGene00019408,98,816,914
WBGene00019409,0,0,0
WBGene00019410,5,17,22
WBGene00019411,3,35,38
WBGene00019412,0,2,2
WBGene00019413,1,1,2
WBGene00019414,0,1,1
WBGene00019415,0,12,12
WBGene00019416,2,7,9
WBGene00019417,0,0,0
WBGene00019418,1,1,2
WBGene00019419,1,0,1
WBGene00019420,0,0,0
WBGene00019421,109,935,1044
WBGene00019422,0,16,16
WBGene00019423,39,1,40
WBGene00019424,12,90,102
WBGene00019425,3,5,8
WBGene00019426,5,124,129
WBGene00019427,101,2481,2582
WBGene00019428,269,511,780
WBGene00019429,98,923,1021
WBGene00019430,1,43,44
WBGene00019431,7,6,13
WBGene00019432,207,3010,3217
WBGene00019433,36,1873,1909
WBGene00019434,281,312,593
WBGene00019435,77,341,418
WBGene00019436,90,1206,1296
WBGene00019437,81,635,716
WBGene00019438,1,1,2
WBGene00019442,0,0,0
WBGene00019443,9,2,11
WBGene00019444,8,36,44
WBGene00019445,20,52,72
WBGene00019448,28,304,332
WBGene00019449,0,0,0
WBGene00019450,0,0,0
WBGene00019451,5,0,5
WBGene00019452,1,0,1
WBGene00019453,6,2,8
WBGene00019455,10,53,63
WBGene00019456,120,812,932
WBGene00019457,240,1314,1554
WBGene00019458,70,448,518
WBGene00019459,6,6,12
WBGene00019460,43,521,564
WBGene00019461,86,517,603
WBGene00019462,325,100,425
WBGene00019464,17,310,327
WBGene00019465,842,2974,3816
WBGene00019466,2622,59337,61959
WBGene00019467,12,1891,1903
WBGene00019470,1,3,4
WBGene00019471,0,2,2
WBGene00019472,6,121,127
WBGene00019473,3,2,5
WBGene00019476,56,686,742
WBGene00019477,19,275,294
WBGene00019478,1173,9126,10299
WBGene00019479,206,1988,2194
WBGene00019480,90,1066,1156
WBGene00019481,73,1268,1341
WBGene00019482,52,749,801
WBGene00019483,29,3,32
WBGene00019484,4,262,266
WBGene00019485,119,329,448
WBGene00019486,2,6,8
WBGene00019487,39,343,382
WBGene00019488,313,5345,5658
WBGene00019489,128,3808,3936
WBGene00019490,56,1079,1135
WBGene00019491,45,444,489
WBGene00019492,679,4889,5568
WBGene00019493,37,107,144
WBGene00019495,67,1079,1146
WBGene00019496,16,96,112
WBGene00019497,80,1153,1233
WBGene00019498,63,410,473
WBGene00019501,1,1,2
WBGene00019502,0,2,2
WBGene00019503,25,291,316
WBGene00019504,19,822,841
WBGene00019506,1,11,12
WBGene00019507,3,2,5
WBGene00019508,7,7,14
WBGene00019509,5,42,47
WBGene00019510,142,6149,6291
WBGene00019511,285,4343,4628
WBGene00019512,13,31,44
WBGene00019513,61,1018,1079
WBGene00019514,1,1,2
WBGene00019515,11,43,54
WBGene00019516,31,147,178
WBGene00019518,35,94,129
WBGene00019519,150,503,653
WBGene00019520,1,37,38
WBGene00019521,376,2283,2659
WBGene00019522,150,503,653
WBGene00019524,2,1,3
WBGene00019525,235,1268,1503
WBGene00019527,1,5,6
WBGene00019529,0,0,0
WBGene00019530,1,10,11
WBGene00019531,2,0,2
WBGene00019533,4,10,14
WBGene00019534,2,0,2
WBGene00019535,26,264,290
WBGene00019536,112,108,220
WBGene00019537,0,12030,12030
WBGene00019538,31,91,122
WBGene00019540,138,5998,6136
WBGene00019541,2,71,73
WBGene00019543,203,1912,2115
WBGene00019544,86,723,809
WBGene00019545,17,83,100
WBGene00019546,78,340,418
WBGene00019547,7,21,28
WBGene00019548,2,0,2
WBGene00019549,13,3,16
WBGene00019550,12,8,20
WBGene00019551,2,146,148
WBGene00019552,4,0,4
WBGene00019553,7,184,191
WBGene00019554,19,195,214
WBGene00019556,6,26,32
WBGene00019557,29,24,53
WBGene00019558,2,13,15
WBGene00019559,3,1,4
WBGene00019560,0,0,0
WBGene00019561,1,13,14
WBGene00019562,3,1,4
WBGene00019563,0,3,3
WBGene00019564,120,980,1100
WBGene00019565,5,5,10
WBGene00019566,0,9,9
WBGene00019567,6,51,57
WBGene00019570,12,41,53
WBGene00019571,233,78,311
WBGene00019572,0,31,31
WBGene00019574,0,1,1
WBGene00019576,1,20,21
WBGene00019577,11,65,76
WBGene00019578,1,34,35
WBGene00019579,10,60,70
WBGene00019580,0,12,12
WBGene00019582,6,6,12
WBGene00019583,1,1,2
WBGene00019584,17,10,27
WBGene00019586,7,20,27
WBGene00019587,1,8,9
WBGene00019588,3,5,8
WBGene00019589,31,68,99
WBGene00019590,10,26,36
WBGene00019591,0,1,1
WBGene00019592,0,148,148
WBGene00019593,8,205,213
WBGene00019594,8,5,13
WBGene00019595,26,316,342
WBGene00019597,824,8463,9287
WBGene00019598,0,17,17
WBGene00019599,21,171,192
WBGene00019600,4,172,176
WBGene00019601,0,13,13
WBGene00019602,0,0,0
WBGene00019603,20,322,342
WBGene00019604,0,0,0
WBGene00019605,36,167,203
WBGene00019606,1,114,115
WBGene00019607,263,1848,2111
WBGene00019608,24,591,615
WBGene00019609,175,828,1003
WBGene00019611,24,663,687
WBGene00019612,332,2618,2950
WBGene00019613,3,3,6
WBGene00019614,10,11,21
WBGene00019615,83,215,298
WBGene00019616,17,112,129
WBGene00019617,28,366,394
WBGene00019618,36,81,117
WBGene00019619,268,2566,2834
WBGene00019620,89,4470,4559
WBGene00019621,0,1,1
WBGene00019622,0,9,9
WBGene00019623,45,242,287
WBGene00019624,395,2431,2826
WBGene00019625,4,9,13
WBGene00019626,0,6,6
WBGene00019627,75,716,791
WBGene00019628,46,2131,2177
WBGene00019629,33,627,660
WBGene00019630,23,215,238
WBGene00019631,121,2166,2287
WBGene00019633,219,994,1213
WBGene00019636,85,870,955
WBGene00019638,18,6,24
WBGene00019639,0,88,88
WBGene00019640,10,36,46
WBGene00019641,58,262,320
WBGene00019642,7,20,27
WBGene00019643,4,218,222
WBGene00019644,9,16,25
WBGene00019645,84,935,1019
WBGene00019646,0,0,0
WBGene00019647,36,660,696
WBGene00019648,15,172,187
WBGene00019649,44,448,492
WBGene00019650,156,1000,1156
WBGene00019651,234,1529,1763
WBGene00019652,12,439,451
WBGene00019653,5,67,72
WBGene00019654,2,2,4
WBGene00019655,3,28,31
WBGene00019656,26,1037,1063
WBGene00019657,58,760,818
WBGene00019658,30,208,238
WBGene00019659,4,5,9
WBGene00019660,0,24,24
WBGene00019661,1,45,46
WBGene00019662,2,5,7
WBGene00019663,23,1363,1386
WBGene00019664,305,2369,2674
WBGene00019665,28,234,262
WBGene00019666,27,435,462
WBGene00019667,85,82,167
WBGene00019668,10,47,57
WBGene00019669,55,151,206
WBGene00019670,1,0,1
WBGene00019673,55,1047,1102
WBGene00019674,24,110,134
WBGene00019675,1,3,4
WBGene00019677,27,164,191
WBGene00019678,121,1040,1161
WBGene00019679,108,1177,1285
WBGene00019680,0,5597,5597
WBGene00019681,0,6,6
WBGene00019682,86,1001,1087
WBGene00019683,336,102,438
WBGene00019684,1,4,5
WBGene00019685,6,4,10
WBGene00019686,499,3001,3500
WBGene00019687,1,2,3
WBGene00019688,7,14,21
WBGene00019689,0,3,3
WBGene00019690,5,30,35
WBGene00019691,56,173,229
WBGene00019692,44,374,418
WBGene00019693,12,1077,1089
WBGene00019697,653,1462,2115
WBGene00019698,1042,16486,17528
WBGene00019699,15,23,38
WBGene00019700,0,21,21
WBGene00019702,0,0,0
WBGene00019703,0,2,2
WBGene00019704,1,2,3
WBGene00019705,2,146,148
WBGene00019709,1,1,2
WBGene00019710,5,201,206
WBGene00019711,87,1172,1259
WBGene00019712,33,448,481
WBGene00019713,127,1064,1191
WBGene00019714,0,0,0
WBGene00019715,102,431,533
WBGene00019716,538,2639,3177
WBGene00019717,92,599,691
WBGene00019718,3,20,23
WBGene00019719,5861,60908,66769
WBGene00019720,148,692,840
WBGene00019721,32,6,38
WBGene00019722,4,17,21
WBGene00019723,1,162,163
WBGene00019724,63,254,317
WBGene00019725,20,236,256
WBGene00019726,561,761,1322
WBGene00019727,248,4719,4967
WBGene00019728,8,14,22
WBGene00019729,54,394,448
WBGene00019730,23,449,472
WBGene00019731,22,40,62
WBGene00019732,1,2124,2125
WBGene00019733,550,1935,2485
WBGene00019734,310,2917,3227
WBGene00019735,29,15,44
WBGene00019736,2,17,19
WBGene00019738,56,679,735
WBGene00019740,0,0,0
WBGene00019741,11,268,279
WBGene00019742,36,97,133
WBGene00019743,42,304,346
WBGene00019744,182,1592,1774
WBGene00019745,1,20,21
WBGene00019746,60,161,221
WBGene00019747,474,1794,2268
WBGene00019748,336,6944,7280
WBGene00019749,56,266,322
WBGene00019750,1282,882,2164
WBGene00019751,63,304,367
WBGene00019753,284,1799,2083
WBGene00019754,1,19,20
WBGene00019755,2,16,18
WBGene00019756,4,9,13
WBGene00019757,493,2424,2917
WBGene00019758,1,14,15
WBGene00019759,35,39778,39813
WBGene00019760,176,5467,5643
WBGene00019761,3,4,7
WBGene00019762,210,1953,2163
WBGene00019763,19,61,80
WBGene00019764,30,204,234
WBGene00019765,142,124,266
WBGene00019766,115,692,807
WBGene00019767,55,6806,6861
WBGene00019768,175,635,810
WBGene00019769,4,33,37
WBGene00019770,2383,2999,5382
WBGene00019771,439,1061,1500
WBGene00019772,756,11230,11986
WBGene00019773,0,8,8
WBGene00019774,196,257,453
WBGene00019776,21,71,92
WBGene00019777,44,163,207
WBGene00019778,33,382,415
WBGene00019779,140,796,936
WBGene00019780,1368,137257,138625
WBGene00019781,190,574,764
WBGene00019782,131,1537,1668
WBGene00019783,6,5,11
WBGene00019784,2,19,21
WBGene00019785,5,12,17
WBGene00019786,251,718,969
WBGene00019787,212,427,639
WBGene00019788,0,18,18
WBGene00019791,0,2,2
WBGene00019792,56,675,731
WBGene00019793,4,3,7
WBGene00019794,1,4,5
WBGene00019795,1,0,1
WBGene00019796,5,2,7
WBGene00019797,0,0,0
WBGene00019798,0,0,0
WBGene00019799,2,14,16
WBGene00019800,21,1355,1376
WBGene00019801,242,2051,2293
WBGene00019803,6,183,189
WBGene00019804,7,1,8
WBGene00019805,94,1023,1117
WBGene00019806,3,286,289
WBGene00019807,86,460,546
WBGene00019808,116,2520,2636
WBGene00019809,0,1,1
WBGene00019810,0,5,5
WBGene00019811,15,249,264
WBGene00019812,14,16,30
WBGene00019813,18,587,605
WBGene00019814,3,14,17
WBGene00019815,6,0,6
WBGene00019816,75,308,383
WBGene00019817,1,14,15
WBGene00019818,25,337,362
WBGene00019819,39,646,685
WBGene00019820,39,694,733
WBGene00019821,126,1875,2001
WBGene00019822,97,894,991
WBGene00019823,87,979,1066
WBGene00019824,62,576,638
WBGene00019825,34,228,262
WBGene00019826,0,7,7
WBGene00019827,368,2196,2564
WBGene00019828,78,89,167
WBGene00019829,11,330,341
WBGene00019830,68,728,796
WBGene00019831,387,27177,27564
WBGene00019832,61,92,153
WBGene00019833,10,117,127
WBGene00019834,0,8,8
WBGene00019835,0,1,1
WBGene00019836,63,860,923
WBGene00019837,11,53,64
WBGene00019838,250,2556,2806
WBGene00019839,3,8,11
WBGene00019840,50,1313,1363
WBGene00019841,59,1142,1201
WBGene00019842,736,856,1592
WBGene00019843,75,498,573
WBGene00019844,327,1374,1701
WBGene00019845,20,83,103
WBGene00019846,16,174,190
WBGene00019847,173,1518,1691
WBGene00019849,3,9,12
WBGene00019850,1,0,1
WBGene00019851,1,8,9
WBGene00019854,1160,1995,3155
WBGene00019855,202,554,756
WBGene00019856,2,0,2
WBGene00019857,3,1,4
WBGene00019858,5,79,84
WBGene00019859,2,75,77
WBGene00019861,9,49,58
WBGene00019862,31,686,717
WBGene00019863,229,448,677
WBGene00019864,50,326,376
WBGene00019865,17,81,98
WBGene00019866,13,23,36
WBGene00019867,118,1026,1144
WBGene00019868,9,37,46
WBGene00019869,29,82,111
WBGene00019870,4,264,268
WBGene00019871,35,1145,1180
WBGene00019872,345,1005,1350
WBGene00019873,70,423,493
WBGene00019874,4,18,22
WBGene00019875,108,1485,1593
WBGene00019877,51,1928,1979
WBGene00019878,24,149,173
WBGene00019879,0,2,2
WBGene00019880,0,0,0
WBGene00019881,119,1274,1393
WBGene00019882,147,632,779
WBGene00019883,116,1766,1882
WBGene00019884,162,1909,2071
WBGene00019885,55,563,618
WBGene00019886,0,3,3
WBGene00019887,10,5,15
WBGene00019888,278,2293,2571
WBGene00019890,10,2493,2503
WBGene00019891,25,25,50
WBGene00019892,31,555,586
WBGene00019893,39,2855,2894
WBGene00019894,28,283,311
WBGene00019895,183,2356,2539
WBGene00019896,9,66,75
WBGene00019898,96,931,1027
WBGene00019899,162,454,616
WBGene00019900,210,16107,16317
WBGene00019901,6,13,19
WBGene00019902,344,899,1243
WBGene00019903,2,2,4
WBGene00019904,212,2030,2242
WBGene00019905,2,2,4
WBGene00019906,5,5,10
WBGene00019907,24,269,293
WBGene00019908,452,1858,2310
WBGene00019909,1214,2390,3604
WBGene00019911,98,527,625
WBGene00019913,18,8,26
WBGene00019914,41,272,313
WBGene00019915,135,537,672
WBGene00019916,0,0,0
WBGene00019917,1,3,4
WBGene00019918,66,548,614
WBGene00019919,1,2,3
WBGene00019920,1,1,2
WBGene00019921,0,2,2
WBGene00019922,2,13,15
WBGene00019923,0,20,20
WBGene00019924,19,252,271
WBGene00019925,1,2,3
WBGene00019926,0,3,3
WBGene00019927,3,14,17
WBGene00019928,7,9,16
WBGene00019929,4,5,9
WBGene00019931,7,7,14
WBGene00019933,30,5,35
WBGene00019935,83,156,239
WBGene00019937,0,3900,3900
WBGene00019938,72,456,528
WBGene00019939,9,49,58
WBGene00019940,186,3015,3201
WBGene00019941,66,2015,2081
WBGene00019943,57,406,463
WBGene00019944,44,1434,1478
WBGene00019945,0,0,0
WBGene00019946,153,5157,5310
WBGene00019947,17,10989,11006
WBGene00019948,4,2,6
WBGene00019949,1,4,5
WBGene00019950,5,5,10
WBGene00019951,3,12,15
WBGene00019952,0,108,108
WBGene00019953,128,1936,2064
WBGene00019954,0,0,0
WBGene00019955,252,541,793
WBGene00019956,0,16,16
WBGene00019957,29,148,177
WBGene00019959,73,519,592
WBGene00019960,374,1426,1800
WBGene00019961,19,265,284
WBGene00019962,50,544,594
WBGene00019963,31,708,739
WBGene00019964,123,239,362
WBGene00019965,63,84,147
WBGene00019966,5,9,14
WBGene00019967,47,551,598
WBGene00019968,8,146,154
WBGene00019970,3,523,526
WBGene00019971,85,960,1045
WBGene00019972,8,17,25
WBGene00019973,8,11,19
WBGene00019975,106,615,721
WBGene00019977,13,22,35
WBGene00019978,12,90,102
WBGene00019979,29,220,249
WBGene00019980,3,3,6
WBGene00019981,5,1,6
WBGene00019982,29,40,69
WBGene00019983,15,1209,1224
WBGene00019986,20,289,309
WBGene00019987,9,245,254
WBGene00019988,9,548,557
WBGene00019989,1,4,5
WBGene00019991,2,1,3
WBGene00019992,0,0,0
WBGene00019993,55,1642,1697
WBGene00019994,182,149,331
WBGene00019995,68,454,522
WBGene00019996,8,13,21
WBGene00019997,12,59,71
WBGene00019998,2047,16237,18284
WBGene00019999,38,148,186
WBGene00020003,17,25,42
WBGene00020004,5,16,21
WBGene00020006,32,237,269
WBGene00020007,75,2680,2755
WBGene00020008,29,173,202
WBGene00020009,17,112,129
WBGene00020010,12,59,71
WBGene00020011,1374,228,1602
WBGene00020012,226,4098,4324
WBGene00020013,0,0,0
WBGene00020014,4,50,54
WBGene00020015,4,32,36
WBGene00020016,11,21,32
WBGene00020017,15,35,50
WBGene00020018,101,621,722
WBGene00020019,14,36,50
WBGene00020020,190,23,213
WBGene00020021,0,0,0
WBGene00020022,13,321,334
WBGene00020023,65,736,801
WBGene00020024,5,1,6
WBGene00020025,63,2391,2454
WBGene00020026,163,1374,1537
WBGene00020027,84,1576,1660
WBGene00020029,273,3350,3623
WBGene00020030,35,868,903
WBGene00020031,210,2165,2375
WBGene00020032,2,2,4
WBGene00020033,5,18,23
WBGene00020034,9,55,64
WBGene00020035,21,247,268
WBGene00020036,110,1031,1141
WBGene00020037,15,1198,1213
WBGene00020038,201,4027,4228
WBGene00020039,2,19,21
WBGene00020040,2,5,7
WBGene00020041,10,16,26
WBGene00020042,1,1,2
WBGene00020043,20,203,223
WBGene00020044,1,0,1
WBGene00020045,57,448,505
WBGene00020046,4,3,7
WBGene00020047,113,1166,1279
WBGene00020048,20,180,200
WBGene00020049,12,883,895
WBGene00020050,11,60,71
WBGene00020051,71,811,882
WBGene00020052,8,304,312
WBGene00020053,0,1,1
WBGene00020054,10,181,191
WBGene00020055,0,2,2
WBGene00020056,0,3,3
WBGene00020057,7,9,16
WBGene00020058,137,751,888
WBGene00020060,11,14,25
WBGene00020062,15,352,367
WBGene00020063,0,2,2
WBGene00020064,598,1002,1600
WBGene00020066,5,51,56
WBGene00020067,0,4,4
WBGene00020068,126,1308,1434
WBGene00020069,154,390,544
WBGene00020070,3,10,13
WBGene00020071,2,0,2
WBGene00020072,0,0,0
WBGene00020073,1,1,2
WBGene00020076,0,0,0
WBGene00020077,0,0,0
WBGene00020078,3,7,10
WBGene00020080,11,19,30
WBGene00020082,333,1393,1726
WBGene00020083,5,14,19
WBGene00020084,0,0,0
WBGene00020086,37,90,127
WBGene00020088,46,171,217
WBGene00020089,278,335,613
WBGene00020090,214,827,1041
WBGene00020091,51,392,443
WBGene00020092,636,3036,3672
WBGene00020093,99,452,551
WBGene00020094,45,834,879
WBGene00020095,65,880,945
WBGene00020096,5,453,458
WBGene00020097,724,4479,5203
WBGene00020098,23,484,507
WBGene00020099,63,444,507
WBGene00020100,74,209,283
WBGene00020101,76,455,531
WBGene00020102,164,666,830
WBGene00020103,10,179,189
WBGene00020104,51,520,571
WBGene00020105,21,2,23
WBGene00020106,607,4007,4614
WBGene00020107,43,2001,2044
WBGene00020109,0,66,66
WBGene00020110,0,533,533
WBGene00020111,0,156,156
WBGene00020112,0,5073,5073
WBGene00020113,0,3,3
WBGene00020114,4093,8859,12952
WBGene00020115,562,3140,3702
WBGene00020116,8,4,12
WBGene00020117,2,7,9
WBGene00020118,0,6,6
WBGene00020119,0,0,0
WBGene00020120,1,2,3
WBGene00020121,0,4,4
WBGene00020122,1,11,12
WBGene00020123,8,3,11
WBGene00020125,22,116,138
WBGene00020126,146,2812,2958
WBGene00020127,0,0,0
WBGene00020128,113,5,118
WBGene00020129,1,0,1
WBGene00020130,24,132,156
WBGene00020131,1186,2994,4180
WBGene00020134,444,1312,1756
WBGene00020135,252,5549,5801
WBGene00020136,1,21,22
WBGene00020137,26,308,334
WBGene00020138,17,115,132
WBGene00020139,12,62,74
WBGene00020140,0,2,2
WBGene00020141,58,672,730
WBGene00020142,396,3174,3570
WBGene00020143,638,7607,8245
WBGene00020144,25,27,52
WBGene00020146,98,5962,6060
WBGene00020148,25,1000,1025
WBGene00020149,18,249,267
WBGene00020150,11,0,11
WBGene00020151,1,34,35
WBGene00020152,43,142,185
WBGene00020153,72,451,523
WBGene00020154,0,6,6
WBGene00020155,5,10767,10772
WBGene00020156,84,9738,9822
WBGene00020157,55,140,195
WBGene00020158,210,2944,3154
WBGene00020160,141,523,664
WBGene00020163,206,780,986
WBGene00020166,28,405,433
WBGene00020168,9,195,204
WBGene00020169,27,596,623
WBGene00020170,734,481,1215
WBGene00020171,520,1069,1589
WBGene00020172,71,268,339
WBGene00020173,1,3,4
WBGene00020174,1,2,3
WBGene00020175,23,34,57
WBGene00020176,0,1,1
WBGene00020177,1,1,2
WBGene00020178,0,0,0
WBGene00020179,0,8,8
WBGene00020180,3,0,3
WBGene00020181,2423,19690,22113
WBGene00020182,2,4,6
WBGene00020183,20,223,243
WBGene00020184,7,322,329
WBGene00020185,10,3936,3946
WBGene00020187,11,85,96
WBGene00020188,32,497,529
WBGene00020189,129,391,520
WBGene00020190,340,2394,2734
WBGene00020191,14,85,99
WBGene00020192,180,18385,18565
WBGene00020193,25,355,380
WBGene00020194,21,174,195
WBGene00020195,65,3941,4006
WBGene00020196,105,226,331
WBGene00020197,63,693,756
WBGene00020199,12,224,236
WBGene00020200,714,11459,12173
WBGene00020201,6,33,39
WBGene00020202,2,1,3
WBGene00020203,14,2,16
WBGene00020205,0,5,5
WBGene00020207,141,454,595
WBGene00020208,1072,2564,3636
WBGene00020209,868,2945,3813
WBGene00020210,0,5,5
WBGene00020211,0,4,4
WBGene00020212,32,33,65
WBGene00020214,58,363,421
WBGene00020215,80,788,868
WBGene00020216,8,1091,1099
WBGene00020217,3,2,5
WBGene00020218,3,20,23
WBGene00020219,314,2622,2936
WBGene00020220,15,15,30
WBGene00020221,0,135,135
WBGene00020222,17,198,215
WBGene00020223,8,77,85
WBGene00020224,65,447,512
WBGene00020225,48,32,80
WBGene00020227,1,4,5
WBGene00020228,0,9,9
WBGene00020229,759,7835,8594
WBGene00020230,385,1076,1461
WBGene00020231,79,103,182
WBGene00020232,0,2,2
WBGene00020233,4,63,67
WBGene00020234,453,2616,3069
WBGene00020235,268,983,1251
WBGene00020236,56,90,146
WBGene00020237,1,707,708
WBGene00020239,0,1,1
WBGene00020240,0,7,7
WBGene00020241,0,3,3
WBGene00020242,0,592,592
WBGene00020243,2,17,19
WBGene00020244,0,35,35
WBGene00020245,10,119,129
WBGene00020246,156,5670,5826
WBGene00020247,2,16,18
WBGene00020248,18,298,316
WBGene00020249,185,601,786
WBGene00020250,7,14,21
WBGene00020251,714,2733,3447
WBGene00020252,37,34,71
WBGene00020254,14,9,23
WBGene00020256,11,57,68
WBGene00020258,26,107,133
WBGene00020259,57,761,818
WBGene00020260,758,6412,7170
WBGene00020261,1,5,6
WBGene00020262,3,31,34
WBGene00020263,128,496,624
WBGene00020264,32,197,229
WBGene00020265,0,0,0
WBGene00020266,9,11,20
WBGene00020267,2,14,16
WBGene00020268,115,750,865
WBGene00020269,39,2297,2336
WBGene00020270,4,16,20
WBGene00020273,227,1022,1249
WBGene00020274,43,754,797
WBGene00020275,2914,26927,29841
WBGene00020276,3,701,704
WBGene00020277,1,7,8
WBGene00020279,156,431,587
WBGene00020280,19,60,79
WBGene00020281,15,5,20
WBGene00020282,7,5,12
WBGene00020283,19,18,37
WBGene00020284,431,1392,1823
WBGene00020285,4,28,32
WBGene00020286,19,2102,2121
WBGene00020287,202,1855,2057
WBGene00020288,5,2,7
WBGene00020289,1,10,11
WBGene00020290,1,2,3
WBGene00020291,0,8,8
WBGene00020292,2,0,2
WBGene00020293,2,5,7
WBGene00020294,325,746,1071
WBGene00020295,20,229,249
WBGene00020296,132,1439,1571
WBGene00020297,4127,66898,71025
WBGene00020298,132,1412,1544
WBGene00020299,186,778,964
WBGene00020300,4,145,149
WBGene00020301,356,1517,1873
WBGene00020302,0,372,372
WBGene00020305,2,0,2
WBGene00020307,154,413,567
WBGene00020311,6,53,59
WBGene00020313,20,110,130
WBGene00020314,37,368,405
WBGene00020315,113,4420,4533
WBGene00020316,249,1060,1309
WBGene00020317,596,13170,13766
WBGene00020318,1,42,43
WBGene00020319,6,111,117
WBGene00020320,12,676,688
WBGene00020321,22,1552,1574
WBGene00020322,11,635,646
WBGene00020323,12,37,49
WBGene00020324,39,1633,1672
WBGene00020325,3,32,35
WBGene00020326,0,18,18
WBGene00020327,0,5,5
WBGene00020328,0,2,2
WBGene00020329,15,158,173
WBGene00020330,23,266,289
WBGene00020333,2,9,11
WBGene00020334,296,2290,2586
WBGene00020335,21,278,299
WBGene00020339,14,764,778
WBGene00020340,36,212,248
WBGene00020341,123,849,972
WBGene00020342,2,0,2
WBGene00020343,33,210,243
WBGene00020345,15,38,53
WBGene00020346,368,1744,2112
WBGene00020347,658,2851,3509
WBGene00020348,13,848,861
WBGene00020349,13,106,119
WBGene00020350,0,1,1
WBGene00020351,0,0,0
WBGene00020353,1,5,6
WBGene00020354,1,0,1
WBGene00020356,4,2,6
WBGene00020357,17,8,25
WBGene00020358,2,105,107
WBGene00020359,2,56,58
WBGene00020360,158,337,495
WBGene00020361,5,31,36
WBGene00020362,0,1,1
WBGene00020363,136,1151,1287
WBGene00020364,2,7,9
WBGene00020365,26,45,71
WBGene00020366,507,5865,6372
WBGene00020368,43,582,625
WBGene00020369,123,1725,1848
WBGene00020370,7,110,117
WBGene00020371,6,2,8
WBGene00020372,14,47,61
WBGene00020373,29,6391,6420
WBGene00020374,2607,3252,5859
WBGene00020375,8,178,186
WBGene00020376,55,404,459
WBGene00020377,16,76,92
WBGene00020378,97,603,700
WBGene00020379,43,1037,1080
WBGene00020380,1028,1540,2568
WBGene00020381,16,86,102
WBGene00020382,206,3688,3894
WBGene00020383,190,784,974
WBGene00020384,1,2,3
WBGene00020385,89,170,259
WBGene00020386,4,49,53
WBGene00020389,394,8068,8462
WBGene00020390,81,1214,1295
WBGene00020391,48,12513,12561
WBGene00020392,47,663,710
WBGene00020393,16,361,377
WBGene00020394,21,126,147
WBGene00020396,36,157,193
WBGene00020397,1176,14712,15888
WBGene00020398,151,1487,1638
WBGene00020399,118,922,1040
WBGene00020400,6,2,8
WBGene00020401,27,210,237
WBGene00020402,105,1400,1505
WBGene00020403,221,1207,1428
WBGene00020404,34,541,575
WBGene00020406,0,0,0
WBGene00020407,65,897,962
WBGene00020408,131,375,506
WBGene00020409,0,0,0
WBGene00020410,0,0,0
WBGene00020411,21,487,508
WBGene00020412,65,630,695
WBGene00020413,68,477,545
WBGene00020414,2,1,3
WBGene00020415,14,34,48
WBGene00020416,2,0,2
WBGene00020417,69,6917,6986
WBGene00020418,34,100,134
WBGene00020419,5,41,46
WBGene00020420,54,3,57
WBGene00020421,31,8,39
WBGene00020422,42,636,678
WBGene00020423,14,1484,1498
WBGene00020424,3,54,57
WBGene00020425,76,645,721
WBGene00020426,12,311,323
WBGene00020427,76,582,658
WBGene00020428,1,3,4
WBGene00020430,9,12,21
WBGene00020431,7,10,17
WBGene00020432,9,2,11
WBGene00020433,0,0,0
WBGene00020435,2,2,4
WBGene00020436,278,289,567
WBGene00020437,9,1140,1149
WBGene00020438,0,0,0
WBGene00020439,6,2,8
WBGene00020440,2,1,3
WBGene00020441,75,572,647
WBGene00020442,50,840,890
WBGene00020443,158,756,914
WBGene00020444,32,90,122
WBGene00020445,13,122,135
WBGene00020446,51,1545,1596
WBGene00020447,279,2306,2585
WBGene00020448,4,24,28
WBGene00020449,2,90,92
WBGene00020450,15,505,520
WBGene00020451,19,208,227
WBGene00020452,0,0,0
WBGene00020453,5,70,75
WBGene00020454,2,3,5
WBGene00020455,17,239,256
WBGene00020456,17,177,194
WBGene00020457,32,612,644
WBGene00020459,140,47,187
WBGene00020460,2,16,18
WBGene00020461,31,126,157
WBGene00020462,213,1007,1220
WBGene00020463,24,664,688
WBGene00020464,9,433,442
WBGene00020465,25,9,34
WBGene00020466,11,382,393
WBGene00020467,16,64,80
WBGene00020468,5,1,6
WBGene00020469,0,196,196
WBGene00020471,16,63,79
WBGene00020472,2,1,3
WBGene00020473,3,2,5
WBGene00020474,12,33,45
WBGene00020475,184,2116,2300
WBGene00020476,2,0,2
WBGene00020478,43,33,76
WBGene00020479,57,216,273
WBGene00020480,88,754,842
WBGene00020481,205,2564,2769
WBGene00020482,25,75,100
WBGene00020483,2,7,9
WBGene00020484,1,0,1
WBGene00020485,10,32,42
WBGene00020486,67,351,418
WBGene00020487,0,1,1
WBGene00020488,4,96,100
WBGene00020489,123,260,383
WBGene00020490,160,425,585
WBGene00020491,20,238,258
WBGene00020492,280,0,280
WBGene00020494,1,83,84
WBGene00020496,373,2892,3265
WBGene00020497,3,1928,1931
WBGene00020498,84,696,780
WBGene00020499,80,389,469
WBGene00020500,91,964,1055
WBGene00020501,13,71,84
WBGene00020502,162,581,743
WBGene00020503,8,17,25
WBGene00020504,773,1494,2267
WBGene00020505,11,69,80
WBGene00020506,109,206,315
WBGene00020507,58,2487,2545
WBGene00020508,22,483,505
WBGene00020509,308,1053,1361
WBGene00020510,43,819,862
WBGene00020511,111,2628,2739
WBGene00020515,1,1,2
WBGene00020516,23,229,252
WBGene00020517,62,3079,3141
WBGene00020520,6,4,10
WBGene00020522,16,12,28
WBGene00020523,1,1,2
WBGene00020524,5,6,11
WBGene00020525,0,0,0
WBGene00020526,1,0,1
WBGene00020527,31,58,89
WBGene00020528,21,38,59
WBGene00020529,5,19,24
WBGene00020530,496,2058,2554
WBGene00020531,4,8,12
WBGene00020532,8,24,32
WBGene00020533,3,5,8
WBGene00020534,0,0,0
WBGene00020535,0,1,1
WBGene00020536,0,0,0
WBGene00020537,0,5,5
WBGene00020539,0,0,0
WBGene00020540,58,645,703
WBGene00020541,1,2,3
WBGene00020542,0,6,6
WBGene00020543,0,0,0
WBGene00020544,0,3,3
WBGene00020546,5,2,7
WBGene00020548,0,0,0
WBGene00020549,3,869,872
WBGene00020550,0,8,8
WBGene00020551,15,96,111
WBGene00020553,64,1600,1664
WBGene00020554,31,112,143
WBGene00020555,16,128,144
WBGene00020556,86,623,709
WBGene00020557,248,1964,2212
WBGene00020558,70,451,521
WBGene00020559,12,59,71
WBGene00020560,30,3,33
WBGene00020561,140,834,974
WBGene00020562,134,2998,3132
WBGene00020563,230,2471,2701
WBGene00020564,37,102,139
WBGene00020565,8,489,497
WBGene00020566,28,179,207
WBGene00020567,25,66,91
WBGene00020568,410,3169,3579
WBGene00020569,19,78,97
WBGene00020571,12,20,32
WBGene00020572,80,331,411
WBGene00020573,17,183,200
WBGene00020574,21,98,119
WBGene00020575,48,217,265
WBGene00020576,0,47,47
WBGene00020577,26,749,775
WBGene00020578,4,71,75
WBGene00020579,61,321,382
WBGene00020580,3,19,22
WBGene00020581,356,1338,1694
WBGene00020582,16,239,255
WBGene00020583,1,9,10
WBGene00020584,1,2,3
WBGene00020585,367,6942,7309
WBGene00020586,97,436,533
WBGene00020587,17,135,152
WBGene00020588,111,2172,2283
WBGene00020589,83,602,685
WBGene00020590,61,172,233
WBGene00020592,66,477,543
WBGene00020593,21,238,259
WBGene00020594,0,6,6
WBGene00020595,85,599,684
WBGene00020596,100,1167,1267
WBGene00020597,1,5,6
WBGene00020598,1,5,6
WBGene00020599,16,76,92
WBGene00020600,169,519,688
WBGene00020601,53,1298,1351
WBGene00020602,7,23,30
WBGene00020603,0,0,0
WBGene00020604,37,2739,2776
WBGene00020605,71,546,617
WBGene00020607,0,3,3
WBGene00020608,2,8,10
WBGene00020609,11,6,17
WBGene00020611,40,2,42
WBGene00020612,31,118,149
WBGene00020613,0,1,1
WBGene00020616,0,3,3
WBGene00020617,1,5,6
WBGene00020618,1,1,2
WBGene00020620,2,3,5
WBGene00020623,1,2,3
WBGene00020624,0,1,1
WBGene00020625,14,441,455
WBGene00020626,18,77,95
WBGene00020627,53,56,109
WBGene00020628,124,1066,1190
WBGene00020629,50,1340,1390
WBGene00020630,62,580,642
WBGene00020631,0,7,7
WBGene00020633,54,444,498
WBGene00020634,26,72,98
WBGene00020635,3,17,20
WBGene00020636,34,3928,3962
WBGene00020637,4,10,14
WBGene00020638,13,40,53
WBGene00020639,0,6,6
WBGene00020640,0,7,7
WBGene00020642,0,2,2
WBGene00020645,0,11,11
WBGene00020646,4,14,18
WBGene00020647,68,1544,1612
WBGene00020648,28,67,95
WBGene00020649,147,727,874
WBGene00020650,4,27,31
WBGene00020651,77,975,1052
WBGene00020652,30,344,374
WBGene00020653,4,1,5
WBGene00020655,7,4,11
WBGene00020656,1,2,3
WBGene00020657,56,75,131
WBGene00020658,53,2073,2126
WBGene00020659,0,224,224
WBGene00020660,2,48,50
WBGene00020661,0,2,2
WBGene00020662,245,3028,3273
WBGene00020663,58,231,289
WBGene00020664,111,457,568
WBGene00020665,0,11,11
WBGene00020666,1,4,5
WBGene00020667,6,14,20
WBGene00020669,20,1,21
WBGene00020670,1,1,2
WBGene00020672,207,55,262
WBGene00020673,46,606,652
WBGene00020674,4,12,16
WBGene00020675,13,459,472
WBGene00020678,137,1671,1808
WBGene00020679,306,10773,11079
WBGene00020680,3,0,3
WBGene00020681,0,2,2
WBGene00020682,223,1872,2095
WBGene00020683,19,1944,1963
WBGene00020684,6,250,256
WBGene00020685,0,0,0
WBGene00020686,9,6,15
WBGene00020687,44,1009,1053
WBGene00020688,6,16,22
WBGene00020689,249,918,1167
WBGene00020690,148,693,841
WBGene00020691,6,12,18
WBGene00020692,9,70,79
WBGene00020693,69,315,384
WBGene00020694,63,155,218
WBGene00020695,181,4021,4202
WBGene00020696,231,4901,5132
WBGene00020697,77,165,242
WBGene00020698,0,13,13
WBGene00020699,26,47,73
WBGene00020700,1,21,22
WBGene00020701,53,223,276
WBGene00020702,10,11,21
WBGene00020703,99,1187,1286
WBGene00020704,4,14,18
WBGene00020705,625,2783,3408
WBGene00020706,849,1723,2572
WBGene00020707,9,13,22
WBGene00020708,3,93,96
WBGene00020709,17,1077,1094
WBGene00020710,37,3760,3797
WBGene00020712,75,158,233
WBGene00020713,1,10,11
WBGene00020714,60,885,945
WBGene00020715,0,1,1
WBGene00020716,15,174,189
WBGene00020717,102,588,690
WBGene00020718,27,748,775
WBGene00020719,53,1173,1226
WBGene00020720,9,95,104
WBGene00020721,35,380,415
WBGene00020722,509,7202,7711
WBGene00020725,16,416,432
WBGene00020726,27,302,329
WBGene00020727,17,124,141
WBGene00020728,19,11,30
WBGene00020730,4,19,23
WBGene00020732,885,9405,10290
WBGene00020735,214,1055,1269
WBGene00020736,1810,3707,5517
WBGene00020737,322,1211,1533
WBGene00020738,93,1676,1769
WBGene00020740,50,865,915
WBGene00020741,8,246,254
WBGene00020742,99,694,793
WBGene00020743,18,125,143
WBGene00020744,6,583,589
WBGene00020746,2,16,18
WBGene00020747,0,33,33
WBGene00020748,52,245,297
WBGene00020749,5,21,26
WBGene00020750,4,27,31
WBGene00020752,0,1,1
WBGene00020753,0,3,3
WBGene00020754,0,0,0
WBGene00020755,1,7,8
WBGene00020756,38,336,374
WBGene00020757,36,678,714
WBGene00020758,69,209,278
WBGene00020759,17,116,133
WBGene00020760,98,659,757
WBGene00020761,68,599,667
WBGene00020762,199,2729,2928
WBGene00020763,186,726,912
WBGene00020764,18,54,72
WBGene00020765,67,164,231
WBGene00020766,0,4,4
WBGene00020767,64,1285,1349
WBGene00020769,20,16,36
WBGene00020770,337,413,750
WBGene00020771,1,6,7
WBGene00020772,1,7,8
WBGene00020773,8,5,13
WBGene00020774,22,80,102
WBGene00020775,4,6,10
WBGene00020777,69,284,353
WBGene00020778,14,79,93
WBGene00020779,374,1740,2114
WBGene00020781,313,3798,4111
WBGene00020782,37,305,342
WBGene00020783,77,355,432
WBGene00020784,1005,8590,9595
WBGene00020785,3,1,4
WBGene00020786,54,263,317
WBGene00020787,2,3,5
WBGene00020788,6,40,46
WBGene00020789,0,56,56
WBGene00020790,25,200,225
WBGene00020791,3,16,19
WBGene00020792,15,55,70
WBGene00020793,13,13,26
WBGene00020794,6,5,11
WBGene00020795,12,3,15
WBGene00020796,26,1697,1723
WBGene00020797,10,15,25
WBGene00020798,81,256,337
WBGene00020799,13,428,441
WBGene00020800,13,153,166
WBGene00020801,12,278,290
WBGene00020802,0,9,9
WBGene00020803,1,20,21
WBGene00020804,5,68,73
WBGene00020805,0,11,11
WBGene00020806,56,463,519
WBGene00020807,27,60,87
WBGene00020808,8101,80458,88559
WBGene00020809,3,2,5
WBGene00020810,3,2,5
WBGene00020811,107,664,771
WBGene00020812,905,10332,11237
WBGene00020813,9,17,26
WBGene00020817,5,195,200
WBGene00020819,22,489,511
WBGene00020820,19,530,549
WBGene00020821,131,2282,2413
WBGene00020822,117,738,855
WBGene00020823,58,282,340
WBGene00020824,238,1360,1598
WBGene00020825,74,393,467
WBGene00020826,14,36,50
WBGene00020827,47,3000,3047
WBGene00020828,0,8,8
WBGene00020829,15,4,19
WBGene00020830,112,474,586
WBGene00020831,97,2585,2682
WBGene00020832,11,3,14
WBGene00020833,13,71,84
WBGene00020834,25,37,62
WBGene00020835,38,0,38
WBGene00020836,40,984,1024
WBGene00020837,8,187,195
WBGene00020838,284,1936,2220
WBGene00020839,47,623,670
WBGene00020840,0,42,42
WBGene00020841,6,7,13
WBGene00020842,27,289,316
WBGene00020843,15,323,338
WBGene00020844,0,460,460
WBGene00020845,1,4,5
WBGene00020846,247,1415,1662
WBGene00020847,62,488,550
WBGene00020849,32,109,141
WBGene00020850,7,36,43
WBGene00020851,9,20,29
WBGene00020852,243,1496,1739
WBGene00020853,17,74,91
WBGene00020854,391,11725,12116
WBGene00020855,63,26,89
WBGene00020856,4,0,4
WBGene00020857,15,57,72
WBGene00020858,68,147,215
WBGene00020859,19,153,172
WBGene00020860,0,51,51
WBGene00020861,142,480,622
WBGene00020862,904,11277,12181
WBGene00020863,14,30,44
WBGene00020864,44,112,156
WBGene00020865,208,1819,2027
WBGene00020866,437,1967,2404
WBGene00020867,434,2002,2436
WBGene00020868,593,8843,9436
WBGene00020869,365,5050,5415
WBGene00020870,3,68,71
WBGene00020871,0,0,0
WBGene00020874,2,7,9
WBGene00020875,1,5,6
WBGene00020877,2,36,38
WBGene00020878,26,388,414
WBGene00020879,2,13,15
WBGene00020880,1,3,4
WBGene00020881,20,318,338
WBGene00020882,3,5,8
WBGene00020883,8,502,510
WBGene00020884,546,2886,3432
WBGene00020886,917,59196,60113
WBGene00020887,146,928,1074
WBGene00020888,5,2,7
WBGene00020889,5,24,29
WBGene00020890,4,1,5
WBGene00020891,556,2969,3525
WBGene00020892,3,8,11
WBGene00020893,18,51,69
WBGene00020894,1429,45620,47049
WBGene00020895,787,3656,4443
WBGene00020896,7,566,573
WBGene00020897,277,810,1087
WBGene00020898,2,158,160
WBGene00020899,0,12,12
WBGene00020900,7,2,9
WBGene00020901,76,602,678
WBGene00020902,211,405,616
WBGene00020903,18,82,100
WBGene00020904,126,158,284
WBGene00020905,0,1,1
WBGene00020906,8,18,26
WBGene00020907,7,20,27
WBGene00020908,55,298,353
WBGene00020909,213,1618,1831
WBGene00020910,20,386,406
WBGene00020911,28,76,104
WBGene00020912,228,5714,5942
WBGene00020913,4,17,21
WBGene00020914,15,1,16
WBGene00020915,43,4674,4717
WBGene00020917,545,5906,6451
WBGene00020918,2,11,13
WBGene00020919,31,168,199
WBGene00020920,40,101,141
WBGene00020921,62,1201,1263
WBGene00020922,0,5,5
WBGene00020923,0,11,11
WBGene00020924,35,157,192
WBGene00020927,62,2,64
WBGene00020929,200,1703,1903
WBGene00020930,3907,11423,15330
WBGene00020931,89,13604,13693
WBGene00020932,354,1649,2003
WBGene00020933,45,927,972
WBGene00020935,151,1089,1240
WBGene00020936,46,664,710
WBGene00020937,33,974,1007
WBGene00020938,2,9,11
WBGene00020939,39,852,891
WBGene00020940,2,0,2
WBGene00020941,12,35,47
WBGene00020942,241,1815,2056
WBGene00020943,16,36,52
WBGene00020944,9,6,15
WBGene00020945,52,3,55
WBGene00020946,281,3356,3637
WBGene00020947,181,394,575
WBGene00020948,7,181,188
WBGene00020949,27,421,448
WBGene00020950,236,9633,9869
WBGene00020951,297,3271,3568
WBGene00020952,213,247,460
WBGene00020953,0,24,24
WBGene00020954,109,1192,1301
WBGene00020955,275,333,608
WBGene00020957,154,485,639
WBGene00020961,11,11,22
WBGene00020962,33,228,261
WBGene00020964,121,770,891
WBGene00020966,9,32,41
WBGene00020967,3,11,14
WBGene00020970,103,547,650
WBGene00020972,10,23,33
WBGene00020973,46,107,153
WBGene00020974,0,0,0
WBGene00020976,42,138,180
WBGene00020977,13,4,17
WBGene00020978,0,0,0
WBGene00020979,0,3,3
WBGene00020982,1,0,1
WBGene00020983,3,6,9
WBGene00020984,2,1,3
WBGene00020985,38,105,143
WBGene00020986,8,47,55
WBGene00020987,5,4,9
WBGene00020988,0,0,0
WBGene00020989,4,20,24
WBGene00020990,1,3,4
WBGene00020993,54,692,746
WBGene00020994,35,2864,2899
WBGene00020995,117,1470,1587
WBGene00020997,79,178,257
WBGene00020999,52,326,378
WBGene00021000,21,638,659
WBGene00021002,37,408,445
WBGene00021003,2,4,6
WBGene00021004,179,2001,2180
WBGene00021005,8,12,20
WBGene00021006,0,1,1
WBGene00021007,2,12,14
WBGene00021008,9,19,28
WBGene00021009,1501,2466,3967
WBGene00021010,4,4,8
WBGene00021011,0,912,912
WBGene00021012,79,398,477
WBGene00021013,5,3,8
WBGene00021014,17,293,310
WBGene00021015,1,138,139
WBGene00021016,4,6,10
WBGene00021017,10,81,91
WBGene00021019,134,883,1017
WBGene00021020,537,819,1356
WBGene00021021,227,821,1048
WBGene00021022,387,619,1006
WBGene00021023,0,4,4
WBGene00021024,244,2735,2979
WBGene00021025,15,24,39
WBGene00021026,133,1953,2086
WBGene00021027,32,108,140
WBGene00021028,12,6,18
WBGene00021029,0,44,44
WBGene00021030,3,22,25
WBGene00021031,8,99,107
WBGene00021032,10,2,12
WBGene00021033,1,12,13
WBGene00021034,1,35,36
WBGene00021035,18,298,316
WBGene00021036,2115,10385,12500
WBGene00021038,221,1363,1584
WBGene00021039,54,261,315
WBGene00021040,37,147,184
WBGene00021041,6,3,9
WBGene00021042,9,102,111
WBGene00021043,58,32111,32169
WBGene00021044,167,1039,1206
WBGene00021045,17,79,96
WBGene00021046,117,687,804
WBGene00021047,396,2972,3368
WBGene00021048,272,1514,1786
WBGene00021049,103,1085,1188
WBGene00021051,58,969,1027
WBGene00021052,15,7,22
WBGene00021053,6,18,24
WBGene00021054,1,5,6
WBGene00021055,72,284,356
WBGene00021056,16,146,162
WBGene00021057,39,1048,1087
WBGene00021058,193,438,631
WBGene00021059,232,885,1117
WBGene00021060,62,474,536
WBGene00021061,53,509,562
WBGene00021063,37,608,645
WBGene00021066,5,130,135
WBGene00021067,9,18,27
WBGene00021068,583,31434,32017
WBGene00021070,15,24,39
WBGene00021072,9,6,15
WBGene00021073,83,1471,1554
WBGene00021074,98,2661,2759
WBGene00021075,6206,203,6409
WBGene00021076,56,384,440
WBGene00021078,1179,4160,5339
WBGene00021079,4985,33143,38128
WBGene00021080,956,2635,3591
WBGene00021081,47,46,93
WBGene00021082,8,387,395
WBGene00021083,0,1,1
WBGene00021084,0,0,0
WBGene00021085,0,0,0
WBGene00021086,0,0,0
WBGene00021087,8,7,15
WBGene00021088,17,1628,1645
WBGene00021089,86,3738,3824
WBGene00021090,2,2,4
WBGene00021091,0,2,2
WBGene00021092,0,0,0
WBGene00021093,22,1147,1169
WBGene00021094,29,161,190
WBGene00021095,13,13,26
WBGene00021096,12,5,17
WBGene00021097,87,1211,1298
WBGene00021098,0,17,17
WBGene00021099,6,18,24
WBGene00021101,1,23,24
WBGene00021103,200,1062,1262
WBGene00021104,76,624,700
WBGene00021105,24,2,26
WBGene00021106,0,0,0
WBGene00021107,0,0,0
WBGene00021108,0,1,1
WBGene00021109,0,2,2
WBGene00021110,4,3,7
WBGene00021111,23,93,116
WBGene00021112,4,739,743
WBGene00021113,1,0,1
WBGene00021114,5,186,191
WBGene00021115,3,9,12
WBGene00021116,64,416,480
WBGene00021117,1,21,22
WBGene00021118,4,7,11
WBGene00021120,2,20,22
WBGene00021121,96,1110,1206
WBGene00021122,1,4,5
WBGene00021123,24,435,459
WBGene00021124,45,120,165
WBGene00021125,14,34,48
WBGene00021126,9,52,61
WBGene00021127,31,483,514
WBGene00021128,37,372,409
WBGene00021129,15,18,33
WBGene00021131,52,433,485
WBGene00021132,132,528,660
WBGene00021133,91,855,946
WBGene00021134,32,373,405
WBGene00021135,3,54,57
WBGene00021136,2,13,15
WBGene00021137,0,1,1
WBGene00021138,0,0,0
WBGene00021139,0,1,1
WBGene00021141,2,0,2
WBGene00021142,0,0,0
WBGene00021143,0,0,0
WBGene00021144,2,0,2
WBGene00021145,1,4,5
WBGene00021146,51,155,206
WBGene00021148,9,102,111
WBGene00021149,107,907,1014
WBGene00021150,0,5,5
WBGene00021152,231,178,409
WBGene00021153,2,9,11
WBGene00021154,6,20,26
WBGene00021155,11,333,344
WBGene00021156,69,339,408
WBGene00021157,46,143,189
WBGene00021158,8,12,20
WBGene00021159,96,251,347
WBGene00021160,35,145,180
WBGene00021161,990,7920,8910
WBGene00021162,0,1,1
WBGene00021163,24,327,351
WBGene00021164,7,3,10
WBGene00021165,0,2,2
WBGene00021166,4,4,8
WBGene00021167,74,1204,1278
WBGene00021168,8,63,71
WBGene00021169,1,3,4
WBGene00021170,44,1016,1060
WBGene00021171,341,2268,2609
WBGene00021172,0,1,1
WBGene00021173,0,1,1
WBGene00021174,0,1,1
WBGene00021175,9,14,23
WBGene00021176,467,3517,3984
WBGene00021177,1,1,2
WBGene00021178,12,163,175
WBGene00021179,1,2,3
WBGene00021180,5,22,27
WBGene00021182,9,17,26
WBGene00021183,18,74,92
WBGene00021184,1,1,2
WBGene00021185,176,905,1081
WBGene00021186,60,117,177
WBGene00021187,145,108,253
WBGene00021188,1,2,3
WBGene00021189,1,6,7
WBGene00021190,5,50,55
WBGene00021191,155,994,1149
WBGene00021192,19,303,322
WBGene00021193,10,8,18
WBGene00021194,0,0,0
WBGene00021195,8,42,50
WBGene00021196,7,24,31
WBGene00021197,0,1,1
WBGene00021198,3,10,13
WBGene00021199,104,25,129
WBGene00021200,61,251,312
WBGene00021201,13,716,729
WBGene00021202,71,1165,1236
WBGene00021204,10,96,106
WBGene00021205,62,1339,1401
WBGene00021207,10,9,19
WBGene00021208,113,1442,1555
WBGene00021209,273,706,979
WBGene00021210,98,1238,1336
WBGene00021212,2,1,3
WBGene00021213,45,29,74
WBGene00021214,10,25,35
WBGene00021215,51,155,206
WBGene00021216,0,0,0
WBGene00021217,0,0,0
WBGene00021219,0,0,0
WBGene00021220,0,0,0
WBGene00021221,0,0,0
WBGene00021222,0,0,0
WBGene00021223,0,0,0
WBGene00021224,0,0,0
WBGene00021226,0,0,0
WBGene00021227,0,0,0
WBGene00021228,0,0,0
WBGene00021232,8,50,58
WBGene00021235,5,4,9
WBGene00021236,0,180,180
WBGene00021237,397,1242,1639
WBGene00021238,469,205,674
WBGene00021239,504,791,1295
WBGene00021241,5,0,5
WBGene00021243,0,2,2
WBGene00021244,76,46,122
WBGene00021245,64,419,483
WBGene00021246,50,385,435
WBGene00021247,39,74,113
WBGene00021248,124,1615,1739
WBGene00021249,4,9,13
WBGene00021250,8,2,10
WBGene00021251,0,22,22
WBGene00021252,13,0,13
WBGene00021253,334,4964,5298
WBGene00021254,175,212,387
WBGene00021256,26,13,39
WBGene00021257,21,58,79
WBGene00021259,28,22,50
WBGene00021260,395,2028,2423
WBGene00021261,6,5,11
WBGene00021262,3,19,22
WBGene00021263,2,3,5
WBGene00021264,59,784,843
WBGene00021266,12,0,12
WBGene00021267,15,84,99
WBGene00021268,34,2763,2797
WBGene00021269,63,348,411
WBGene00021270,4,930,934
WBGene00021271,33,107,140
WBGene00021272,64,1030,1094
WBGene00021274,47,438,485
WBGene00021275,137,178,315
WBGene00021276,224,350,574
WBGene00021277,90,1517,1607
WBGene00021279,2,7,9
WBGene00021280,0,0,0
WBGene00021281,2573,6143,8716
WBGene00021282,15,106,121
WBGene00021283,20,40,60
WBGene00021284,5,14,19
WBGene00021285,0,63,63
WBGene00021286,162,1955,2117
WBGene00021287,5,26,31
WBGene00021288,6,1,7
WBGene00021289,2,5,7
WBGene00021290,0,0,0
WBGene00021291,1,3,4
WBGene00021292,212,1110,1322
WBGene00021293,0,5,5
WBGene00021294,182,513,695
WBGene00021295,213,599,812
WBGene00021296,26,800,826
WBGene00021297,3,3,6
WBGene00021298,0,1,1
WBGene00021299,0,2,2
WBGene00021300,0,2,2
WBGene00021301,20,23,43
WBGene00021302,8,6,14
WBGene00021303,0,2,2
WBGene00021304,107,168,275
WBGene00021305,391,828,1219
WBGene00021309,43,292,335
WBGene00021310,8,37,45
WBGene00021311,81,813,894
WBGene00021312,116,3107,3223
WBGene00021313,141,838,979
WBGene00021314,62,572,634
WBGene00021315,47,768,815
WBGene00021316,456,4616,5072
WBGene00021317,1,0,1
WBGene00021319,118,497,615
WBGene00021320,156,793,949
WBGene00021321,29,100,129
WBGene00021322,208,1412,1620
WBGene00021323,54,471,525
WBGene00021324,51,414,465
WBGene00021325,126,744,870
WBGene00021326,13,99,112
WBGene00021327,883,2206,3089
WBGene00021328,65,400,465
WBGene00021329,129,678,807
WBGene00021331,62,1682,1744
WBGene00021332,203,119,322
WBGene00021333,116,268,384
WBGene00021334,879,959,1838
WBGene00021335,0,4,4
WBGene00021336,9,127,136
WBGene00021337,10,44,54
WBGene00021338,1,83,84
WBGene00021339,4,12,16
WBGene00021340,312,2064,2376
WBGene00021343,50,96,146
WBGene00021344,1013,146,1159
WBGene00021345,0,0,0
WBGene00021346,186,1051,1237
WBGene00021347,112,1685,1797
WBGene00021348,126,1765,1891
WBGene00021349,70,306,376
WBGene00021350,30930,277155,308085
WBGene00021351,269,733,1002
WBGene00021352,341,4373,4714
WBGene00021353,110,264,374
WBGene00021354,29,56,85
WBGene00021355,1458,10082,11540
WBGene00021357,87,204,291
WBGene00021358,6,27,33
WBGene00021359,117,1132,1249
WBGene00021362,103,172,275
WBGene00021363,217,363,580
WBGene00021364,0,14,14
WBGene00021365,195,1081,1276
WBGene00021366,157,908,1065
WBGene00021367,112,373,485
WBGene00021368,4,3,7
WBGene00021369,273,2992,3265
WBGene00021370,285,2057,2342
WBGene00021371,118,968,1086
WBGene00021372,12,336,348
WBGene00021373,1,2,3
WBGene00021374,188,621,809
WBGene00021375,16,351,367
WBGene00021376,106,506,612
WBGene00021377,65,1475,1540
WBGene00021378,91,843,934
WBGene00021379,15,112,127
WBGene00021381,5,11,16
WBGene00021382,615,1116,1731
WBGene00021383,36,73,109
WBGene00021384,7,15,22
WBGene00021385,0,2,2
WBGene00021386,25,25,50
WBGene00021387,51,269,320
WBGene00021388,94,389,483
WBGene00021389,13,19,32
WBGene00021390,2,6,8
WBGene00021391,16,457,473
WBGene00021392,49,975,1024
WBGene00021394,191,873,1064
WBGene00021395,341,2365,2706
WBGene00021396,38,107,145
WBGene00021397,2,37,39
WBGene00021398,0,5,5
WBGene00021400,69,443,512
WBGene00021401,21,553,574
WBGene00021402,73,653,726
WBGene00021403,0,0,0
WBGene00021404,1,0,1
WBGene00021405,0,0,0
WBGene00021406,1,2,3
WBGene00021407,0,12,12
WBGene00021408,0,0,0
WBGene00021409,0,0,0
WBGene00021410,31,21,52
WBGene00021412,14,55,69
WBGene00021413,17,1,18
WBGene00021414,6,3,9
WBGene00021415,177,1479,1656
WBGene00021416,69,410,479
WBGene00021417,28,109,137
WBGene00021419,24,201,225
WBGene00021420,10,2141,2151
WBGene00021421,79,907,986
WBGene00021423,779,944,1723
WBGene00021425,170,516,686
WBGene00021427,45,2039,2084
WBGene00021428,18,18,36
WBGene00021430,344,140,484
WBGene00021433,1,0,1
WBGene00021434,8,21,29
WBGene00021435,19,13,32
WBGene00021436,14,46,60
WBGene00021437,64,31,95
WBGene00021438,192,35,227
WBGene00021439,300,1040,1340
WBGene00021440,130,599,729
WBGene00021441,98,784,882
WBGene00021442,63,294,357
WBGene00021443,587,1454,2041
WBGene00021444,318,424,742
WBGene00021445,104,773,877
WBGene00021446,203,183,386
WBGene00021447,9,30,39
WBGene00021448,0,3,3
WBGene00021449,1,1,2
WBGene00021450,13,5,18
WBGene00021451,9,0,9
WBGene00021452,16,139,155
WBGene00021454,0,0,0
WBGene00021456,189,611,800
WBGene00021457,8,21,29
WBGene00021458,8,18,26
WBGene00021460,30,329,359
WBGene00021461,92,124,216
WBGene00021463,18,17,35
WBGene00021464,4,53,57
WBGene00021465,7,270,277
WBGene00021466,253,4121,4374
WBGene00021467,38,677,715
WBGene00021468,36,2197,2233
WBGene00021469,907,7785,8692
WBGene00021470,41,291,332
WBGene00021471,3,23,26
WBGene00021472,1,4,5
WBGene00021473,217,121,338
WBGene00021474,1259,3263,4522
WBGene00021475,206,1787,1993
WBGene00021476,28,253,281
WBGene00021477,4,7,11
WBGene00021478,250,2303,2553
WBGene00021479,24,7,31
WBGene00021482,470,1085,1555
WBGene00021484,1,2,3
WBGene00021485,7,133,140
WBGene00021486,304,8225,8529
WBGene00021487,340,1056,1396
WBGene00021488,0,1,1
WBGene00021490,30,33,63
WBGene00021491,0,10,10
WBGene00021492,5,25,30
WBGene00021493,183,1761,1944
WBGene00021494,131,996,1127
WBGene00021495,4,224,228
WBGene00021496,12,8,20
WBGene00021497,261,700,961
WBGene00021498,1,15,16
WBGene00021499,0,239,239
WBGene00021500,0,8,8
WBGene00021501,2,9,11
WBGene00021502,37,270,307
WBGene00021503,13,156,169
WBGene00021504,17,60,77
WBGene00021505,54,251,305
WBGene00021506,135,1324,1459
WBGene00021507,740,1262,2002
WBGene00021508,92,732,824
WBGene00021509,1262,1808,3070
WBGene00021510,221,358,579
WBGene00021511,45,68,113
WBGene00021512,95,93,188
WBGene00021513,219,11,230
WBGene00021514,76,1580,1656
WBGene00021515,74,495,569
WBGene00021516,19,64,83
WBGene00021517,10,447,457
WBGene00021518,0,33,33
WBGene00021519,1,15,16
WBGene00021521,14,147,161
WBGene00021522,1199,2280,3479
WBGene00021524,45,75,120
WBGene00021525,26,42,68
WBGene00021526,54,151,205
WBGene00021527,342,823,1165
WBGene00021528,173,542,715
WBGene00021529,28,274,302
WBGene00021530,25,24,49
WBGene00021531,641,612,1253
WBGene00021532,98,2479,2577
WBGene00021533,14,285,299
WBGene00021534,752,3930,4682
WBGene00021535,545,298,843
WBGene00021536,45,565,610
WBGene00021537,4,15,19
WBGene00021538,56,273,329
WBGene00021539,169,1521,1690
WBGene00021540,102,567,669
WBGene00021541,6,218,224
WBGene00021542,25,2,27
WBGene00021543,36,1382,1418
WBGene00021544,138,826,964
WBGene00021545,555,1751,2306
WBGene00021546,71,472,543
WBGene00021547,87,1011,1098
WBGene00021548,25,981,1006
WBGene00021549,586,462,1048
WBGene00021551,366,2463,2829
WBGene00021552,305,1478,1783
WBGene00021553,7,15,22
WBGene00021554,124,3654,3778
WBGene00021555,14,185,199
WBGene00021556,87,412,499
WBGene00021557,0,56,56
WBGene00021558,95,690,785
WBGene00021559,163,2434,2597
WBGene00021560,46,282,328
WBGene00021561,327,1019,1346
WBGene00021562,334,4260,4594
WBGene00021563,83,982,1065
WBGene00021564,276,517,793
WBGene00021565,7,14,21
WBGene00021566,0,0,0
WBGene00021567,0,3,3
WBGene00021568,0,0,0
WBGene00021569,0,0,0
WBGene00021570,0,0,0
WBGene00021571,0,0,0
WBGene00021572,0,0,0
WBGene00021573,0,0,0
WBGene00021576,30,481,511
WBGene00021577,0,1,1
WBGene00021578,3,8,11
WBGene00021579,1,5,6
WBGene00021580,0,12,12
WBGene00021581,8,1,9
WBGene00021582,1,6,7
WBGene00021583,30,159,189
WBGene00021585,2,2,4
WBGene00021586,38,353,391
WBGene00021587,35,174,209
WBGene00021589,4,1436,1440
WBGene00021590,5,74,79
WBGene00021591,14,23,37
WBGene00021592,4,2,6
WBGene00021593,9,0,9
WBGene00021594,14,12,26
WBGene00021595,165,517,682
WBGene00021596,92,318,410
WBGene00021597,5030,5829,10859
WBGene00021598,158,279,437
WBGene00021599,21,73,94
WBGene00021600,59,712,771
WBGene00021601,2,19,21
WBGene00021602,11,464,475
WBGene00021603,6,10,16
WBGene00021605,22,115,137
WBGene00021607,17,1905,1922
WBGene00021608,4,1,5
WBGene00021609,15,31,46
WBGene00021610,32,314,346
WBGene00021611,132,563,695
WBGene00021612,0,4,4
WBGene00021613,157,697,854
WBGene00021614,317,3354,3671
WBGene00021615,0,0,0
WBGene00021616,0,0,0
WBGene00021617,4,0,4
WBGene00021619,1,1,2
WBGene00021620,1,2,3
WBGene00021621,0,5,5
WBGene00021623,4,16,20
WBGene00021624,194,2520,2714
WBGene00021625,0,64,64
WBGene00021626,152,335,487
WBGene00021627,0,0,0
WBGene00021628,83,500,583
WBGene00021629,478,3347,3825
WBGene00021630,2,67,69
WBGene00021631,3,0,3
WBGene00021632,2,3,5
WBGene00021633,13,28,41
WBGene00021634,270,655,925
WBGene00021635,38,422,460
WBGene00021636,125,600,725
WBGene00021637,126,719,845
WBGene00021638,127,992,1119
WBGene00021639,29,154,183
WBGene00021640,305,1206,1511
WBGene00021641,22,7088,7110
WBGene00021643,96,535,631
WBGene00021644,97,1214,1311
WBGene00021645,194,891,1085
WBGene00021646,295,746,1041
WBGene00021647,536,2011,2547
WBGene00021648,4,417,421
WBGene00021649,12,224,236
WBGene00021650,0,6,6
WBGene00021653,0,13,13
WBGene00021654,4,243,247
WBGene00021655,18,536,554
WBGene00021656,1,2,3
WBGene00021657,59,222,281
WBGene00021658,24,741,765
WBGene00021660,343,932,1275
WBGene00021661,50,153,203
WBGene00021662,0,56,56
WBGene00021666,79,465,544
WBGene00021667,3,109,112
WBGene00021671,337,424,761
WBGene00021672,12,9,21
WBGene00021675,29,117,146
WBGene00021676,22,396,418
WBGene00021677,19,538,557
WBGene00021678,23,13,36
WBGene00021679,35,240,275
WBGene00021681,490,720,1210
WBGene00021682,423,1115,1538
WBGene00021683,171,307,478
WBGene00021685,1051,810,1861
WBGene00021686,546,1085,1631
WBGene00021687,72,278,350
WBGene00021689,269,473,742
WBGene00021690,2,4,6
WBGene00021691,363,18774,19137
WBGene00021692,29,448,477
WBGene00021693,67,217,284
WBGene00021694,4,23,27
WBGene00021697,402,1108,1510
WBGene00021698,805,1481,2286
WBGene00021700,2,8,10
WBGene00021701,11,91,102
WBGene00021702,376,1573,1949
WBGene00021703,11,5,16
WBGene00021704,74,207,281
WBGene00021705,2,10,12
WBGene00021706,6,41,47
WBGene00021707,0,14,14
WBGene00021708,1,7,8
WBGene00021709,11,128,139
WBGene00021710,11,42,53
WBGene00021711,1,6,7
WBGene00021713,0,4,4
WBGene00021714,74,229,303
WBGene00021715,175,1873,2048
WBGene00021716,6,3,9
WBGene00021717,0,0,0
WBGene00021718,0,0,0
WBGene00021719,0,0,0
WBGene00021720,14,77,91
WBGene00021721,36,341,377
WBGene00021722,4,9,13
WBGene00021724,8,6,14
WBGene00021725,45,237,282
WBGene00021726,4,14,18
WBGene00021727,0,5,5
WBGene00021728,33,3,36
WBGene00021729,0,2,2
WBGene00021730,1,7,8
WBGene00021731,2,6,8
WBGene00021732,110,185,295
WBGene00021733,508,812,1320
WBGene00021734,47,75,122
WBGene00021735,253,1271,1524
WBGene00021736,1644,2859,4503
WBGene00021738,195,450,645
WBGene00021739,0,187,187
WBGene00021740,186,516,702
WBGene00021741,47,36,83
WBGene00021743,29,5,34
WBGene00021744,2,1,3
WBGene00021745,9,53,62
WBGene00021746,0,7,7
WBGene00021748,82,365,447
WBGene00021749,143,507,650
WBGene00021750,48,206,254
WBGene00021751,554,168,722
WBGene00021752,304,190,494
WBGene00021753,252,659,911
WBGene00021754,353,1125,1478
WBGene00021755,59,231,290
WBGene00021756,303,548,851
WBGene00021757,136,368,504
WBGene00021758,89,418,507
WBGene00021759,17,33,50
WBGene00021763,89,322,411
WBGene00021764,53,375,428
WBGene00021765,237,565,802
WBGene00021766,51,291,342
WBGene00021768,29,684,713
WBGene00021771,491,1281,1772
WBGene00021772,36,9,45
WBGene00021773,0,3,3
WBGene00021774,0,2,2
WBGene00021776,171,715,886
WBGene00021778,11,8,19
WBGene00021779,0,2,2
WBGene00021780,2,0,2
WBGene00021781,50,428,478
WBGene00021783,291,1418,1709
WBGene00021784,77,787,864
WBGene00021785,52,1086,1138
WBGene00021786,14,36,50
WBGene00021787,5,9,14
WBGene00021788,119,53,172
WBGene00021789,276,583,859
WBGene00021790,10,2,12
WBGene00021791,1,2,3
WBGene00021793,5,0,5
WBGene00021794,7,8,15
WBGene00021795,19,275,294
WBGene00021796,30,574,604
WBGene00021797,5,5,10
WBGene00021798,13,0,13
WBGene00021799,47,164,211
WBGene00021800,409,5854,6263
WBGene00021801,4,1,5
WBGene00021803,0,3,3
WBGene00021804,4,29,33
WBGene00021805,7,22,29
WBGene00021806,7,2,9
WBGene00021807,15,23,38
WBGene00021808,505,1379,1884
WBGene00021809,0,11,11
WBGene00021810,801,1389,2190
WBGene00021811,464,3304,3768
WBGene00021812,31,352,383
WBGene00021813,103,473,576
WBGene00021814,21,60,81
WBGene00021815,74,731,805
WBGene00021816,181,646,827
WBGene00021817,51,449,500
WBGene00021818,745,3882,4627
WBGene00021820,746,807,1553
WBGene00021821,0,8,8
WBGene00021822,0,0,0
WBGene00021826,152,791,943
WBGene00021827,86,339,425
WBGene00021828,104,317,421
WBGene00021829,21,1415,1436
WBGene00021830,103,1208,1311
WBGene00021831,383,914,1297
WBGene00021832,107,259,366
WBGene00021833,32,3,35
WBGene00021834,21,1007,1028
WBGene00021835,46,348,394
WBGene00021837,0,1,1
WBGene00021838,271,1068,1339
WBGene00021839,292,3043,3335
WBGene00021840,174,246,420
WBGene00021841,75,205,280
WBGene00021842,549,1168,1717
WBGene00021843,2899,23767,26666
WBGene00021844,58,699,757
WBGene00021845,25,1642,1667
WBGene00021846,205,470,675
WBGene00021847,168,410,578
WBGene00021848,33,70,103
WBGene00021849,453,7666,8119
WBGene00021850,13,26,39
WBGene00021852,76,814,890
WBGene00021853,0,59,59
WBGene00021854,325,747,1072
WBGene00021855,162,1815,1977
WBGene00021856,378,756,1134
WBGene00021857,610,1990,2600
WBGene00021858,2561,1704,4265
WBGene00021859,13,17,30
WBGene00021860,2,3,5
WBGene00021861,4,3,7
WBGene00021862,32,78,110
WBGene00021863,131,494,625
WBGene00021864,100,564,664
WBGene00021865,15,16,31
WBGene00021866,60,626,686
WBGene00021867,75,656,731
WBGene00021868,180,1125,1305
WBGene00021869,4,98,102
WBGene00021870,27,129,156
WBGene00021871,25,148,173
WBGene00021872,2,407,409
WBGene00021873,48,420,468
WBGene00021875,61,443,504
WBGene00021876,1277,8437,9714
WBGene00021877,236,124,360
WBGene00021878,10,4,14
WBGene00021879,8,143,151
WBGene00021880,1,1,2
WBGene00021881,89,131,220
WBGene00021882,496,467,963
WBGene00021883,183,6312,6495
WBGene00021884,1,189,190
WBGene00021887,91,361,452
WBGene00021888,68,1165,1233
WBGene00021890,708,5164,5872
WBGene00021891,0,16,16
WBGene00021892,9,14,23
WBGene00021893,2494,5185,7679
WBGene00021894,732,6532,7264
WBGene00021895,12,55,67
WBGene00021897,124,305,429
WBGene00021898,55,424,479
WBGene00021899,399,5547,5946
WBGene00021900,396,14490,14886
WBGene00021901,17,1392,1409
WBGene00021902,116,546,662
WBGene00021903,46,1147,1193
WBGene00021904,25,488,513
WBGene00021905,177,421,598
WBGene00021906,308,909,1217
WBGene00021907,2,7,9
WBGene00021908,7,13,20
WBGene00021909,118,2641,2759
WBGene00021910,324,618,942
WBGene00021911,12,28,40
WBGene00021912,86,379,465
WBGene00021913,24,568,592
WBGene00021914,168,131,299
WBGene00021915,230,948,1178
WBGene00021916,5,33,38
WBGene00021917,9,41,50
WBGene00021918,20,110,130
WBGene00021919,10,34,44
WBGene00021920,152,1345,1497
WBGene00021921,962,1552,2514
WBGene00021922,93,2242,2335
WBGene00021923,49,194,243
WBGene00021925,112,377,489
WBGene00021926,269,2097,2366
WBGene00021927,24,550,574
WBGene00021928,8,273,281
WBGene00021929,46,947,993
WBGene00021930,204,3376,3580
WBGene00021931,30,22,52
WBGene00021932,48,210,258
WBGene00021933,49,78,127
WBGene00021934,99,748,847
WBGene00021935,98,261,359
WBGene00021936,596,1494,2090
WBGene00021938,106,861,967
WBGene00021939,68,73,141
WBGene00021941,42,78,120
WBGene00021942,21,210,231
WBGene00021943,137,1051,1188
WBGene00021945,232,744,976
WBGene00021947,6,0,6
WBGene00021948,549,2652,3201
WBGene00021949,2,4,6
WBGene00021950,30,247,277
WBGene00021951,10,65,75
WBGene00021952,212,2432,2644
WBGene00021953,13,28,41
WBGene00021956,121,3466,3587
WBGene00021957,1,1,2
WBGene00021958,0,0,0
WBGene00021959,169,2271,2440
WBGene00021960,139,2885,3024
WBGene00021961,1,2,3
WBGene00021963,10,13,23
WBGene00021964,5,1,6
WBGene00021965,52,344,396
WBGene00021966,0,3,3
WBGene00021967,3,7,10
WBGene00021968,22,8,30
WBGene00021969,1,8,9
WBGene00021970,40,22,62
WBGene00021972,21,71,92
WBGene00021973,212,1168,1380
WBGene00021974,132,1477,1609
WBGene00021975,19,286,305
WBGene00021976,0,6,6
WBGene00021977,17,566,583
WBGene00021978,0,34,34
WBGene00021979,15,1240,1255
WBGene00021980,180,414,594
WBGene00021981,35,2399,2434
WBGene00021983,123,1693,1816
WBGene00021984,232,1921,2153
WBGene00021985,79,98,177
WBGene00021986,206,1479,1685
WBGene00021987,5,1,6
WBGene00021988,0,0,0
WBGene00021992,3,0,3
WBGene00021993,0,3,3
WBGene00021994,8,2,10
WBGene00021996,3,3,6
WBGene00021997,0,0,0
WBGene00021998,2,9,11
WBGene00021999,1,1,2
WBGene00022000,0,0,0
WBGene00022002,0,0,0
WBGene00022003,0,0,0
WBGene00022004,21,197,218
WBGene00022005,0,0,0
WBGene00022006,0,0,0
WBGene00022007,0,0,0
WBGene00022008,9,15,24
WBGene00022010,233,1146,1379
WBGene00022011,0,42,42
WBGene00022012,4,47,51
WBGene00022013,91,58,149
WBGene00022014,890,1316,2206
WBGene00022015,558,2153,2711
WBGene00022016,3,9,12
WBGene00022018,21,491,512
WBGene00022019,604,2949,3553
WBGene00022020,0,12,12
WBGene00022021,289,2519,2808
WBGene00022022,32,234,266
WBGene00022024,0,7,7
WBGene00022025,137,1299,1436
WBGene00022026,499,2742,3241
WBGene00022027,497,6774,7271
WBGene00022028,1,15,16
WBGene00022029,84,525,609
WBGene00022030,14,23,37
WBGene00022031,163,487,650
WBGene00022032,13,16,29
WBGene00022033,36,323,359
WBGene00022034,81,931,1012
WBGene00022035,58,77,135
WBGene00022036,77,278,355
WBGene00022037,188,1217,1405
WBGene00022038,6,28,34
WBGene00022039,8,62,70
WBGene00022040,4,356,360
WBGene00022042,4579,103270,107849
WBGene00022043,27,715,742
WBGene00022044,12,510,522
WBGene00022045,1412,10622,12034
WBGene00022046,2,3662,3664
WBGene00022047,59,880,939
WBGene00022048,1289,19141,20430
WBGene00022051,199,582,781
WBGene00022052,114,528,642
WBGene00022053,406,4573,4979
WBGene00022054,115,424,539
WBGene00022055,55,1013,1068
WBGene00022056,128,225,353
WBGene00022057,57,622,679
WBGene00022059,1282,1988,3270
WBGene00022060,15,321,336
WBGene00022061,92,60,152
WBGene00022062,69,122,191
WBGene00022063,109,922,1031
WBGene00022064,2,3,5
WBGene00022066,0,9,9
WBGene00022067,399,771,1170
WBGene00022069,276,5022,5298
WBGene00022070,1,16,17
WBGene00022071,6,13,19
WBGene00022072,220,2297,2517
WBGene00022073,86,424,510
WBGene00022074,227,1031,1258
WBGene00022075,125,2083,2208
WBGene00022076,13,14,27
WBGene00022077,312,2967,3279
WBGene00022078,1824,4835,6659
WBGene00022083,1,15,16
WBGene00022086,34,47,81
WBGene00022087,637,763,1400
WBGene00022089,1021,32059,33080
WBGene00022090,6,26,32
WBGene00022092,130,1487,1617
WBGene00022093,382,4202,4584
WBGene00022094,2,10,12
WBGene00022095,0,0,0
WBGene00022096,1,1,2
WBGene00022097,11,1,12
WBGene00022099,162,2171,2333
WBGene00022100,341,890,1231
WBGene00022101,57,350,407
WBGene00022102,13,36,49
WBGene00022103,131,92,223
WBGene00022104,367,269,636
WBGene00022106,311,226,537
WBGene00022107,34,550,584
WBGene00022108,4,58,62
WBGene00022110,26,380,406
WBGene00022111,0,329,329
WBGene00022112,28,77,105
WBGene00022113,28,131,159
WBGene00022114,64,5324,5388
WBGene00022115,294,3133,3427
WBGene00022116,154,400,554
WBGene00022117,47,55,102
WBGene00022118,95,466,561
WBGene00022119,9,756,765
WBGene00022121,245,343,588
WBGene00022122,7,2025,2032
WBGene00022123,43,172,215
WBGene00022124,241,617,858
WBGene00022125,60,648,708
WBGene00022126,125,381,506
WBGene00022127,16,7075,7091
WBGene00022128,134,612,746
WBGene00022129,68,142,210
WBGene00022130,52,234,286
WBGene00022131,169,1120,1289
WBGene00022133,2,1,3
WBGene00022134,510,1248,1758
WBGene00022138,571,400,971
WBGene00022139,432,1353,1785
WBGene00022140,26,4,30
WBGene00022141,18,533,551
WBGene00022142,43,60,103
WBGene00022143,7,8,15
WBGene00022144,107,11971,12078
WBGene00022145,11,5,16
WBGene00022146,20,316,336
WBGene00022148,720,1010,1730
WBGene00022149,258,9521,9779
WBGene00022150,17,1258,1275
WBGene00022152,238,681,919
WBGene00022153,273,437,710
WBGene00022154,43,144,187
WBGene00022155,36,236,272
WBGene00022156,1,9,10
WBGene00022157,9,7,16
WBGene00022158,37,298,335
WBGene00022159,171,286,457
WBGene00022160,31,202,233
WBGene00022161,26,243,269
WBGene00022162,1,0,1
WBGene00022165,121,375,496
WBGene00022166,259,1795,2054
WBGene00022167,333,697,1030
WBGene00022168,650,1259,1909
WBGene00022169,220,2517,2737
WBGene00022170,2299,27547,29846
WBGene00022171,24,390,414
WBGene00022172,92,206,298
WBGene00022173,110,295,405
WBGene00022174,153,291,444
WBGene00022175,99,308,407
WBGene00022176,414,852,1266
WBGene00022177,21,102,123
WBGene00022178,61,470,531
WBGene00022179,21,35,56
WBGene00022180,113,234,347
WBGene00022181,61,312,373
WBGene00022182,310,1107,1417
WBGene00022185,191,1423,1614
WBGene00022188,116,810,926
WBGene00022189,3,10,13
WBGene00022190,26,519,545
WBGene00022191,83,495,578
WBGene00022192,118,1605,1723
WBGene00022193,72,648,720
WBGene00022194,1072,26474,27546
WBGene00022195,138,527,665
WBGene00022196,61,1565,1626
WBGene00022197,29,107,136
WBGene00022198,111,522,633
WBGene00022199,37,2292,2329
WBGene00022200,185,919,1104
WBGene00022201,96,820,916
WBGene00022202,112,679,791
WBGene00022203,14,248,262
WBGene00022206,87,169,256
WBGene00022207,793,14,807
WBGene00022209,33,0,33
WBGene00022210,0,0,0
WBGene00022213,30,41,71
WBGene00022215,3,11,14
WBGene00022216,2,3,5
WBGene00022217,0,0,0
WBGene00022218,0,2,2
WBGene00022219,303,544,847
WBGene00022221,12,76,88
WBGene00022223,2,2,4
WBGene00022224,1,6,7
WBGene00022225,0,14,14
WBGene00022228,25,53,78
WBGene00022230,34,151,185
WBGene00022231,144,276,420
WBGene00022232,75,339,414
WBGene00022233,508,8262,8770
WBGene00022235,379,14994,15373
WBGene00022236,0,10,10
WBGene00022237,8,10,18
WBGene00022240,87,636,723
WBGene00022242,138,1111,1249
WBGene00022243,1,65,66
WBGene00022244,2,288,290
WBGene00022245,409,4398,4807
WBGene00022246,10,101,111
WBGene00022247,73,146,219
WBGene00022248,213,3070,3283
WBGene00022250,25,319,344
WBGene00022251,49,483,532
WBGene00022252,67,264,331
WBGene00022253,79,1507,1586
WBGene00022254,80,3495,3575
WBGene00022255,63,416,479
WBGene00022256,1,7,8
WBGene00022257,0,172,172
WBGene00022258,59,621,680
WBGene00022259,32,277,309
WBGene00022260,103,577,680
WBGene00022261,6,31,37
WBGene00022262,2,6,8
WBGene00022263,3,17,20
WBGene00022264,0,4,4
WBGene00022265,2,7,9
WBGene00022266,0,4,4
WBGene00022267,28,80,108
WBGene00022268,431,5024,5455
WBGene00022269,395,3245,3640
WBGene00022270,99,115,214
WBGene00022271,26,1854,1880
WBGene00022273,58,395,453
WBGene00022274,21,43,64
WBGene00022275,5,54,59
WBGene00022276,232,6726,6958
WBGene00022277,181,1428,1609
WBGene00022278,765,1607,2372
WBGene00022279,161,1385,1546
WBGene00022280,135,1159,1294
WBGene00022281,537,560,1097
WBGene00022282,0,1,1
WBGene00022283,11,144,155
WBGene00022284,138,548,686
WBGene00022285,1033,458,1491
WBGene00022286,138,599,737
WBGene00022287,15,29,44
WBGene00022288,24,161,185
WBGene00022289,21,18,39
WBGene00022290,3,0,3
WBGene00022291,0,0,0
WBGene00022292,0,0,0
WBGene00022295,27,106,133
WBGene00022296,473,1654,2127
WBGene00022297,94,1979,2073
WBGene00022298,9,45,54
WBGene00022300,267,684,951
WBGene00022301,459,874,1333
WBGene00022302,49,805,854
WBGene00022303,2,475,477
WBGene00022306,972,2609,3581
WBGene00022307,61,1848,1909
WBGene00022308,5,3,8
WBGene00022309,150,628,778
WBGene00022310,293,1094,1387
WBGene00022311,6,8,14
WBGene00022312,0,1,1
WBGene00022313,100,181,281
WBGene00022314,195,1362,1557
WBGene00022315,7,9,16
WBGene00022316,98,0,98
WBGene00022317,3,69,72
WBGene00022318,0,0,0
WBGene00022319,3,1,4
WBGene00022320,9,1,10
WBGene00022321,3,14,17
WBGene00022322,2,4,6
WBGene00022323,1,0,1
WBGene00022324,5,50,55
WBGene00022325,23,95,118
WBGene00022326,14,90,104
WBGene00022327,13,14,27
WBGene00022328,6,5,11
WBGene00022329,15,165,180
WBGene00022330,5,136,141
WBGene00022331,2,8,10
WBGene00022332,17,7,24
WBGene00022333,1,11,12
WBGene00022334,19,25,44
WBGene00022335,51,158,209
WBGene00022336,1051,278681,279732
WBGene00022337,0,45,45
WBGene00022338,18,39,57
WBGene00022339,165,1304,1469
WBGene00022340,2,0,2
WBGene00022341,2,2,4
WBGene00022342,0,1,1
WBGene00022343,2,5,7
WBGene00022344,2,5,7
WBGene00022345,2,63,65
WBGene00022346,8,43,51
WBGene00022347,194,1824,2018
WBGene00022348,104,1026,1130
WBGene00022349,42,49,91
WBGene00022350,13,279,292
WBGene00022351,14,45,59
WBGene00022352,18,16,34
WBGene00022353,10,242,252
WBGene00022354,1568,3267,4835
WBGene00022356,38,1835,1873
WBGene00022357,67,595,662
WBGene00022358,433,995,1428
WBGene00022360,308,543,851
WBGene00022361,376,853,1229
WBGene00022363,288,488,776
WBGene00022365,185,187,372
WBGene00022366,369,546,915
WBGene00022367,271,398,669
WBGene00022368,119,893,1012
WBGene00022369,186,823,1009
WBGene00022371,297,216,513
WBGene00022372,130,243,373
WBGene00022373,268,1246,1514
WBGene00022374,15,86,101
WBGene00022375,6,12,18
WBGene00022376,189,1539,1728
WBGene00022377,11,53,64
WBGene00022378,970,4597,5567
WBGene00022379,39,67,106
WBGene00022380,614,4587,5201
WBGene00022381,177,949,1126
WBGene00022382,0,233,233
WBGene00022383,164,1858,2022
WBGene00022385,12,8,20
WBGene00022386,294,1438,1732
WBGene00022388,324,481,805
WBGene00022389,253,863,1116
WBGene00022390,79,271,350
WBGene00022391,295,350,645
WBGene00022392,25,273,298
WBGene00022393,184,2550,2734
WBGene00022394,18,895,913
WBGene00022395,9,15,24
WBGene00022396,68,1200,1268
WBGene00022397,197,1408,1605
WBGene00022398,42,638,680
WBGene00022399,51,435,486
WBGene00022400,49,2008,2057
WBGene00022401,99,3747,3846
WBGene00022402,48,1712,1760
WBGene00022403,6,6,12
WBGene00022404,4,11,15
WBGene00022405,7,60,67
WBGene00022406,6,8,14
WBGene00022408,0,9,9
WBGene00022409,10,28,38
WBGene00022410,17,5875,5892
WBGene00022411,3,24,27
WBGene00022412,30,133,163
WBGene00022413,22,172,194
WBGene00022415,0,1,1
WBGene00022416,32,127,159
WBGene00022417,15,86,101
WBGene00022418,40,166,206
WBGene00022419,49,230,279
WBGene00022420,32,638,670
WBGene00022421,0,6,6
WBGene00022423,397,142,539
WBGene00022425,217,704,921
WBGene00022426,152,739,891
WBGene00022427,291,1294,1585
WBGene00022428,68,379,447
WBGene00022429,0,0,0
WBGene00022431,38,6,44
WBGene00022433,18,10,28
WBGene00022434,548,544,1092
WBGene00022435,118,144,262
WBGene00022438,1,1,2
WBGene00022439,290,1536,1826
WBGene00022440,104,479,583
WBGene00022441,282,2312,2594
WBGene00022442,0,0,0
WBGene00022443,0,0,0
WBGene00022444,0,0,0
WBGene00022445,55,315,370
WBGene00022446,0,8,8
WBGene00022447,214,93,307
WBGene00022448,89,82,171
WBGene00022450,39,162,201
WBGene00022452,0,162,162
WBGene00022453,359,1180,1539
WBGene00022454,104,100,204
WBGene00022455,13,789,802
WBGene00022456,153,2569,2722
WBGene00022457,120,947,1067
WBGene00022458,8,1221,1229
WBGene00022459,60,541,601
WBGene00022460,58,698,756
WBGene00022462,20,239,259
WBGene00022463,101,905,1006
WBGene00022465,51,571,622
WBGene00022466,81,1058,1139
WBGene00022467,1,1,2
WBGene00022469,7,109,116
WBGene00022470,172,914,1086
WBGene00022471,63,334,397
WBGene00022472,229,2370,2599
WBGene00022473,1530,4356,5886
WBGene00022474,71,766,837
WBGene00022475,35,592,627
WBGene00022476,4,2,6
WBGene00022477,1,64,65
WBGene00022478,7,54,61
WBGene00022479,14,13,27
WBGene00022481,0,0,0
WBGene00022482,0,0,0
WBGene00022483,0,0,0
WBGene00022484,24,187,211
WBGene00022485,149,366,515
WBGene00022486,17,47,64
WBGene00022487,5,21,26
WBGene00022488,84,325,409
WBGene00022489,288,2540,2828
WBGene00022490,11,43,54
WBGene00022491,103,145,248
WBGene00022492,72,1492,1564
WBGene00022493,142,257,399
WBGene00022494,291,518,809
WBGene00022495,10,64,74
WBGene00022496,0,0,0
WBGene00022497,0,4082,4082
WBGene00022498,7,36,43
WBGene00022499,103,1043,1146
WBGene00022500,385,4478,4863
WBGene00022501,569,818,1387
WBGene00022502,63,510,573
WBGene00022503,9,159,168
WBGene00022504,23,22,45
WBGene00022505,475,334,809
WBGene00022506,0,63,63
WBGene00022507,13,286,299
WBGene00022508,1,5,6
WBGene00022509,0,6,6
WBGene00022511,24,9,33
WBGene00022512,0,0,0
WBGene00022515,83,2732,2815
WBGene00022516,86,2961,3047
WBGene00022517,57,54,111
WBGene00022518,360,791,1151
WBGene00022519,219,1425,1644
WBGene00022522,24,211,235
WBGene00022527,30,82,112
WBGene00022528,1,6,7
WBGene00022529,12,5,17
WBGene00022530,27,279,306
WBGene00022531,38,650,688
WBGene00022532,16,224,240
WBGene00022533,23,130,153
WBGene00022534,166,1722,1888
WBGene00022536,12,2,14
WBGene00022537,7,65,72
WBGene00022538,133,2603,2736
WBGene00022539,120,2548,2668
WBGene00022540,39,52,91
WBGene00022541,0,11,11
WBGene00022542,2,2,4
WBGene00022543,4,0,4
WBGene00022544,29,34,63
WBGene00022546,26,88,114
WBGene00022547,23,148,171
WBGene00022548,5,4,9
WBGene00022549,33,124,157
WBGene00022550,3,21,24
WBGene00022551,0,1,1
WBGene00022552,2,22,24
WBGene00022553,2,15,17
WBGene00022554,105,1443,1548
WBGene00022555,0,3,3
WBGene00022556,0,1,1
WBGene00022557,1,11,12
WBGene00022558,0,1,1
WBGene00022559,2,10,12
WBGene00022560,0,17,17
WBGene00022561,5,14,19
WBGene00022562,266,2055,2321
WBGene00022563,1,0,1
WBGene00022564,45,242,287
WBGene00022565,2,10,12
WBGene00022566,4,8,12
WBGene00022567,25,86,111
WBGene00022568,7,103,110
WBGene00022569,11,398,409
WBGene00022570,0,3,3
WBGene00022571,0,7,7
WBGene00022572,0,1,1
WBGene00022573,0,4,4
WBGene00022574,8,417,425
WBGene00022575,0,147,147
WBGene00022576,17,115,132
WBGene00022577,2,2,4
WBGene00022578,2,0,2
WBGene00022579,231,2003,2234
WBGene00022580,102,738,840
WBGene00022581,15,92,107
WBGene00022582,0,0,0
WBGene00022583,325,2910,3235
WBGene00022584,48,136,184
WBGene00022586,1,34,35
WBGene00022587,1,7,8
WBGene00022588,52,321,373
WBGene00022589,17,2,19
WBGene00022590,4,63,67
WBGene00022591,15,91,106
WBGene00022592,266,732,998
WBGene00022593,125,433,558
WBGene00022594,2,2,4
WBGene00022596,2,29,31
WBGene00022597,718,11576,12294
WBGene00022598,67,732,799
WBGene00022599,319,6726,7045
WBGene00022600,0,1,1
WBGene00022601,24,58,82
WBGene00022602,8,0,8
WBGene00022603,128,1988,2116
WBGene00022604,0,6,6
WBGene00022605,7,113,120
WBGene00022606,13,16,29
WBGene00022607,0,0,0
WBGene00022608,117,499,616
WBGene00022609,93,408,501
WBGene00022610,37,156,193
WBGene00022611,10,17,27
WBGene00022612,5,15,20
WBGene00022613,79,330,409
WBGene00022614,56,1107,1163
WBGene00022615,13,311,324
WBGene00022616,0,2,2
WBGene00022617,0,0,0
WBGene00022618,150,1975,2125
WBGene00022619,0,34,34
WBGene00022620,153,1715,1868
WBGene00022621,6,3,9
WBGene00022623,7,458,465
WBGene00022624,99,191,290
WBGene00022625,0,0,0
WBGene00022627,23,44,67
WBGene00022628,1,4,5
WBGene00022629,26,170,196
WBGene00022631,23,273,296
WBGene00022632,5,5,10
WBGene00022633,18,128,146
WBGene00022634,1,5,6
WBGene00022635,173,302,475
WBGene00022637,2,3,5
WBGene00022638,1,2,3
WBGene00022639,5,8,13
WBGene00022640,4,1,5
WBGene00022641,4,8,12
WBGene00022642,109,893,1002
WBGene00022643,12,24,36
WBGene00022644,4,47,51
WBGene00022645,3,26,29
WBGene00022646,16,1104,1120
WBGene00022647,91,609,700
WBGene00022648,302,479,781
WBGene00022649,18,114,132
WBGene00022650,49,77,126
WBGene00022651,1,8,9
WBGene00022652,0,3,3
WBGene00022653,25,131,156
WBGene00022654,4,8,12
WBGene00022655,30,39,69
WBGene00022656,1,19,20
WBGene00022657,3,26,29
WBGene00022660,0,18,18
WBGene00022661,40,38,78
WBGene00022662,6,20,26
WBGene00022663,36,535,571
WBGene00022664,46,484,530
WBGene00022665,7,83,90
WBGene00022666,116,1044,1160
WBGene00022667,213,1295,1508
WBGene00022668,397,2168,2565
WBGene00022669,1,2,3
WBGene00022670,0,0,0
WBGene00022671,3,14,17
WBGene00022672,111,523,634
WBGene00022673,96,821,917
WBGene00022674,0,1,1
WBGene00022675,523,734,1257
WBGene00022677,45,444,489
WBGene00022678,69,2399,2468
WBGene00022679,1,17,18
WBGene00022680,9,16,25
WBGene00022681,65,140,205
WBGene00022682,34,85,119
WBGene00022683,28,195,223
WBGene00022685,3,1,4
WBGene00022689,1,2,3
WBGene00022690,2,1,3
WBGene00022691,5,4,9
WBGene00022692,0,0,0
WBGene00022694,64,932,996
WBGene00022695,51,386,437
WBGene00022696,40,171,211
WBGene00022697,174,1192,1366
WBGene00022698,11,51,62
WBGene00022699,1,3,4
WBGene00022700,16,97,113
WBGene00022702,2,201,203
WBGene00022703,105,971,1076
WBGene00022704,68,679,747
WBGene00022705,3,14,17
WBGene00022706,3,11,14
WBGene00022707,7,8,15
WBGene00022708,0,19,19
WBGene00022709,9,41,50
WBGene00022710,4,1,5
WBGene00022711,19,7,26
WBGene00022712,108,870,978
WBGene00022713,1,2,3
WBGene00022714,1,2,3
WBGene00022715,14,16,30
WBGene00022716,1,3,4
WBGene00022717,127,1205,1332
WBGene00022718,208,1871,2079
WBGene00022719,223,1471,1694
WBGene00022720,8,263,271
WBGene00022721,15,288,303
WBGene00022722,74,1014,1088
WBGene00022723,11,8,19
WBGene00022724,4,1,5
WBGene00022725,8,18,26
WBGene00022726,0,2,2
WBGene00022727,107,681,788
WBGene00022728,243,0,243
WBGene00022729,0,0,0
WBGene00022730,196,483,679
WBGene00022731,34,30,64
WBGene00022732,1,11,12
WBGene00022733,102,84,186
WBGene00022734,32,1111,1143
WBGene00022735,17,80,97
WBGene00022736,20,224,244
WBGene00022737,6,233,239
WBGene00022738,116,1509,1625
WBGene00022739,155,1596,1751
WBGene00022741,25,16,41
WBGene00022742,300,4452,4752
WBGene00022743,244,603,847
WBGene00022744,14,64,78
WBGene00022745,1780,11194,12974
WBGene00022746,0,13,13
WBGene00022747,2,4,6
WBGene00022748,282,30247,30529
WBGene00022749,79,2594,2673
WBGene00022750,810,2768,3578
WBGene00022751,0,0,0
WBGene00022752,7,176,183
WBGene00022753,8,8,16
WBGene00022754,0,6,6
WBGene00022756,2,17,19
WBGene00022757,4,0,4
WBGene00022758,2,2,4
WBGene00022759,42,1195,1237
WBGene00022761,1,10,11
WBGene00022762,93,507,600
WBGene00022765,285,2631,2916
WBGene00022766,43,1075,1118
WBGene00022767,11,80,91
WBGene00022769,39,606,645
WBGene00022770,29,264,293
WBGene00022771,72,532,604
WBGene00022772,34,89,123
WBGene00022773,90,216,306
WBGene00022774,47,1369,1416
WBGene00022775,3,251,254
WBGene00022776,13,1643,1656
WBGene00022778,1,1,2
WBGene00022780,2,22,24
WBGene00022781,428,11007,11435
WBGene00022782,32,777,809
WBGene00022783,118,1082,1200
WBGene00022785,153,1575,1728
WBGene00022786,0,196,196
WBGene00022787,29,344,373
WBGene00022788,77,2646,2723
WBGene00022789,7,28,35
WBGene00022790,27,195,222
WBGene00022791,274,1977,2251
WBGene00022792,43,647,690
WBGene00022793,12,906,918
WBGene00022794,159,2601,2760
WBGene00022795,6,44,50
WBGene00022796,5,92,97
WBGene00022797,66,503,569
WBGene00022798,259,3663,3922
WBGene00022799,0,4,4
WBGene00022800,203,1459,1662
WBGene00022801,34,1159,1193
WBGene00022802,172,1975,2147
WBGene00022803,24,423,447
WBGene00022804,3,15,18
WBGene00022805,306,1279,1585
WBGene00022807,5,23,28
WBGene00022808,3,6,9
WBGene00022809,3,13,16
WBGene00022810,16,180,196
WBGene00022811,43,35,78
WBGene00022812,259,3588,3847
WBGene00022813,11,69,80
WBGene00022814,38,263,301
WBGene00022815,16,61,77
WBGene00022816,32,43,75
WBGene00022817,277,3679,3956
WBGene00022820,10,0,10
WBGene00022821,0,1,1
WBGene00022822,0,3,3
WBGene00022823,69,3300,3369
WBGene00022824,30,209,239
WBGene00022825,13,252,265
WBGene00022826,4,5,9
WBGene00022827,6,18,24
WBGene00022829,25,27,52
WBGene00022830,53,1037,1090
WBGene00022831,143,1329,1472
WBGene00022832,62,702,764
WBGene00022833,3,2,5
WBGene00022834,2,17,19
WBGene00022835,37,347,384
WBGene00022836,73,1012,1085
WBGene00022837,36,307,343
WBGene00022838,30,158,188
WBGene00022840,7,13,20
WBGene00022842,33,334,367
WBGene00022843,30,77,107
WBGene00022845,1,19,20
WBGene00022846,43,27,70
WBGene00022847,46,269,315
WBGene00022848,81,725,806
WBGene00022849,30,85,115
WBGene00022850,243,635,878
WBGene00022851,34,986,1020
WBGene00022852,4,1418,1422
WBGene00022853,46,2195,2241
WBGene00022854,24,217,241
WBGene00022855,93,3704,3797
WBGene00022856,60,8758,8818
WBGene00022857,10,236,246
WBGene00022858,26,19,45
WBGene00022861,8724,835,9559
WBGene00022862,18,405,423
WBGene00022864,73,1900,1973
WBGene00022865,97,1091,1188
WBGene00022866,10,53,63
WBGene00022867,72,741,813
WBGene00022868,13,493,506
WBGene00022869,1,0,1
WBGene00022870,5,6,11
WBGene00022871,2,8,10
WBGene00022872,5,6,11
WBGene00022873,2,30,32
WBGene00022874,55,2092,2147
WBGene00022875,0,1,1
WBGene00022876,1,5,6
WBGene00022877,8,3,11
WBGene00022880,86,680,766
WBGene00022881,33,543,576
WBGene00022882,48,398,446
WBGene00022883,13,307,320
WBGene00022884,0,35,35
WBGene00022885,66,708,774
WBGene00022886,3,2,5
WBGene00022887,96,1530,1626
WBGene00022888,18,1,19
WBGene00022889,2,4,6
WBGene00022890,0,0,0
WBGene00022891,4,15,19
WBGene00022892,4,1,5
WBGene00022893,59,319,378
WBGene00023067,3548,6639,10187
WBGene00023068,157465,228848,386313
WBGene00023172,13,45,58
WBGene00023186,0,0,0
WBGene00023284,1,352,353
WBGene00023404,59,269,328
WBGene00023405,113,1167,1280
WBGene00023407,474,15176,15650
WBGene00023408,273,6828,7101
WBGene00023409,48,567,615
WBGene00023410,7,0,7
WBGene00023411,4,10,14
WBGene00023413,7,18,25
WBGene00023414,195,461,656
WBGene00023415,95,268,363
WBGene00023416,52,739,791
WBGene00023417,17,1576,1593
WBGene00023418,19,932,951
WBGene00023419,33,298,331
WBGene00023420,1,7,8
WBGene00023421,12,305,317
WBGene00023422,82,633,715
WBGene00023423,68,112,180
WBGene00023424,2,13,15
WBGene00023425,2,6,8
WBGene00023427,24,167,191
WBGene00023431,319,449,768
WBGene00023432,104,1043,1147
WBGene00023450,101,388,489
WBGene00023451,54,88,142
WBGene00023458,231,1350,1581
WBGene00023459,5,3,8
WBGene00023460,3,28,31
WBGene00023462,4,39,43
WBGene00023463,3,0,3
WBGene00023474,3,3,6
WBGene00023475,3,1,4
WBGene00023477,0,8,8
WBGene00023478,2,4,6
WBGene00023479,1,0,1
WBGene00023483,0,5,5
WBGene00023484,6,6,12
WBGene00023485,5,917,922
WBGene00023486,17,210,227
WBGene00023487,102,3140,3242
WBGene00023489,579,143,722
WBGene00023490,39,484,523
WBGene00023491,190,461,651
WBGene00023492,14,119,133
WBGene00023493,1,1025,1026
WBGene00023497,119,957,1076
WBGene00023498,26,941,967
WBGene00023499,10,5,15
WBGene00023500,19,179,198
WBGene00023501,64,589,653
WBGene00023502,76,197,273
WBGene00023503,12,38,50
WBGene00023504,164,886,1050
WBGene00023505,3,3,6
WBGene00023506,0,3,3
WBGene00023508,2,5,7
WBGene00023513,0,0,0
WBGene00023514,7,9,16
WBGene00023515,6,33,39
WBGene00023517,1,3,4
WBGene00023518,1,2,3
WBGene00023519,18,27,45
WBGene00023520,31,103,134
WBGene00043049,23,87,110
WBGene00043050,313,2437,2750
WBGene00043051,135,553,688
WBGene00043052,2,3,5
WBGene00043054,36,302,338
WBGene00043056,139,320,459
WBGene00043057,84,558,642
WBGene00043058,0,1,1
WBGene00043059,6,5,11
WBGene00043060,270,1765,2035
WBGene00043061,14,19,33
WBGene00043062,7,10,17
WBGene00043064,21,1732,1753
WBGene00043065,7,16,23
WBGene00043066,13,30,43
WBGene00043067,18,301,319
WBGene00043068,15,128,143
WBGene00043069,24,30,54
WBGene00043097,169,2523,2692
WBGene00043120,6,46,52
WBGene00043147,0,8,8
WBGene00043156,71,820,891
WBGene00043187,0,0,0
WBGene00043279,87,759,846
WBGene00043297,751,1645,2396
WBGene00043302,50,305,355
WBGene00043308,4,169,173
WBGene00043327,0,0,0
WBGene00043328,0,0,0
WBGene00043466,3,1,4
WBGene00043469,0,0,0
WBGene00043534,31,56,87
WBGene00043666,0,4,4
WBGene00043702,2,109,111
WBGene00043705,54,247,301
WBGene00043743,0,0,0
WBGene00043948,0,0,0
WBGene00043952,27,13,40
WBGene00043980,6,5,11
WBGene00043981,25,36,61
WBGene00043982,142,1453,1595
WBGene00043983,41,486,527
WBGene00043984,0,0,0
WBGene00043985,9,76,85
WBGene00043986,3,5,8
WBGene00043988,0,0,0
WBGene00043989,0,0,0
WBGene00043990,0,0,0
WBGene00043992,55,263,318
WBGene00043994,41,820,861
WBGene00043995,104,550,654
WBGene00043996,0,15,15
WBGene00043997,51,318,369
WBGene00043998,6,115,121
WBGene00044001,33,1139,1172
WBGene00044002,0,2,2
WBGene00044003,9,1,10
WBGene00044004,0,128,128
WBGene00044005,0,0,0
WBGene00044006,86,821,907
WBGene00044007,89,841,930
WBGene00044008,141,1094,1235
WBGene00044009,149,677,826
WBGene00044011,0,4,4
WBGene00044012,1,2,3
WBGene00044013,2,1,3
WBGene00044014,0,0,0
WBGene00044016,2,13,15
WBGene00044018,1,1,2
WBGene00044019,79,356,435
WBGene00044020,5,51,56
WBGene00044021,97,568,665
WBGene00044024,2,8,10
WBGene00044025,188,2602,2790
WBGene00044026,48,1819,1867
WBGene00044027,1,21,22
WBGene00044028,14,270,284
WBGene00044029,78,742,820
WBGene00044030,9,8,17
WBGene00044031,0,5,5
WBGene00044032,4,13,17
WBGene00044034,38,63,101
WBGene00044035,30,361,391
WBGene00044043,0,3,3
WBGene00044044,1,4,5
WBGene00044045,1263,218,1481
WBGene00044047,0,1,1
WBGene00044048,12,12,24
WBGene00044049,489,3294,3783
WBGene00044058,3,4,7
WBGene00044059,0,0,0
WBGene00044061,124,499,623
WBGene00044062,0,3,3
WBGene00044063,81,1828,1909
WBGene00044065,130,316,446
WBGene00044066,1,35,36
WBGene00044067,7,151,158
WBGene00044068,409,3510,3919
WBGene00044069,45,563,608
WBGene00044070,105,1457,1562
WBGene00044071,102,1066,1168
WBGene00044072,282,1268,1550
WBGene00044073,14,75,89
WBGene00044074,14,3,17
WBGene00044077,131,1868,1999
WBGene00044078,2119,17843,19962
WBGene00044079,264,1974,2238
WBGene00044080,0,2,2
WBGene00044081,1,6,7
WBGene00044082,59,1439,1498
WBGene00044083,56,111,167
WBGene00044084,4,2,6
WBGene00044086,1,1,2
WBGene00044087,15,3,18
WBGene00044088,2,1,3
WBGene00044089,0,0,0
WBGene00044090,4,5,9
WBGene00044091,8,20,28
WBGene00044092,13,14,27
WBGene00044094,41,447,488
WBGene00044099,0,0,0
WBGene00044100,1,1,2
WBGene00044105,0,1,1
WBGene00044106,1,4,5
WBGene00044107,7,26,33
WBGene00044109,0,0,0
WBGene00044112,4,8,12
WBGene00044113,1,14,15
WBGene00044114,4,3,7
WBGene00044115,3,6,9
WBGene00044116,1,3,4
WBGene00044117,0,7,7
WBGene00044120,24,135,159
WBGene00044121,4,15,19
WBGene00044122,33,43,76
WBGene00044124,3,4,7
WBGene00044125,32,22,54
WBGene00044127,2,1,3
WBGene00044131,0,0,0
WBGene00044132,33,171,204
WBGene00044133,3,0,3
WBGene00044134,49,323,372
WBGene00044135,20,127,147
WBGene00044136,2,0,2
WBGene00044137,0,30,30
WBGene00044138,27,74,101
WBGene00044139,6,61,67
WBGene00044140,0,7,7
WBGene00044141,14,76,90
WBGene00044142,7,14,21
WBGene00044143,311,1387,1698
WBGene00044144,11,375,386
WBGene00044145,0,7,7
WBGene00044146,1,2,3
WBGene00044147,0,1,1
WBGene00044148,3,5,8
WBGene00044149,0,3,3
WBGene00044150,6,1,7
WBGene00044151,59,452,511
WBGene00044152,8,50,58
WBGene00044153,13,19,32
WBGene00044154,2,8,10
WBGene00044156,8,84,92
WBGene00044157,0,0,0
WBGene00044158,5,0,5
WBGene00044159,0,0,0
WBGene00044160,10,5,15
WBGene00044162,1,1,2
WBGene00044163,10,11,21
WBGene00044164,3,1,4
WBGene00044166,6,104,110
WBGene00044167,46,575,621
WBGene00044169,6,22,28
WBGene00044174,0,6,6
WBGene00044175,0,5,5
WBGene00044176,58,969,1027
WBGene00044177,2,7,9
WBGene00044178,0,3,3
WBGene00044179,1,0,1
WBGene00044180,73,113,186
WBGene00044181,2,3,5
WBGene00044182,1,6,7
WBGene00044183,0,2,2
WBGene00044184,2,12,14
WBGene00044185,0,0,0
WBGene00044187,1794,15,1809
WBGene00044188,55,408,463
WBGene00044189,0,18,18
WBGene00044191,131,1043,1174
WBGene00044192,0,3,3
WBGene00044193,0,22,22
WBGene00044194,0,0,0
WBGene00044195,0,2,2
WBGene00044197,0,23,23
WBGene00044198,2,22,24
WBGene00044199,3,0,3
WBGene00044200,87,230,317
WBGene00044201,0,333,333
WBGene00044202,2,3,5
WBGene00044203,1,5,6
WBGene00044204,28,470,498
WBGene00044205,2,79,81
WBGene00044206,35,675,710
WBGene00044207,0,0,0
WBGene00044208,0,0,0
WBGene00044210,106,857,963
WBGene00044211,2,12,14
WBGene00044212,3,0,3
WBGene00044213,6,34,40
WBGene00044215,0,0,0
WBGene00044218,2,342,344
WBGene00044221,29,722,751
WBGene00044222,0,8,8
WBGene00044225,0,13,13
WBGene00044227,4,8,12
WBGene00044228,25,45,70
WBGene00044230,3,4,7
WBGene00044232,24,4,28
WBGene00044233,58,190,248
WBGene00044235,0,0,0
WBGene00044236,2,637,639
WBGene00044237,2,1,3
WBGene00044238,44,150,194
WBGene00044239,124,912,1036
WBGene00044240,9,13,22
WBGene00044241,14,95,109
WBGene00044242,0,1,1
WBGene00044243,3,22,25
WBGene00044244,0,0,0
WBGene00044245,0,40,40
WBGene00044246,0,0,0
WBGene00044247,2,0,2
WBGene00044249,11,3,14
WBGene00044250,4,10,14
WBGene00044251,29,173,202
WBGene00044253,9,349,358
WBGene00044254,0,0,0
WBGene00044256,5,0,5
WBGene00044257,2,13,15
WBGene00044258,36,138,174
WBGene00044259,1,3,4
WBGene00044260,38,2670,2708
WBGene00044261,9,2,11
WBGene00044263,0,1,1
WBGene00044264,1,4,5
WBGene00044265,28,199,227
WBGene00044266,7,0,7
WBGene00044271,0,0,0
WBGene00044272,0,67,67
WBGene00044273,0,0,0
WBGene00044274,0,0,0
WBGene00044275,0,0,0
WBGene00044278,0,0,0
WBGene00044280,1813,1196,3009
WBGene00044281,8,12,20
WBGene00044282,1,0,1
WBGene00044283,987,3633,4620
WBGene00044284,2,10,12
WBGene00044286,2,2,4
WBGene00044287,1,6,7
WBGene00044288,9,34,43
WBGene00044289,151,4864,5015
WBGene00044290,280,319,599
WBGene00044291,67,459,526
WBGene00044292,2,26,28
WBGene00044293,2,8,10
WBGene00044294,148,455,603
WBGene00044295,3,73,76
WBGene00044296,7,120,127
WBGene00044297,25,78,103
WBGene00044298,0,0,0
WBGene00044299,5,16,21
WBGene00044300,10,18,28
WBGene00044301,430,5562,5992
WBGene00044302,0,2,2
WBGene00044303,40,255,295
WBGene00044304,129,278,407
WBGene00044305,36,703,739
WBGene00044306,1,2,3
WBGene00044307,0,1,1
WBGene00044310,44,186,230
WBGene00044311,45,198,243
WBGene00044312,24,111,135
WBGene00044313,6,68,74
WBGene00044314,1,0,1
WBGene00044315,2,3,5
WBGene00044316,189,1434,1623
WBGene00044317,1,25,26
WBGene00044318,62,1773,1835
WBGene00044319,9,405,414
WBGene00044321,126,909,1035
WBGene00044322,26,843,869
WBGene00044323,53,572,625
WBGene00044324,9,1461,1470
WBGene00044325,39,651,690
WBGene00044326,195,1541,1736
WBGene00044329,80,1005,1085
WBGene00044330,21,313,334
WBGene00044331,2,1,3
WBGene00044332,0,13,13
WBGene00044333,1,4,5
WBGene00044337,0,0,0
WBGene00044338,2,316,318
WBGene00044339,0,26,26
WBGene00044340,0,0,0
WBGene00044341,0,220,220
WBGene00044342,136,296,432
WBGene00044344,52,646,698
WBGene00044345,44,374,418
WBGene00044346,0,0,0
WBGene00044347,11,2,13
WBGene00044348,339,200,539
WBGene00044349,27,79,106
WBGene00044350,296,1227,1523
WBGene00044352,3,2,5
WBGene00044353,3,40,43
WBGene00044354,3,123,126
WBGene00044355,4,66,70
WBGene00044356,0,2,2
WBGene00044357,0,0,0
WBGene00044358,25,8,33
WBGene00044359,1,23,24
WBGene00044360,0,1,1
WBGene00044361,0,3,3
WBGene00044362,0,0,0
WBGene00044363,13,125,138
WBGene00044364,0,3,3
WBGene00044365,0,3,3
WBGene00044366,0,8,8
WBGene00044367,11,135,146
WBGene00044368,80,23,103
WBGene00044369,0,0,0
WBGene00044370,0,0,0
WBGene00044371,0,1,1
WBGene00044372,0,0,0
WBGene00044373,7,271,278
WBGene00044374,5,16,21
WBGene00044375,0,0,0
WBGene00044376,0,10,10
WBGene00044377,0,0,0
WBGene00044378,0,0,0
WBGene00044379,0,1,1
WBGene00044380,2,11,13
WBGene00044381,5,5,10
WBGene00044382,1,69,70
WBGene00044383,0,5,5
WBGene00044384,27,0,27
WBGene00044385,1,4,5
WBGene00044386,10,65,75
WBGene00044387,64,1372,1436
WBGene00044388,0,0,0
WBGene00044389,571,8165,8736
WBGene00044390,3,33,36
WBGene00044391,69,61,130
WBGene00044392,7,76,83
WBGene00044393,0,0,0
WBGene00044394,2,13,15
WBGene00044395,3,8,11
WBGene00044396,26,778,804
WBGene00044399,4,3,7
WBGene00044401,120,1504,1624
WBGene00044402,3,3,6
WBGene00044403,17,94,111
WBGene00044406,12,246,258
WBGene00044409,21,111,132
WBGene00044410,49,285,334
WBGene00044411,105,834,939
WBGene00044413,497,253,750
WBGene00044414,7,33,40
WBGene00044415,0,0,0
WBGene00044416,0,1,1
WBGene00044417,0,9,9
WBGene00044418,354,2059,2413
WBGene00044419,11,4,15
WBGene00044420,13,373,386
WBGene00044421,99,568,667
WBGene00044423,16,346,362
WBGene00044424,1,13,14
WBGene00044425,0,0,0
WBGene00044427,9,14,23
WBGene00044428,22,8,30
WBGene00044429,2,1,3
WBGene00044431,202,1209,1411
WBGene00044432,1,1,2
WBGene00044433,220,1960,2180
WBGene00044434,13,8,21
WBGene00044435,0,52,52
WBGene00044436,10,180,190
WBGene00044437,51,44,95
WBGene00044438,161,385,546
WBGene00044439,35,18,53
WBGene00044440,99,154,253
WBGene00044441,5,6,11
WBGene00044442,17,1473,1490
WBGene00044443,184,5828,6012
WBGene00044444,6,2,8
WBGene00044445,101,536,637
WBGene00044446,2,13,15
WBGene00044447,0,1,1
WBGene00044448,0,5,5
WBGene00044449,0,3,3
WBGene00044450,0,2,2
WBGene00044451,0,1,1
WBGene00044452,151,1139,1290
WBGene00044453,6,12,18
WBGene00044454,0,1,1
WBGene00044455,2,24,26
WBGene00044457,2,25,27
WBGene00044458,0,2,2
WBGene00044459,55,127,182
WBGene00044460,1,12,13
WBGene00044461,25,8,33
WBGene00044462,28,92,120
WBGene00044463,14,32,46
WBGene00044464,71,166,237
WBGene00044466,15,499,514
WBGene00044467,431,1479,1910
WBGene00044468,44,878,922
WBGene00044469,0,4,4
WBGene00044470,2,18,20
WBGene00044471,48,985,1033
WBGene00044472,10,140,150
WBGene00044473,0,0,0
WBGene00044474,0,2,2
WBGene00044475,0,0,0
WBGene00044476,0,2,2
WBGene00044477,35,274,309
WBGene00044478,12,210,222
WBGene00044479,73,721,794
WBGene00044480,4,1,5
WBGene00044481,25,330,355
WBGene00044482,78,433,511
WBGene00044483,6,529,535
WBGene00044484,87,456,543
WBGene00044485,132,826,958
WBGene00044486,4,28,32
WBGene00044487,28,129,157
WBGene00044488,12,15,27
WBGene00044489,0,18,18
WBGene00044490,0,4,4
WBGene00044491,2,0,2
WBGene00044492,11,12,23
WBGene00044493,20,383,403
WBGene00044495,60,124,184
WBGene00044498,0,0,0
WBGene00044499,1,15,16
WBGene00044500,164,956,1120
WBGene00044501,52,0,52
WBGene00044502,3,46,49
WBGene00044504,14,72,86
WBGene00044505,4,12,16
WBGene00044508,238,1926,2164
WBGene00044509,28,920,948
WBGene00044510,43,119,162
WBGene00044511,5,37,42
WBGene00044512,40,412,452
WBGene00044513,131,1142,1273
WBGene00044514,255,6592,6847
WBGene00044516,2,1,3
WBGene00044518,0,1,1
WBGene00044519,4,1,5
WBGene00044520,0,12,12
WBGene00044521,1,15,16
WBGene00044524,1,2,3
WBGene00044525,26,165,191
WBGene00044526,12,96,108
WBGene00044527,16,123,139
WBGene00044528,90,120,210
WBGene00044529,33,35,68
WBGene00044530,1,29,30
WBGene00044531,46,9,55
WBGene00044533,1,4,5
WBGene00044534,28,59,87
WBGene00044535,0,9,9
WBGene00044536,303,7675,7978
WBGene00044537,0,1,1
WBGene00044538,1,5,6
WBGene00044539,2,12,14
WBGene00044541,0,15,15
WBGene00044542,10,12,22
WBGene00044543,0,0,0
WBGene00044544,306,555,861
WBGene00044545,2,7,9
WBGene00044546,2,10,12
WBGene00044547,0,307,307
WBGene00044548,1,1,2
WBGene00044549,4,0,4
WBGene00044550,3,0,3
WBGene00044551,5,42,47
WBGene00044552,0,13,13
WBGene00044553,30,1832,1862
WBGene00044554,27,110,137
WBGene00044555,5,3,8
WBGene00044556,12,168,180
WBGene00044557,53,102,155
WBGene00044558,0,0,0
WBGene00044559,86,164,250
WBGene00044560,3,22,25
WBGene00044561,1,0,1
WBGene00044562,0,84,84
WBGene00044563,8,3,11
WBGene00044564,4,4,8
WBGene00044565,0,2,2
WBGene00044566,45,9,54
WBGene00044567,1,2,3
WBGene00044568,135,1223,1358
WBGene00044569,11,11,22
WBGene00044570,660,197,857
WBGene00044571,80,8,88
WBGene00044572,13,1,14
WBGene00044573,0,9,9
WBGene00044574,14,9,23
WBGene00044575,0,6,6
WBGene00044577,5,2,7
WBGene00044578,3,49,52
WBGene00044579,7,1,8
WBGene00044580,0,0,0
WBGene00044581,1,0,1
WBGene00044582,12,114,126
WBGene00044583,21,0,21
WBGene00044584,47,52,99
WBGene00044586,2,38,40
WBGene00044587,4,1,5
WBGene00044588,30,174,204
WBGene00044589,3,9,12
WBGene00044602,1,8,9
WBGene00044603,33,112,145
WBGene00044604,37,463,500
WBGene00044605,396,2907,3303
WBGene00044607,29,179,208
WBGene00044608,14,418,432
WBGene00044609,214,309,523
WBGene00044610,0,5,5
WBGene00044611,48,209,257
WBGene00044612,41,713,754
WBGene00044614,49,469,518
WBGene00044615,59,736,795
WBGene00044616,0,1,1
WBGene00044617,3,54,57
WBGene00044618,13,186,199
WBGene00044620,7,49,56
WBGene00044623,1,19,20
WBGene00044630,29,59,88
WBGene00044631,12,57,69
WBGene00044633,4,27,31
WBGene00044634,1,1,2
WBGene00044636,178,3061,3239
WBGene00044637,34,72,106
WBGene00044638,0,190,190
WBGene00044640,562,4721,5283
WBGene00044641,172,19,191
WBGene00044643,17,1382,1399
WBGene00044644,111,696,807
WBGene00044645,3,19,22
WBGene00044646,42,73,115
WBGene00044648,36,373,409
WBGene00044649,39,7,46
WBGene00044650,872,2709,3581
WBGene00044651,274,340,614
WBGene00044653,22,7,29
WBGene00044654,3,35,38
WBGene00044655,0,5,5
WBGene00044658,3,29,32
WBGene00044659,5,17,22
WBGene00044661,10,31,41
WBGene00044662,2,5,7
WBGene00044663,0,27,27
WBGene00044664,0,3,3
WBGene00044665,0,2,2
WBGene00044666,63,875,938
WBGene00044667,5,67,72
WBGene00044668,0,0,0
WBGene00044669,2,4,6
WBGene00044672,5,132,137
WBGene00044673,3,6,9
WBGene00044674,1,1,2
WBGene00044675,37,307,344
WBGene00044676,0,30,30
WBGene00044677,484,934,1418
WBGene00044678,2,27,29
WBGene00044679,22,273,295
WBGene00044680,0,1,1
WBGene00044681,625,698,1323
WBGene00044683,4,0,4
WBGene00044684,4,9,13
WBGene00044686,64,2316,2380
WBGene00044687,7,9,16
WBGene00044689,257,809,1066
WBGene00044690,35,239,274
WBGene00044692,1,1,2
WBGene00044693,0,1,1
WBGene00044694,0,2,2
WBGene00044696,137,992,1129
WBGene00044697,10,82,92
WBGene00044698,107,2954,3061
WBGene00044699,9,301,310
WBGene00044701,92,416,508
WBGene00044705,27,106,133
WBGene00044707,3,0,3
WBGene00044708,10,0,10
WBGene00044709,0,0,0
WBGene00044711,1,2,3
WBGene00044719,1,4,5
WBGene00044720,0,39,39
WBGene00044723,0,3,3
WBGene00044724,2,4,6
WBGene00044725,32,602,634
WBGene00044726,13,9,22
WBGene00044732,6,61,67
WBGene00044733,0,2,2
WBGene00044734,0,0,0
WBGene00044735,0,0,0
WBGene00044736,120,848,968
WBGene00044737,1238,9466,10704
WBGene00044738,21,19,40
WBGene00044741,8,28,36
WBGene00044742,28,226,254
WBGene00044743,27,677,704
WBGene00044744,7,50,57
WBGene00044745,60,163,223
WBGene00044746,240,1043,1283
WBGene00044753,14,20,34
WBGene00044754,9,2,11
WBGene00044755,3,2,5
WBGene00044756,26,115,141
WBGene00044757,35,358,393
WBGene00044758,13,57,70
WBGene00044759,1,4,5
WBGene00044760,3,9,12
WBGene00044761,12,184,196
WBGene00044762,93,2192,2285
WBGene00044763,8,15,23
WBGene00044767,4,237,241
WBGene00044770,32,137,169
WBGene00044771,72,307,379
WBGene00044772,17,1318,1335
WBGene00044773,8,12,20
WBGene00044774,233,1138,1371
WBGene00044775,3,0,3
WBGene00044776,8,87,95
WBGene00044777,2,0,2
WBGene00044778,0,0,0
WBGene00044779,205,1667,1872
WBGene00044780,9,2,11
WBGene00044783,0,7,7
WBGene00044784,31,2203,2234
WBGene00044786,1,0,1
WBGene00044788,18,32,50
WBGene00044789,9,231,240
WBGene00044790,32,309,341
WBGene00044791,0,5,5
WBGene00044792,53,169,222
WBGene00044794,0,0,0
WBGene00044795,19,311,330
WBGene00044796,6,5,11
WBGene00044797,0,41,41
WBGene00044798,5,0,5
WBGene00044799,0,96,96
WBGene00044801,0,0,0
WBGene00044802,0,0,0
WBGene00044803,24,42,66
WBGene00044805,0,2,2
WBGene00044807,1,17,18
WBGene00044810,1,1,2
WBGene00044811,40,439,479
WBGene00044889,1,0,1
WBGene00044891,103,1464,1567
WBGene00044892,3,5,8
WBGene00044894,27,241,268
WBGene00044895,196,40,236
WBGene00044896,6,2,8
WBGene00044897,1,2,3
WBGene00044898,19,7,26
WBGene00044900,393,5090,5483
WBGene00044901,0,122,122
WBGene00044903,62,145,207
WBGene00044906,3,81,84
WBGene00044908,6,14,20
WBGene00044911,2,9,11
WBGene00044912,6,0,6
WBGene00044916,99,1206,1305
WBGene00044917,0,7,7
WBGene00044921,1097,28970,30067
WBGene00044922,51,1192,1243
WBGene00044924,170,671,841
WBGene00044949,76,625,701
WBGene00044953,1,0,1
WBGene00044977,153,3496,3649
WBGene00044978,2,12,14
WBGene00044979,13,21,34
WBGene00044987,92,365,457
WBGene00044988,0,674,674
WBGene00044989,331,1254,1585
WBGene00044990,55,465,520
WBGene00044991,6,103,109
WBGene00044998,0,0,0
WBGene00045013,196,295,491
WBGene00045024,7,23,30
WBGene00045036,9,40,49
WBGene00045038,0,0,0
WBGene00045048,0,83,83
WBGene00045050,11,65,76
WBGene00045052,30,209,239
WBGene00045053,13,61,74
WBGene00045056,68,723,791
WBGene00045058,12,70,82
WBGene00045060,6,2,8
WBGene00045061,0,0,0
WBGene00045063,154,216,370
WBGene00045067,1,15,16
WBGene00045069,0,0,0
WBGene00045078,91,374,465
WBGene00045096,0,508,508
WBGene00045101,1,12,13
WBGene00045103,2,1,3
WBGene00045108,2,4,6
WBGene00045122,1,1,2
WBGene00045128,1,1,2
WBGene00045144,6,3,9
WBGene00045146,42,323,365
WBGene00045177,7,7,14
WBGene00045178,2,22,24
WBGene00045180,0,0,0
WBGene00045183,29,442,471
WBGene00045190,44,348,392
WBGene00045192,5,788,793
WBGene00045195,413,180,593
WBGene00045198,1,7,8
WBGene00045207,32,139,171
WBGene00045208,0,1418,1418
WBGene00045209,0,0,0
WBGene00045210,10,70,80
WBGene00045211,2,4,6
WBGene00045212,77,575,652
WBGene00045215,41,92,133
WBGene00045234,5,18,23
WBGene00045237,30,447,477
WBGene00045239,1,4,5
WBGene00045242,0,7,7
WBGene00045245,54,372,426
WBGene00045246,38,33,71
WBGene00045247,11,20,31
WBGene00045248,99,200,299
WBGene00045249,96,1809,1905
WBGene00045250,20,34,54
WBGene00045251,1,1,2
WBGene00045252,30,72,102
WBGene00045253,87,512,599
WBGene00045255,391,959,1350
WBGene00045261,3,20,23
WBGene00045265,1,13,14
WBGene00045268,0,8,8
WBGene00045269,0,3,3
WBGene00045270,5,0,5
WBGene00045271,4,68,72
WBGene00045272,0,21942,21942
WBGene00045275,0,176,176
WBGene00045276,0,3612,3612
WBGene00045277,134,1788,1922
WBGene00045283,0,3,3
WBGene00045289,89,11,100
WBGene00045291,8,78,86
WBGene00045292,2,24,26
WBGene00045295,22,444,466
WBGene00045297,12,69,81
WBGene00045298,0,0,0
WBGene00045299,0,0,0
WBGene00045300,0,0,0
WBGene00045301,0,0,0
WBGene00045302,2,2,4
WBGene00045303,0,0,0
WBGene00045304,4,8,12
WBGene00045305,0,565,565
WBGene00045306,2,3,5
WBGene00045308,5,8,13
WBGene00045331,10,75,85
WBGene00045336,67,420,487
WBGene00045337,1,27,28
WBGene00045338,3,288,291
WBGene00045339,4,118,122
WBGene00045340,33,110,143
WBGene00045344,4,4,8
WBGene00045355,4,4,8
WBGene00045356,10,110,120
WBGene00045357,57,450,507
WBGene00045361,0,0,0
WBGene00045362,0,1,1
WBGene00045364,12,0,12
WBGene00045365,1,72,73
WBGene00045379,2,30,32
WBGene00045380,0,0,0
WBGene00045381,2,1,3
WBGene00045382,2,14,16
WBGene00045385,1,20,21
WBGene00045386,178,1268,1446
WBGene00045387,335,3219,3554
WBGene00045390,87,1250,1337
WBGene00045392,100,912,1012
WBGene00045393,2,23,25
WBGene00045394,0,149,149
WBGene00045395,29,101,130
WBGene00045396,258,1182,1440
WBGene00045397,141,1256,1397
WBGene00045398,0,2,2
WBGene00045399,1,30,31
WBGene00045400,42,244,286
WBGene00045401,0,24,24
WBGene00045402,0,1,1
WBGene00045403,15,123,138
WBGene00045405,33,131,164
WBGene00045406,0,10,10
WBGene00045407,72,663,735
WBGene00045411,102,2873,2975
WBGene00045412,6,563,569
WBGene00045413,11,6,17
WBGene00045414,3,6,9
WBGene00045415,1,53,54
WBGene00045416,4,7,11
WBGene00045417,0,0,0
WBGene00045418,95,2647,2742
WBGene00045419,499,3028,3527
WBGene00045433,98,549,647
WBGene00045434,112,651,763
WBGene00045455,1,11,12
WBGene00045456,7,1,8
WBGene00045457,4,106,110
WBGene00045458,3,2,5
WBGene00045459,0,1,1
WBGene00045460,2,32,34
WBGene00045461,68,899,967
WBGene00045468,2,8,10
WBGene00045473,2,7,9
WBGene00045474,2,6,8
WBGene00045475,12,7,19
WBGene00045480,76,94,170
WBGene00045481,6,2,8
WBGene00045482,70,201,271
WBGene00045483,292,3545,3837
WBGene00045484,18,54,72
WBGene00045486,0,1,1
WBGene00045488,3,72,75
WBGene00045490,1,2,3
WBGene00045493,0,8,8
WBGene00045494,16,2,18
WBGene00045495,68,838,906
WBGene00045497,11,50,61
WBGene00045498,0,4,4
WBGene00045500,0,7,7
WBGene00045501,2,2,4
WBGene00045506,6,0,6
WBGene00045507,7,773,780
WBGene00045508,6,1,7
WBGene00045510,0,7,7
WBGene00045511,10,43,53
WBGene00045513,2,7,9
WBGene00045515,0,1,1
WBGene00045517,270,2144,2414
WBGene00050875,4,1,5
WBGene00050879,1,2,3
WBGene00050880,10,1,11
WBGene00050881,1,1,2
WBGene00050884,90,450,540
WBGene00050885,61,389,450
WBGene00050889,49,261,310
WBGene00050891,1,3,4
WBGene00050892,1,0,1
WBGene00050893,0,2,2
WBGene00050894,0,0,0
WBGene00050896,0,1,1
WBGene00050898,0,0,0
WBGene00050899,52,3482,3534
WBGene00050904,6,231,237
WBGene00050906,0,6,6
WBGene00050907,0,0,0
WBGene00050910,5,2,7
WBGene00050911,0,4,4
WBGene00050913,0,0,0
WBGene00050914,2,3,5
WBGene00050915,11,58,69
WBGene00050916,5,43,48
WBGene00050917,24,156,180
WBGene00050919,3,4,7
WBGene00050929,0,0,0
WBGene00050931,2,6,8
WBGene00050934,2,5,7
WBGene00050936,0,0,0
WBGene00050937,10,119,129
WBGene00050939,0,66,66
WBGene00050940,0,6,6
WBGene00050941,3,492,495
WBGene00050943,9,70,79
WBGene00050944,124,1135,1259
WBGene00050947,8,304,312
WBGene00050955,0,0,0
WBGene00050956,4,0,4
WBGene00050957,4,53,57
WBGene00050959,0,0,0
WBGene00050965,0,0,0
WBGene00050967,5,81,86
WBGene00050968,0,0,0
WBGene00050974,0,13,13
WBGene00050975,8,6,14
WBGene00077439,19,682,701
WBGene00077445,0,0,0
WBGene00077450,5,6,11
WBGene00077453,21,732,753
WBGene00077455,12,17,29
WBGene00077464,0,1,1
WBGene00077489,2,7,9
WBGene00077490,56,795,851
WBGene00077491,2,48,50
WBGene00077492,0,0,0
WBGene00077493,6,4,10
WBGene00077495,0,1,1
WBGene00077497,4,10,14
WBGene00077500,14,235,249
WBGene00077503,0,0,0
WBGene00077508,32,25,57
WBGene00077514,4,4,8
WBGene00077519,0,4,4
WBGene00077520,58,358,416
WBGene00077521,3,212,215
WBGene00077522,0,24,24
WBGene00077523,1,7,8
WBGene00077525,375,63,438
WBGene00077526,0,5998,5998
WBGene00077531,4,19,23
WBGene00077536,13,125,138
WBGene00077538,3,7,10
WBGene00077539,460,230,690
WBGene00077543,5,23,28
WBGene00077546,4,6,10
WBGene00077548,63,126,189
WBGene00077553,38,34,72
WBGene00077557,9,18,27
WBGene00077558,22,42,64
WBGene00077559,16,77,93
WBGene00077562,8,2,10
WBGene00077563,14,34,48
WBGene00077565,2,8,10
WBGene00077569,5,18,23
WBGene00077573,14,198,212
WBGene00077576,1,1,2
WBGene00077577,6,262,268
WBGene00077582,0,5,5
WBGene00077583,0,0,0
WBGene00077585,19,63,82
WBGene00077588,0,40,40
WBGene00077592,1,1,2
WBGene00077593,19,58,77
WBGene00077599,13,81,94
WBGene00077607,6,4,10
WBGene00077616,4,7,11
WBGene00077622,1,2,3
WBGene00077624,1,1,2
WBGene00077640,1,6,7
WBGene00077643,32,362,394
WBGene00077655,0,2,2
WBGene00077658,55,336,391
WBGene00077663,0,2,2
WBGene00077669,109,229,338
WBGene00077673,0,3,3
WBGene00077674,0,3,3
WBGene00077679,10,29,39
WBGene00077680,0,11,11
WBGene00077681,23,89,112
WBGene00077682,3,7,10
WBGene00077684,1,10,11
WBGene00077685,0,0,0
WBGene00077688,4,6,10
WBGene00077690,10,95,105
WBGene00077691,0,4,4
WBGene00077692,25,115,140
WBGene00077693,261,6853,7114
WBGene00077696,29,42,71
WBGene00077697,102,146,248
WBGene00077698,47,198,245
WBGene00077699,2,35,37
WBGene00077701,19,446,465
WBGene00077703,6,0,6
WBGene00077704,53,638,691
WBGene00077712,34,403,437
WBGene00077714,8,19,27
WBGene00077728,0,1990,1990
WBGene00077732,14,235,249
WBGene00077751,21,7,28
WBGene00077752,15,89,104
WBGene00077756,1,38,39
WBGene00077757,4,32,36
WBGene00077758,4,14,18
WBGene00077759,6,4,10
WBGene00077761,75,1119,1194
WBGene00077762,2,19,21
WBGene00077763,22,52,74
WBGene00077764,0,1402,1402
WBGene00077766,0,8,8
WBGene00077768,4,20,24
WBGene00077769,5,94,99
WBGene00077770,10,84,94
WBGene00077771,947,13482,14429
WBGene00077773,0,212,212
WBGene00077775,92,410,502
WBGene00077782,10,2,12
WBGene00077783,83,851,934
WBGene00077786,56,131,187
WBGene00077788,180,218,398
WBGene00086546,45,330,375
WBGene00086551,9,291,300
WBGene00086552,0,0,0
WBGene00086553,211,1534,1745
WBGene00086554,0,6,6
WBGene00086555,5,0,5
WBGene00086556,2,5,7
WBGene00086557,61,362,423
WBGene00086558,23,226,249
WBGene00086559,6,77,83
WBGene00086560,8,35,43
WBGene00086561,0,0,0
WBGene00086562,3,5,8
WBGene00086563,0,0,0
WBGene00086564,1,1,2
WBGene00086565,1,1,2
WBGene00086566,75,829,904
WBGene00086567,0,4,4
WBGene00086568,5,29,34
WBGene00086569,118,810,928
WBGene00119201,4,0,4
WBGene00119203,16,257,273
WBGene00119204,4,37,41
WBGene00138711,3,25,28
WBGene00138714,0,4,4
WBGene00138715,0,1,1
WBGene00138716,0,5,5
WBGene00138717,324,1353,1677
WBGene00138718,67,112,179
WBGene00138719,0,3,3
WBGene00138720,22,161,183
WBGene00138721,11,19,30
WBGene00138724,0,165,165
WBGene00138725,15,29,44
WBGene00164968,12,102,114
WBGene00164969,0,0,0
WBGene00164971,2,0,2
WBGene00164972,2,0,2
WBGene00164973,3,42,45
WBGene00164974,1,1,2
WBGene00164985,19,156,175
WBGene00164986,9,13,22
WBGene00175027,207,177,384
WBGene00175028,14,1,15
WBGene00175030,8,469,477
WBGene00175031,6,27,33
WBGene00175034,17,168,185
WBGene00175035,53,345,398
WBGene00184956,1,2,3
WBGene00184990,16,188,204
WBGene00185001,93,554,647
WBGene00185002,99,263,362
WBGene00185005,29,753,782
WBGene00185006,10,6,16
WBGene00185014,50,1259,1309
WBGene00185048,61,734,795
WBGene00185055,3,3,6
WBGene00185067,80,3379,3459
WBGene00185075,0,131,131
WBGene00185077,1,12,13
WBGene00185078,433,101,534
WBGene00185079,76,709,785
WBGene00185086,5,108,113
WBGene00185088,5,238,243
WBGene00185089,12,40,52
WBGene00185092,12,58,70
WBGene00185095,0,15,15
WBGene00185096,0,0,0
WBGene00185097,2,3,5
WBGene00185098,71,309,380
WBGene00185100,1,2,3
WBGene00185101,10,1,11
WBGene00185102,19,315,334
WBGene00185116,1,2,3
WBGene00185117,18,57,75
WBGene00185118,659,1412,2071
WBGene00189930,1,0,1
WBGene00189931,0,0,0
WBGene00189932,1,5,6
WBGene00189933,16,24,40
WBGene00189937,0,3,3
WBGene00189943,0,0,0
WBGene00189947,2,1,3
WBGene00189948,35,39,74
WBGene00189949,9,16,25
WBGene00189950,21,21,42
WBGene00189952,12,49,61
WBGene00189953,1,0,1
WBGene00189954,1,0,1
WBGene00189955,0,0,0
WBGene00189956,16,10,26
WBGene00189957,8,17,25
WBGene00189961,6,14,20
WBGene00189987,12,18,30
WBGene00189993,0,1,1
WBGene00189995,1,0,1
WBGene00194641,1127,6725,7852
WBGene00194642,58,245,303
WBGene00194643,21,38,59
WBGene00194645,1,4,5
WBGene00194646,0,14,14
WBGene00194647,1,1,2
WBGene00194649,7,24,31
WBGene00194651,130,1005,1135
WBGene00194653,4,4,8
WBGene00194654,23,13,36
WBGene00194656,1,1,2
WBGene00194658,323,5326,5649
WBGene00194660,0,45,45
WBGene00194661,2,6,8
WBGene00194663,1,13,14
WBGene00194664,10,466,476
WBGene00194670,0,5,5
WBGene00194672,0,8,8
WBGene00194674,2,45,47
WBGene00194677,102,215,317
WBGene00194679,16,396,412
WBGene00194680,20,99,119
WBGene00194682,27,54,81
WBGene00194684,2,17,19
WBGene00194687,19,36,55
WBGene00194689,29,350,379
WBGene00194691,3,5,8
WBGene00194692,104,1101,1205
WBGene00194695,1,6,7
WBGene00194696,1,2,3
WBGene00194697,13,62,75
WBGene00194698,0,11,11
WBGene00194699,0,9,9
WBGene00194700,7,12,19
WBGene00194701,7,2,9
WBGene00194702,33,12,45
WBGene00194703,0,5,5
WBGene00194704,2,0,2
WBGene00194706,15,183,198
WBGene00194707,36,1296,1332
WBGene00194708,2,23,25
WBGene00194710,107,523,630
WBGene00194711,3,11,14
WBGene00194712,12,25,37
WBGene00194713,0,117,117
WBGene00194714,1,0,1
WBGene00194715,1,1,2
WBGene00194717,5,4,9
WBGene00194725,1,36,37
WBGene00194726,10,37,47
WBGene00194727,6,6,12
WBGene00194729,7,66,73
WBGene00194730,5,2,7
WBGene00194731,37,105,142
WBGene00194733,0,0,0
WBGene00194734,2,3,5
WBGene00194735,10,2,12
WBGene00194737,27,33,60
WBGene00194738,1,3,4
WBGene00194742,9,94,103
WBGene00194744,0,3,3
WBGene00194746,0,2,2
WBGene00194747,124,1040,1164
WBGene00194780,0,3,3
WBGene00194783,0,2,2
WBGene00194784,11,23,34
WBGene00194785,1,0,1
WBGene00194787,0,0,0
WBGene00194788,5,4,9
WBGene00194793,4,16,20
WBGene00194795,0,17,17
WBGene00194799,0,1,1
WBGene00194801,1,3,4
WBGene00194803,10,149,159
WBGene00194813,0,28,28
WBGene00194815,18,33,51
WBGene00194816,1,9,10
WBGene00194821,1,3,4
WBGene00194832,26,23,49
WBGene00194833,1,0,1
WBGene00194835,4,71,75
WBGene00194839,0,2,2
WBGene00194848,39,60,99
WBGene00194849,68,158,226
WBGene00194850,0,7,7
WBGene00194852,11,92,103
WBGene00194855,45,171,216
WBGene00194861,6,30,36
WBGene00194864,2,2,4
WBGene00194866,63,105,168
WBGene00194867,2,1,3
WBGene00194868,54,2,56
WBGene00194869,0,80,80
WBGene00194870,8,2,10
WBGene00194871,11,0,11
WBGene00194883,24,563,587
WBGene00194886,0,33,33
WBGene00194888,3,13,16
WBGene00194890,176,0,176
WBGene00194892,34,222,256
WBGene00194894,1,0,1
WBGene00194895,6,15,21
WBGene00194896,23,6,29
WBGene00194898,0,0,0
WBGene00194902,8,12,20
WBGene00194905,64,500,564
WBGene00194906,8,10,18
WBGene00194907,1,7,8
WBGene00194908,170,484,654
WBGene00194909,65,292,357
WBGene00194910,50,84,134
WBGene00194912,2,3,5
WBGene00194913,270,318,588
WBGene00194914,0,1,1
WBGene00194915,22,157,179
WBGene00194916,3,0,3
WBGene00194917,6,5,11
WBGene00194918,1,8,9
WBGene00194919,7,12,19
WBGene00194920,5,10,15
WBGene00194921,211,788,999
WBGene00194922,0,1,1
WBGene00194924,0,0,0
WBGene00194925,15,26,41
WBGene00194926,37,306,343
WBGene00194927,0,0,0
WBGene00194928,24,57,81
WBGene00194929,0,4,4
WBGene00194930,0,1,1
WBGene00194931,0,1,1
WBGene00194933,0,4,4
WBGene00194934,13,206,219
WBGene00194935,3,1,4
WBGene00194940,1,9,10
WBGene00194951,0,0,0
WBGene00194952,0,4,4
WBGene00194955,28,130,158
WBGene00194956,0,51,51
WBGene00194957,1,0,1
WBGene00194981,8,7,15
WBGene00194982,34,330,364
WBGene00194983,0,2,2
WBGene00194985,1,0,1
WBGene00194986,0,0,0
WBGene00194998,63,242,305
WBGene00195003,1,3,4
WBGene00195004,10,6,16
WBGene00195006,3,3,6
WBGene00195009,1,2,3
WBGene00195010,6,14,20
WBGene00195011,100,301,401
WBGene00195012,13,7,20
WBGene00195045,3,13,16
WBGene00195046,13,7,20
WBGene00195048,0,0,0
WBGene00195049,16,15,31
WBGene00195050,70,904,974
WBGene00195051,0,0,0
WBGene00195056,3,9,12
WBGene00195057,0,5,5
WBGene00195058,4,1,5
WBGene00195061,3,0,3
WBGene00195063,63,782,845
WBGene00195067,185,835,1020
WBGene00195068,19,0,19
WBGene00195069,2,17,19
WBGene00195070,37,29,66
WBGene00195071,6,11,17
WBGene00195072,2,6,8
WBGene00195073,1274,3753,5027
WBGene00195077,0,6,6
WBGene00195081,1,11,12
WBGene00195084,30,256,286
WBGene00195086,26,337,363
WBGene00195093,85,1633,1718
WBGene00195142,0,453,453
WBGene00195143,263,200,463
WBGene00195144,4,1,5
WBGene00195145,16,26,42
WBGene00195146,216,311,527
WBGene00195147,15,17,32
WBGene00195148,8,13,21
WBGene00195149,2,12,14
WBGene00195150,0,9,9
WBGene00195154,4,21,25
WBGene00195155,1,4,5
WBGene00195157,13,20,33
WBGene00195158,0,0,0
WBGene00195160,0,0,0
WBGene00195164,0,1,1
WBGene00195165,4,1,5
WBGene00195166,26,1167,1193
WBGene00195168,0,0,0
WBGene00195169,33,88,121
WBGene00195171,6,0,6
WBGene00195174,9,3,12
WBGene00195176,6,77,83
WBGene00195177,1,4,5
WBGene00195178,1,6,7
WBGene00195179,12,17,29
WBGene00195180,8,78,86
WBGene00195181,0,0,0
WBGene00195182,9,11,20
WBGene00195183,8,26,34
WBGene00195184,4,89,93
WBGene00195185,93,1275,1368
WBGene00195188,0,4,4
WBGene00195189,8,23,31
WBGene00195208,9,13,22
WBGene00195209,0,172,172
WBGene00195210,3,6,9
WBGene00195211,0,0,0
WBGene00195212,31,66,97
WBGene00195213,0,8,8
WBGene00195214,6,60,66
WBGene00195215,2,1,3
WBGene00195226,1,11,12
WBGene00195227,2,1,3
WBGene00195228,0,0,0
WBGene00195229,0,0,0
WBGene00195230,0,0,0
WBGene00195231,0,0,0
WBGene00195232,49,46,95
WBGene00195239,34,341,375
WBGene00195240,0,21,21
WBGene00195241,5,12,17
WBGene00195242,0,1,1
WBGene00195243,5,17,22
WBGene00195244,3,1,4
WBGene00195246,21,55,76
WBGene00195248,17,19,36
WBGene00195249,2,8,10
WBGene00195250,1,7,8
WBGene00195256,6,3,9
WBGene00202495,1,0,1
WBGene00202496,3,23,26
WBGene00202497,4,3,7
WBGene00202498,3,11,14
WBGene00202499,2,5,7
WBGene00202500,10,0,10
WBGene00202501,1,11,12
WBGene00202502,1,5,6
WBGene00202504,0,0,0
WBGene00202511,2,37,39
WBGene00202512,27,45,72
WBGene00202513,3,62,65
WBGene00202514,6,18,24
WBGene00206354,7,74,81
WBGene00206355,2,29,31
WBGene00206356,30,782,812
WBGene00206357,9,34,43
WBGene00206358,0,0,0
WBGene00206359,2,4,6
WBGene00206360,2,1,3
WBGene00206361,6,29,35
WBGene00206362,52,490,542
WBGene00206363,0,0,0
WBGene00206364,12,18,30
WBGene00206365,1,30,31
WBGene00206366,4,46,50
WBGene00206368,1,0,1
WBGene00206370,16,26,42
WBGene00206371,17,261,278
WBGene00206372,4,8,12
WBGene00206373,13,181,194
WBGene00206374,58,338,396
WBGene00206377,2,35,37
WBGene00206378,25,34,59
WBGene00206379,0,0,0
WBGene00206380,129,1709,1838
WBGene00206381,2,9,11
WBGene00206382,32,97,129
WBGene00206383,0,0,0
WBGene00206384,4,9,13
WBGene00206385,0,0,0
WBGene00206386,3,9,12
WBGene00206388,2,0,2
WBGene00206389,0,4,4
WBGene00206390,12,7,19
WBGene00206392,19,40,59
WBGene00206393,1,0,1
WBGene00206395,0,2,2
WBGene00206412,0,19,19
WBGene00206413,2,4,6
WBGene00206414,5,9,14
WBGene00206415,14,9,23
WBGene00206416,8,69,77
WBGene00206417,10,217,227
WBGene00206418,12,121,133
WBGene00206421,0,0,0
WBGene00206422,0,116,116
WBGene00206460,51,456,507
WBGene00206461,6,44,50
WBGene00206462,0,25,25
WBGene00206464,0,207,207
WBGene00206466,2,70,72
WBGene00206468,0,0,0
WBGene00206469,68,90,158
WBGene00206471,5,7,12
WBGene00206473,6,21,27
WBGene00206474,5,20,25
WBGene00206475,2,6,8
WBGene00206477,0,0,0
WBGene00206478,2,11,13
WBGene00206479,11,185,196
WBGene00206481,3,0,3
WBGene00206482,1,11,12
WBGene00206483,2,3,5
WBGene00206484,11,47,58
WBGene00206485,0,1,1
WBGene00206486,9,26,35
WBGene00206487,29,673,702
WBGene00206488,216,65,281
WBGene00206490,0,1,1
WBGene00206492,0,0,0
WBGene00206493,6,2,8
WBGene00206495,1,0,1
WBGene00206496,2,0,2
WBGene00206497,8,2,10
WBGene00206498,1,2,3
WBGene00206499,0,0,0
WBGene00206500,0,31,31
WBGene00206501,0,0,0
WBGene00206502,3,2,5
WBGene00206503,0,1,1
WBGene00206504,0,0,0
WBGene00206505,12,126,138
WBGene00206506,1,0,1
WBGene00206507,0,1,1
WBGene00206508,1,0,1
WBGene00206510,3,4,7
WBGene00206511,15,7,22
WBGene00206512,0,17,17
WBGene00206513,1,2,3
WBGene00206514,1,3,4
WBGene00206515,2,10,12
WBGene00206516,1218,5,1223
WBGene00206517,5,124,129
WBGene00206518,0,2,2
WBGene00206519,0,3,3
WBGene00206520,1,5,6
WBGene00206521,6,134,140
WBGene00206522,207,11277,11484
WBGene00206523,0,1,1
WBGene00206524,6,27,33
WBGene00206525,83,764,847
WBGene00206527,3,12,15
WBGene00206528,16,192,208
WBGene00206529,57,233,290
WBGene00206530,51,44,95
WBGene00206532,771,595,1366
WBGene00206533,64,90,154
WBGene00206534,0,0,0
WBGene00206535,6,4,10
WBGene00206537,4,8,12
WBGene00206538,20,170,190
WBGene00219205,1,13,14
WBGene00219206,4,299,303
WBGene00219207,0,942,942
WBGene00219208,5,11,16
WBGene00219209,28,73,101
WBGene00219210,6,113,119
WBGene00219212,0,0,0
WBGene00219214,1,2,3
WBGene00219216,39,41,80
WBGene00219217,0,1,1
WBGene00219218,1,23,24
WBGene00219234,3,4,7
WBGene00219235,0,3,3
WBGene00219236,4,29,33
WBGene00219238,3,0,3
WBGene00219239,0,0,0
WBGene00219241,5,29,34
WBGene00219243,53,79,132
WBGene00219244,0,1,1
WBGene00219271,0,2,2
WBGene00219272,6,8,14
WBGene00219274,70,74,144
WBGene00219275,105,1109,1214
WBGene00219278,1,3,4
WBGene00219280,2,10,12
WBGene00219281,228,1490,1718
WBGene00219282,1,15,16
WBGene00219283,1230,603,1833
WBGene00219284,1,6522,6523
WBGene00219285,6,4,10
WBGene00219286,12,832,844
WBGene00219287,38,407,445
WBGene00219288,69,336,405
WBGene00219289,1652,501,2153
WBGene00219290,0,1,1
WBGene00219291,1,1,2
WBGene00219293,3,4,7
WBGene00219294,2,3,5
WBGene00219295,84,60,144
WBGene00219296,126,183,309
WBGene00219297,3,11,14
WBGene00219298,12,117,129
WBGene00219299,6,13,19
WBGene00219300,22,59,81
WBGene00219301,0,0,0
WBGene00219302,0,1,1
WBGene00219308,2,12,14
WBGene00219309,3,37,40
WBGene00219310,0,3,3
WBGene00219313,75,2104,2179
WBGene00219314,0,0,0
WBGene00219315,0,2,2
WBGene00219316,33,216,249
WBGene00219317,10,60,70
WBGene00219318,0,0,0
WBGene00219319,20,28,48
WBGene00219321,0,2,2
WBGene00219322,1,0,1
WBGene00219324,0,3,3
WBGene00219325,13,4,17
WBGene00219326,2,0,2
WBGene00219327,0,4,4
WBGene00219329,1545,1621,3166
WBGene00219330,2,0,2
WBGene00219332,16,1,17
WBGene00219337,103,70,173
WBGene00219342,0,1,1
WBGene00219351,8,4,12
WBGene00219362,125,223,348
WBGene00219368,1,48,49
WBGene00219369,0,0,0
WBGene00219370,2,0,2
WBGene00219371,2,17,19
WBGene00219372,20,240,260
WBGene00219373,7,305,312
WBGene00219374,1,9,10
WBGene00219375,54,256,310
WBGene00219376,3,42,45
WBGene00219378,0,4,4
WBGene00219381,0,0,0
WBGene00219383,2,10,12
WBGene00219394,45,436,481
WBGene00219395,9,10,19
WBGene00219399,28,63,91
WBGene00219410,4,1,5
WBGene00219411,7,18,25
WBGene00219412,0,2,2
WBGene00219413,3,28,31
WBGene00219414,1,8,9
WBGene00219418,0,0,0
WBGene00219420,0,140,140
WBGene00219421,14,35,49
WBGene00219422,30,45,75
WBGene00219423,21,83,104
WBGene00219424,5,24,29
WBGene00219425,147,240,387
WBGene00219434,3,3,6
WBGene00219436,19,19,38
WBGene00219437,3,0,3
WBGene00219443,0,2,2
WBGene00219445,0,0,0
WBGene00219446,0,0,0
WBGene00219447,0,0,0
WBGene00219449,1,5,6
WBGene00219450,11,78,89
WBGene00219451,4,65,69
WBGene00219452,3,5,8
WBGene00219454,0,0,0
WBGene00219455,0,6,6
WBGene00219456,0,0,0
WBGene00219458,0,1,1
WBGene00219460,24,15,39
WBGene00219476,6,23,29
WBGene00219478,0,2,2
WBGene00219489,0,5,5
WBGene00219491,0,3,3
WBGene00219493,1,18,19
WBGene00219498,2,6,8
WBGene00219544,1,3,4
WBGene00219547,0,2,2
WBGene00219750,6,2,8
WBGene00219796,0,208,208
WBGene00220249,0,1,1
WBGene00220250,25,3,28
WBGene00220253,0,8,8
WBGene00220254,1,3,4
WBGene00220257,3,34,37
WBGene00220258,0,29,29
WBGene00220259,4,33,37
WBGene00220261,2,5,7
WBGene00235081,0,0,0
WBGene00235092,7,9,16
WBGene00235093,2,19,21
WBGene00235094,0,0,0
WBGene00235095,2,5,7
WBGene00235102,19,2532,2551
WBGene00235110,3,3,6
WBGene00235112,0,0,0
WBGene00235113,0,12,12
WBGene00235114,12,239,251
WBGene00235115,1,1,2
WBGene00235116,19,24,43
WBGene00235117,1,3,4
WBGene00235118,0,0,0
WBGene00235120,0,0,0
WBGene00235129,8,61,69
WBGene00235132,24,19,43
WBGene00235133,16,137,153
WBGene00235134,3,0,3
WBGene00235158,31,269,300
WBGene00235164,46,778,824
WBGene00235165,0,0,0
WBGene00235254,0,1,1
WBGene00235256,0,30,30
WBGene00235257,2,21,23
WBGene00235258,0,0,0
WBGene00235260,146,1,147
WBGene00235261,0,4,4
WBGene00235262,0,0,0
WBGene00235263,43,17,60
WBGene00235264,1,1,2
WBGene00235267,1,6,7
WBGene00235268,8,0,8
WBGene00235269,67,853,920
WBGene00235271,1,33,34
WBGene00235273,213,477,690
WBGene00235274,21,316,337
WBGene00235275,27,23,50
WBGene00235277,306,304,610
WBGene00235279,77,40,117
WBGene00235280,1,14,15
WBGene00235282,1,0,1
WBGene00235283,5,35,40
WBGene00235284,0,9,9
WBGene00235285,0,0,0
WBGene00235288,0,0,0
WBGene00235289,0,5,5
WBGene00235290,0,0,0
WBGene00235291,137,982,1119
WBGene00235293,0,0,0
WBGene00235294,1,5,6
WBGene00235295,1,3,4
WBGene00235296,0,37,37
WBGene00235297,0,0,0
WBGene00235298,0,9,9
WBGene00235300,0,33,33
WBGene00235301,0,14,14
WBGene00235302,0,0,0
WBGene00235303,0,31,31
WBGene00235304,0,7,7
WBGene00235305,0,3,3
WBGene00235308,10,20,30
WBGene00235309,9,103,112
WBGene00235310,63,168,231
WBGene00235311,0,0,0
WBGene00235312,3,52,55
WBGene00235313,6,17,23
WBGene00235315,56,557,613
WBGene00235316,12,72,84
WBGene00235317,0,0,0
WBGene00235320,5,17,22
WBGene00235321,18,3,21
WBGene00235322,0,0,0
WBGene00235324,7,24,31
WBGene00235325,28,176,204
WBGene00235326,0,0,0
WBGene00235327,0,0,0
WBGene00235328,0,28,28
WBGene00235329,2,2,4
WBGene00235330,61,506,567
WBGene00235332,0,3,3
WBGene00235333,0,7,7
WBGene00235335,0,29,29
WBGene00235336,0,3,3
WBGene00235339,0,0,0
WBGene00235340,0,5,5
WBGene00235342,0,0,0
WBGene00235343,0,0,0
WBGene00235350,159,3,162
WBGene00235351,0,9,9
WBGene00235352,8,85,93
WBGene00235354,1,3,4
WBGene00235358,0,1,1
WBGene00235359,0,1,1
WBGene00235361,0,0,0
WBGene00235363,0,1,1
WBGene00235364,0,0,0
WBGene00235365,0,17,17
WBGene00235367,0,3,3
WBGene00235368,0,8,8
WBGene00235369,3,1,4
WBGene00235371,0,0,0
WBGene00235374,1,1,2
WBGene00235380,0,36,36
WBGene00235383,1,1,2
WBGene00235388,2,2,4
WBGene00235390,1,2,3
WBGene00235391,0,4,4
WBGene00236786,12,125,137
WBGene00236789,9,27,36
WBGene00236806,51,0,51
WBGene00236808,3,2,5
WBGene00236809,7,88,95
WBGene00249815,634,603,1237
WBGene00249817,32,453,485
WBGene00255375,0,0,0
WBGene00255420,15,1,16
WBGene00255457,316,95,411
WBGene00255469,8,20,28
WBGene00255522,0,0,0
WBGene00255545,0,0,0
WBGene00255546,0,0,0
WBGene00255550,0,0,0
WBGene00255553,0,0,0
WBGene00255594,4,65,69
WBGene00255595,0,106,106
WBGene00255597,1,7,8
WBGene00255598,34,170,204
WBGene00255600,4,33,37
WBGene00255605,2,56,58
WBGene00255607,0,9,9
WBGene00255611,0,2,2
WBGene00255702,12,107,119
WBGene00255704,0,180,180
WBGene00255714,7,179,186
WBGene00255729,1,2,3
WBGene00255731,6,27,33
WBGene00255732,1,0,1
WBGene00255733,5,25,30
WBGene00268194,6,3,9
WBGene00268196,59,94,153
WBGene00268197,0,2,2
WBGene00268198,0,0,0
WBGene00268199,0,0,0
WBGene00268206,1,21,22
WBGene00268213,5,68,73
WBGene00268215,1,5,6
WBGene00268216,9,0,9
WBGene00269332,0,0,0
WBGene00269352,0,0,0
WBGene00269355,49,726,775
WBGene00269373,3,75,78
WBGene00269374,0,19,19
WBGene00269375,6,70,76
WBGene00269378,85,302,387
WBGene00269379,1,7,8
WBGene00269381,0,0,0
WBGene00269382,61,706,767
WBGene00269385,0,1,1
WBGene00269387,1,26,27
WBGene00269388,0,2,2
WBGene00269389,0,9,9
WBGene00269391,100,176,276
WBGene00269392,1,4,5
WBGene00269394,3,2,5
WBGene00269421,2281,10547,12828
WBGene00269422,0,1,1
WBGene00269424,9,18,27
WBGene00269425,9,5,14
WBGene00269429,0,75,75
WBGene00269431,0,23,23
WBGene00269432,25,162,187
WBGene00269433,8,329,337
WBGene00269434,0,92,92
WBGene00269435,1,2,3
WBGene00269437,2,28,30
WBGene00269438,5,5,10
WBGene00270290,1,3,4
WBGene00270293,0,2,2
WBGene00270303,0,12,12
WBGene00270309,14,38,52
WBGene00270318,39,91,130
WBGene00270319,61,991,1052
WBGene00270320,0,2,2
WBGene00270321,14,36,50
WBGene00270322,36,984,1020
WBGene00271414,38,725,763
WBGene00271415,12,22,34
WBGene00271437,17,32,49
WBGene00271444,2,6,8
WBGene00271567,1,31,32
WBGene00271577,0,6,6
WBGene00271605,29,87,116
WBGene00271606,148,1784,1932
WBGene00271657,2,16,18
WBGene00271694,19,160,179
WBGene00271701,8,18,26
WBGene00271703,1,6,7
WBGene00271706,18,422,440
WBGene00271707,0,2,2
WBGene00271715,3,1,4
