gene_id,total_unsp,total_sp,total
WBGene00000001.,15,828,843
WBGene00000002.,33,426,459
WBGene00000003.,4,193,197
WBGene00000004.,141,1051,1192
WBGene00000005.,6,6,12
WBGene00000006.,280,2206,2486
WBGene00000007.,4,23,27
WBGene00000008.,6,5,11
WBGene00000009.,10,12,22
WBGene00000010.,37,366,403
WBGene00000012.,14,35,49
WBGene00000013.,0,548,548
WBGene00000014.,0,4,4
WBGene00000015.,0,69,69
WBGene00000016.,15,983,998
WBGene00000017.,7,2518,2525
WBGene00000018.,268,605,873
WBGene00000019.,16,6,22
WBGene00000020.,188,602,790
WBGene00000021.,11,1,12
WBGene00000022.,17,149,166
WBGene00000023.,13,15,28
WBGene00000024.,0,2,2
WBGene00000025.,0,4,4
WBGene00000026.,0,1,1
WBGene00000027.,0,2,2
WBGene00000028.,0,0,0
WBGene00000029.,0,0,0
WBGene00000030.,0,7,7
WBGene00000031.,0,21,21
WBGene00000032.,0,0,0
WBGene00000033.,2,3,5
WBGene00000034.,4,59,63
WBGene00000035.,275,523,798
WBGene00000036.,152,749,901
WBGene00000037.,36,743,779
WBGene00000038.,58,62,120
WBGene00000039.,2,10,12
WBGene00000040.,20,942,962
WBGene00000041.,209,3747,3956
WBGene00000042.,59,166,225
WBGene00000043.,22,71,93
WBGene00000044.,33,72,105
WBGene00000045.,4,14,18
WBGene00000046.,127,252,379
WBGene00000047.,39,196,235
WBGene00000048.,8,88,96
WBGene00000049.,11,29,40
WBGene00000050.,8,50,58
WBGene00000051.,24,120,144
WBGene00000053.,10,21,31
WBGene00000054.,30,119,149
WBGene00000055.,8,216,224
WBGene00000056.,45,76,121
WBGene00000057.,49,72,121
WBGene00000058.,155,291,446
WBGene00000059.,36,86,122
WBGene00000060.,52,118,170
WBGene00000061.,14,63,77
WBGene00000062.,149,187,336
WBGene00000063.,9,50474,50483
WBGene00000064.,146,7287,7433
WBGene00000065.,107,18034,18141
WBGene00000066.,1864,234345,236209
WBGene00000067.,15,468,483
WBGene00000068.,1202,1229,2431
WBGene00000069.,51,173,224
WBGene00000070.,170,528,698
WBGene00000071.,42,171,213
WBGene00000072.,91,674,765
WBGene00000073.,91,661,752
WBGene00000074.,165,542,707
WBGene00000075.,24,117,141
WBGene00000079.,237,820,1057
WBGene00000080.,44,1149,1193
WBGene00000081.,85,1303,1388
WBGene00000082.,83,94,177
WBGene00000083.,222,677,899
WBGene00000084.,44,100,144
WBGene00000085.,35,198,233
WBGene00000086.,145,636,781
WBGene00000088.,51,291,342
WBGene00000089.,48,783,831
WBGene00000090.,101,975,1076
WBGene00000092.,320,3130,3450
WBGene00000093.,24,269,293
WBGene00000094.,87,852,939
WBGene00000095.,208,2164,2372
WBGene00000096.,355,1051,1406
WBGene00000097.,113,1680,1793
WBGene00000098.,33,846,879
WBGene00000099.,91,775,866
WBGene00000100.,668,6620,7288
WBGene00000101.,136,2078,2214
WBGene00000102.,513,6528,7041
WBGene00000103.,113,1935,2048
WBGene00000105.,88,2727,2815
WBGene00000106.,70,575,645
WBGene00000107.,781,6683,7464
WBGene00000108.,11,1,12
WBGene00000109.,58,2302,2360
WBGene00000110.,131,2679,2810
WBGene00000111.,70,262,332
WBGene00000112.,133,1495,1628
WBGene00000113.,52,181,233
WBGene00000114.,781,125974,126755
WBGene00000115.,24,641,665
WBGene00000116.,77,393,470
WBGene00000117.,336,520,856
WBGene00000118.,30,20415,20445
WBGene00000120.,5,2222,2227
WBGene00000121.,40,1412,1452
WBGene00000122.,46,3736,3782
WBGene00000123.,191,3363,3554
WBGene00000133.,29,315,344
WBGene00000134.,59,113,172
WBGene00000135.,28,155,183
WBGene00000136.,16,135,151
WBGene00000137.,70,294,364
WBGene00000138.,35,229,264
WBGene00000139.,136,281,417
WBGene00000140.,1218,56216,57434
WBGene00000142.,59,709,768
WBGene00000143.,184,1046,1230
WBGene00000144.,193,1525,1718
WBGene00000145.,12,566,578
WBGene00000146.,427,2396,2823
WBGene00000147.,7,673,680
WBGene00000148.,80,786,866
WBGene00000149.,377,8709,9086
WBGene00000150.,128,947,1075
WBGene00000151.,10,943,953
WBGene00000155.,15,744,759
WBGene00000156.,79,854,933
WBGene00000157.,46,1013,1059
WBGene00000158.,427,1211,1638
WBGene00000159.,32,2625,2657
WBGene00000160.,481,1436,1917
WBGene00000161.,31,1306,1337
WBGene00000162.,456,1550,2006
WBGene00000163.,90,2211,2301
WBGene00000164.,100,642,742
WBGene00000165.,27,781,808
WBGene00000166.,29,217,246
WBGene00000168.,346,144,490
WBGene00000169.,19,263,282
WBGene00000170.,1441,46771,48212
WBGene00000171.,20,8,28
WBGene00000172.,68,177,245
WBGene00000173.,16,100,116
WBGene00000174.,13,98,111
WBGene00000175.,130,1394,1524
WBGene00000176.,5,248,253
WBGene00000177.,84,321,405
WBGene00000178.,162,1840,2002
WBGene00000179.,164,754,918
WBGene00000180.,63,560,623
WBGene00000181.,421,2551,2972
WBGene00000182.,105,4263,4368
WBGene00000183.,203,4645,4848
WBGene00000184.,260,1036,1296
WBGene00000185.,7,6,13
WBGene00000186.,430,2119,2549
WBGene00000187.,5,710,715
WBGene00000188.,0,156,156
WBGene00000189.,17,244,261
WBGene00000190.,17,73,90
WBGene00000191.,15,70,85
WBGene00000192.,18,1906,1924
WBGene00000193.,14,120,134
WBGene00000195.,84,1134,1218
WBGene00000196.,133,1010,1143
WBGene00000197.,32,1728,1760
WBGene00000198.,104,845,949
WBGene00000199.,244,1843,2087
WBGene00000200.,96,1897,1993
WBGene00000201.,639,4155,4794
WBGene00000202.,9,410,419
WBGene00000203.,13,950,963
WBGene00000204.,105,2056,2161
WBGene00000205.,11,857,868
WBGene00000206.,101,1302,1403
WBGene00000207.,948,22364,23312
WBGene00000208.,934,1194,2128
WBGene00000209.,673,6805,7478
WBGene00000210.,3337,28224,31561
WBGene00000211.,100,343,443
WBGene00000212.,48,288,336
WBGene00000213.,16,172,188
WBGene00000214.,0,27701,27701
WBGene00000215.,86,1521,1607
WBGene00000216.,42,9129,9171
WBGene00000217.,2882,29131,32013
WBGene00000218.,155,8150,8305
WBGene00000219.,31,20086,20117
WBGene00000220.,34,305,339
WBGene00000221.,0,1510,1510
WBGene00000222.,105,864,969
WBGene00000223.,663,3307,3970
WBGene00000224.,252,2505,2757
WBGene00000225.,170,1144,1314
WBGene00000226.,203,1831,2034
WBGene00000227.,223,748,971
WBGene00000228.,185,2485,2670
WBGene00000229.,2336,54006,56342
WBGene00000230.,222,25769,25991
WBGene00000231.,183,1425,1608
WBGene00000232.,128,728,856
WBGene00000233.,169,449,618
WBGene00000235.,8,3115,3123
WBGene00000236.,134,936,1070
WBGene00000237.,85,293,378
WBGene00000238.,56,246,302
WBGene00000239.,15,111,126
WBGene00000240.,2069,12240,14309
WBGene00000241.,30,118,148
WBGene00000242.,39,278,317
WBGene00000244.,41,431,472
WBGene00000245.,51,710,761
WBGene00000246.,42,56,98
WBGene00000247.,77,1586,1663
WBGene00000248.,187,1626,1813
WBGene00000249.,53,1849,1902
WBGene00000250.,32,765,797
WBGene00000251.,1,6,7
WBGene00000252.,0,39,39
WBGene00000253.,87,450,537
WBGene00000254.,479,2019,2498
WBGene00000255.,4,8,12
WBGene00000256.,0,11,11
WBGene00000257.,45,1629,1674
WBGene00000259.,128,1200,1328
WBGene00000262.,10,448,458
WBGene00000263.,3355,25681,29036
WBGene00000264.,226,568,794
WBGene00000265.,145,588,733
WBGene00000266.,97,1086,1183
WBGene00000267.,62,262,324
WBGene00000268.,424,907,1331
WBGene00000269.,175,661,836
WBGene00000270.,28,562,590
WBGene00000271.,46,782,828
WBGene00000272.,17,49,66
WBGene00000273.,857,23032,23889
WBGene00000274.,328,840,1168
WBGene00000275.,22,1028,1050
WBGene00000276.,297,7478,7775
WBGene00000277.,2047,19585,21632
WBGene00000279.,20,115,135
WBGene00000280.,39,211,250
WBGene00000281.,44,3046,3090
WBGene00000282.,296,2530,2826
WBGene00000283.,92,1018,1110
WBGene00000284.,25,631,656
WBGene00000285.,317,4616,4933
WBGene00000286.,1385,12444,13829
WBGene00000287.,108,373,481
WBGene00000288.,195,1417,1612
WBGene00000289.,263,932,1195
WBGene00000292.,342,4747,5089
WBGene00000293.,387,10481,10868
WBGene00000294.,269,4746,5015
WBGene00000295.,34,171,205
WBGene00000296.,5,25,30
WBGene00000298.,36,1513,1549
WBGene00000301.,20,18788,18808
WBGene00000302.,10,59,69
WBGene00000308.,3,0,3
WBGene00000310.,0,0,0
WBGene00000311.,0,0,0
WBGene00000366.,285,5758,6043
WBGene00000367.,359,1502,1861
WBGene00000368.,241,1974,2215
WBGene00000369.,6,1511,1517
WBGene00000370.,3256,24578,27834
WBGene00000371.,4111,44516,48627
WBGene00000372.,17,212,229
WBGene00000373.,52,176,228
WBGene00000374.,473,865,1338
WBGene00000375.,40,310,350
WBGene00000376.,447,1282,1729
WBGene00000377.,60,7279,7339
WBGene00000378.,40,7330,7370
WBGene00000379.,1094,12404,13498
WBGene00000380.,996,17582,18578
WBGene00000381.,49,4308,4357
WBGene00000382.,33,574,607
WBGene00000383.,145,4675,4820
WBGene00000386.,20,217,237
WBGene00000387.,269,223,492
WBGene00000388.,2,1,3
WBGene00000389.,1,0,1
WBGene00000390.,119,3290,3409
WBGene00000391.,283,1622,1905
WBGene00000392.,0,49,49
WBGene00000393.,133,740,873
WBGene00000395.,72,350,422
WBGene00000396.,69,1993,2062
WBGene00000397.,4,21,25
WBGene00000399.,4,6,10
WBGene00000401.,27,35,62
WBGene00000402.,105,7,112
WBGene00000403.,583,6207,6790
WBGene00000405.,81,2561,2642
WBGene00000406.,34,289,323
WBGene00000407.,187,806,993
WBGene00000408.,360,1332,1692
WBGene00000409.,156,1193,1349
WBGene00000410.,288,1201,1489
WBGene00000411.,29,1736,1765
WBGene00000412.,9,28,37
WBGene00000413.,46,464,510
WBGene00000414.,257,5742,5999
WBGene00000415.,2101,3087,5188
WBGene00000416.,71,1655,1726
WBGene00000417.,59,159,218
WBGene00000418.,15,344,359
WBGene00000419.,323,1373,1696
WBGene00000420.,58,776,834
WBGene00000421.,296,2563,2859
WBGene00000422.,13,56,69
WBGene00000423.,47,670,717
WBGene00000424.,100,942,1042
WBGene00000425.,7,111,118
WBGene00000426.,363,1423,1786
WBGene00000427.,0,6,6
WBGene00000428.,3,110,113
WBGene00000429.,66,189,255
WBGene00000430.,2,50,52
WBGene00000431.,26,265,291
WBGene00000432.,31,25,56
WBGene00000433.,157,697,854
WBGene00000434.,8,34,42
WBGene00000435.,12,122,134
WBGene00000436.,12,93,105
WBGene00000437.,156,1397,1553
WBGene00000438.,30,80,110
WBGene00000439.,73,375,448
WBGene00000440.,1,27,28
WBGene00000441.,265,519,784
WBGene00000442.,24,245,269
WBGene00000443.,137,2424,2561
WBGene00000444.,13,231,244
WBGene00000445.,25,124,149
WBGene00000446.,7,119,126
WBGene00000447.,22,88,110
WBGene00000448.,127,975,1102
WBGene00000449.,170,590,760
WBGene00000450.,5,10,15
WBGene00000451.,8,57,65
WBGene00000452.,5,294,299
WBGene00000453.,31,350,381
WBGene00000454.,45,481,526
WBGene00000455.,161,1602,1763
WBGene00000457.,20,85,105
WBGene00000458.,59,376,435
WBGene00000459.,118,1487,1605
WBGene00000460.,10,206,216
WBGene00000461.,12,22,34
WBGene00000462.,4,143,147
WBGene00000463.,74,394,468
WBGene00000464.,0,43,43
WBGene00000465.,31,1170,1201
WBGene00000466.,324,2089,2413
WBGene00000467.,81,716,797
WBGene00000468.,6,5,11
WBGene00000469.,14,36,50
WBGene00000472.,76,21324,21400
WBGene00000473.,1,747,748
WBGene00000474.,6,783,789
WBGene00000475.,61,10893,10954
WBGene00000476.,116,338,454
WBGene00000477.,12,50,62
WBGene00000478.,37,200,237
WBGene00000479.,24,1735,1759
WBGene00000480.,210,1317,1527
WBGene00000481.,40,288,328
WBGene00000482.,161,2890,3051
WBGene00000483.,22,11,33
WBGene00000484.,57,116,173
WBGene00000485.,128,880,1008
WBGene00000487.,75,17,92
WBGene00000488.,97,187,284
WBGene00000490.,56,357,413
WBGene00000491.,188,480,668
WBGene00000492.,145,344,489
WBGene00000493.,61,177,238
WBGene00000496.,75,169,244
WBGene00000497.,25,72,97
WBGene00000498.,10,770,780
WBGene00000499.,53,74,127
WBGene00000500.,76,1377,1453
WBGene00000501.,68,398,466
WBGene00000502.,34,1174,1208
WBGene00000503.,0,41,41
WBGene00000506.,302,1009,1311
WBGene00000507.,150,662,812
WBGene00000508.,52,1429,1481
WBGene00000509.,287,1989,2276
WBGene00000510.,159,1115,1274
WBGene00000511.,33,185,218
WBGene00000512.,32,246,278
WBGene00000513.,14,229,243
WBGene00000514.,59,243,302
WBGene00000515.,10,275,285
WBGene00000516.,3,3131,3134
WBGene00000517.,93,431,524
WBGene00000518.,804,1212,2016
WBGene00000519.,419,745,1164
WBGene00000520.,135,811,946
WBGene00000521.,4,7,11
WBGene00000522.,99,325,424
WBGene00000523.,48,496,544
WBGene00000524.,31,463,494
WBGene00000525.,17,12,29
WBGene00000526.,31,501,532
WBGene00000527.,286,806,1092
WBGene00000528.,263,361,624
WBGene00000529.,189,229,418
WBGene00000530.,117,208,325
WBGene00000531.,24,50,74
WBGene00000532.,56,999,1055
WBGene00000533.,26,366,392
WBGene00000534.,56,18861,18917
WBGene00000535.,396,8754,9150
WBGene00000536.,58,449,507
WBGene00000537.,22,480,502
WBGene00000539.,1,9,10
WBGene00000540.,105,361,466
WBGene00000541.,113,306,419
WBGene00000542.,680,7032,7712
WBGene00000543.,142,563,705
WBGene00000544.,84,26,110
WBGene00000545.,856,2314,3170
WBGene00000546.,27,39,66
WBGene00000547.,316,1181,1497
WBGene00000548.,131,1874,2005
WBGene00000549.,15,1291,1306
WBGene00000550.,16,1377,1393
WBGene00000551.,0,7,7
WBGene00000552.,772,10615,11387
WBGene00000553.,1070,1129,2199
WBGene00000554.,1112,7906,9018
WBGene00000555.,0,0,0
WBGene00000556.,3,25,28
WBGene00000557.,18,184,202
WBGene00000558.,108,2142,2250
WBGene00000559.,0,12,12
WBGene00000560.,16,290,306
WBGene00000561.,3,39,42
WBGene00000562.,56,127,183
WBGene00000563.,23,10,33
WBGene00000564.,181,796,977
WBGene00000565.,555,340,895
WBGene00000566.,570,1259,1829
WBGene00000567.,219,4323,4542
WBGene00000583.,395,3631,4026
WBGene00000584.,51,390,441
WBGene00000585.,97,1309,1406
WBGene00000591.,199,817,1016
WBGene00000592.,38,564,602
WBGene00000593.,0,20,20
WBGene00000594.,1,3806,3807
WBGene00000596.,0,8,8
WBGene00000597.,6,70,76
WBGene00000598.,2,24,26
WBGene00000599.,12,1017,1029
WBGene00000601.,0,216,216
WBGene00000602.,0,2,2
WBGene00000603.,1,24,25
WBGene00000606.,0,1,1
WBGene00000608.,0,13,13
WBGene00000609.,0,1,1
WBGene00000610.,9,9,18
WBGene00000611.,341,2784,3125
WBGene00000612.,0,1,1
WBGene00000613.,0,18,18
WBGene00000614.,3,25,28
WBGene00000615.,0,18,18
WBGene00000616.,19,20908,20927
WBGene00000617.,0,5,5
WBGene00000618.,0,12,12
WBGene00000620.,0,3,3
WBGene00000621.,0,53,53
WBGene00000622.,7,61,68
WBGene00000623.,10,32,42
WBGene00000624.,20,1,21
WBGene00000625.,10,54,64
WBGene00000626.,0,1,1
WBGene00000627.,1,169,170
WBGene00000628.,0,9,9
WBGene00000629.,31,3,34
WBGene00000630.,68,406,474
WBGene00000631.,2,7,9
WBGene00000632.,1,127,128
WBGene00000633.,5,4,9
WBGene00000634.,1,23,24
WBGene00000636.,7,9,16
WBGene00000637.,1,81,82
WBGene00000638.,0,1,1
WBGene00000639.,3,131,134
WBGene00000640.,15,59,74
WBGene00000641.,11,157,168
WBGene00000642.,4,4,8
WBGene00000644.,3,25,28
WBGene00000645.,46,350,396
WBGene00000646.,0,4,4
WBGene00000647.,7,27,34
WBGene00000648.,22,3,25
WBGene00000649.,4,8,12
WBGene00000650.,0,17,17
WBGene00000651.,0,17,17
WBGene00000652.,12,112,124
WBGene00000653.,1,471,472
WBGene00000654.,8,24,32
WBGene00000655.,0,87,87
WBGene00000656.,24,5229,5253
WBGene00000657.,8,32,40
WBGene00000658.,6,8,14
WBGene00000659.,3,4,7
WBGene00000660.,7,8,15
WBGene00000661.,6,9,15
WBGene00000662.,17,33,50
WBGene00000663.,0,13,13
WBGene00000664.,2,338,340
WBGene00000665.,0,1,1
WBGene00000666.,7,2666,2673
WBGene00000667.,0,196,196
WBGene00000668.,0,175,175
WBGene00000669.,18,4842,4860
WBGene00000670.,0,137,137
WBGene00000671.,0,125,125
WBGene00000672.,1,22,23
WBGene00000673.,32,51115,51147
WBGene00000674.,37,96,133
WBGene00000675.,0,251,251
WBGene00000676.,0,1,1
WBGene00000677.,50,35775,35825
WBGene00000678.,3,44,47
WBGene00000679.,3,26,29
WBGene00000680.,0,9,9
WBGene00000681.,42,45664,45706
WBGene00000682.,0,19,19
WBGene00000683.,16,82,98
WBGene00000684.,16,48,64
WBGene00000685.,6,45,51
WBGene00000687.,5,23,28
WBGene00000688.,2,140,142
WBGene00000689.,24,39,63
WBGene00000690.,0,27,27
WBGene00000691.,0,2432,2432
WBGene00000692.,2082,21516,23598
WBGene00000693.,0,3,3
WBGene00000694.,0,52,52
WBGene00000695.,0,8,8
WBGene00000696.,0,3,3
WBGene00000697.,1,8,9
WBGene00000698.,0,11,11
WBGene00000699.,1,88,89
WBGene00000700.,0,2,2
WBGene00000701.,0,4,4
WBGene00000702.,1,5,6
WBGene00000703.,2,221,223
WBGene00000704.,1,57,58
WBGene00000705.,1,4,5
WBGene00000706.,3,22,25
WBGene00000707.,0,8,8
WBGene00000708.,1,26,27
WBGene00000709.,2,0,2
WBGene00000710.,3,24,27
WBGene00000711.,0,6,6
WBGene00000712.,0,2,2
WBGene00000713.,5,196,201
WBGene00000714.,6,35,41
WBGene00000715.,83,880,963
WBGene00000716.,10,78,88
WBGene00000717.,5,525,530
WBGene00000718.,0,17,17
WBGene00000719.,0,5,5
WBGene00000720.,6,26099,26105
WBGene00000721.,0,19,19
WBGene00000722.,2,36,38
WBGene00000723.,0,604,604
WBGene00000724.,9,106,115
WBGene00000725.,0,13,13
WBGene00000726.,181,699,880
WBGene00000727.,0,251,251
WBGene00000728.,0,280,280
WBGene00000729.,2,10,12
WBGene00000730.,1,13,14
WBGene00000731.,1,5,6
WBGene00000732.,11,83,94
WBGene00000733.,3,89,92
WBGene00000734.,0,12,12
WBGene00000735.,5,6,11
WBGene00000736.,0,10,10
WBGene00000737.,3,38,41
WBGene00000738.,1,23,24
WBGene00000739.,0,1786,1786
WBGene00000740.,0,66,66
WBGene00000741.,0,271,271
WBGene00000742.,0,31,31
WBGene00000743.,0,0,0
WBGene00000744.,0,1,1
WBGene00000745.,5,52,57
WBGene00000746.,5,4,9
WBGene00000747.,1,14,15
WBGene00000748.,0,30,30
WBGene00000749.,0,175,175
WBGene00000750.,50,204,254
WBGene00000751.,0,10,10
WBGene00000752.,0,0,0
WBGene00000753.,0,17,17
WBGene00000754.,1,541,542
WBGene00000755.,1,10,11
WBGene00000756.,0,5,5
WBGene00000757.,0,40,40
WBGene00000758.,0,1,1
WBGene00000759.,4,24,28
WBGene00000760.,18,70,88
WBGene00000761.,49,643,692
WBGene00000762.,148,672,820
WBGene00000763.,243,2342,2585
WBGene00000764.,40,470,510
WBGene00000765.,3,781,784
WBGene00000766.,30,566,596
WBGene00000767.,77,775,852
WBGene00000768.,219,2029,2248
WBGene00000770.,7,81,88
WBGene00000771.,2,16,18
WBGene00000772.,3,115,118
WBGene00000773.,129,1446,1575
WBGene00000774.,64,1464,1528
WBGene00000775.,105,598,703
WBGene00000776.,1355,57096,58451
WBGene00000777.,30,3240,3270
WBGene00000778.,6,49,55
WBGene00000779.,6560,79867,86427
WBGene00000780.,39,289,328
WBGene00000781.,2,504,506
WBGene00000782.,2,560,562
WBGene00000783.,33,301,334
WBGene00000784.,0,199,199
WBGene00000785.,10,1053,1063
WBGene00000786.,257,3725,3982
WBGene00000787.,48,3342,3390
WBGene00000788.,306,50069,50375
WBGene00000789.,158,3630,3788
WBGene00000792.,55,89,144
WBGene00000793.,4341,2037,6378
WBGene00000794.,46,741,787
WBGene00000795.,45,1015,1060
WBGene00000796.,338,3090,3428
WBGene00000797.,15,65,80
WBGene00000798.,8,1017,1025
WBGene00000799.,10,15,25
WBGene00000800.,239,3012,3251
WBGene00000801.,66,667,733
WBGene00000802.,537,33362,33899
WBGene00000803.,19,175,194
WBGene00000804.,19,1287,1306
WBGene00000812.,345,758,1103
WBGene00000813.,166,1023,1189
WBGene00000814.,288,2856,3144
WBGene00000815.,415,1502,1917
WBGene00000816.,159,576,735
WBGene00000817.,52,1125,1177
WBGene00000818.,48,619,667
WBGene00000819.,10,20,30
WBGene00000820.,261,1104,1365
WBGene00000821.,1,11,12
WBGene00000822.,2769,27899,30668
WBGene00000829.,0,136407,136407
WBGene00000830.,0,0,0
WBGene00000831.,3,499,502
WBGene00000832.,745,5333,6078
WBGene00000833.,45,10276,10321
WBGene00000834.,497,838,1335
WBGene00000835.,115,1550,1665
WBGene00000836.,72,922,994
WBGene00000837.,273,1597,1870
WBGene00000838.,127,515,642
WBGene00000839.,89,1670,1759
WBGene00000840.,157,1633,1790
WBGene00000841.,52,62,114
WBGene00000843.,44,1560,1604
WBGene00000845.,783,7509,8292
WBGene00000846.,146,430,576
WBGene00000851.,5,2,7
WBGene00000853.,42,36,78
WBGene00000854.,310,1695,2005
WBGene00000857.,48,965,1013
WBGene00000858.,73,919,992
WBGene00000859.,4,11,15
WBGene00000860.,17,171,188
WBGene00000861.,2,15,17
WBGene00000862.,49,199,248
WBGene00000863.,26,974,1000
WBGene00000864.,0,3,3
WBGene00000865.,11,334,345
WBGene00000866.,1,149,150
WBGene00000867.,2,151,153
WBGene00000868.,15,973,988
WBGene00000869.,166,6274,6440
WBGene00000870.,164,1605,1769
WBGene00000871.,60,611,671
WBGene00000872.,109,1821,1930
WBGene00000874.,98,1583,1681
WBGene00000875.,22,998,1020
WBGene00000876.,408,3919,4327
WBGene00000877.,11,3571,3582
WBGene00000878.,34,174,208
WBGene00000879.,762,14092,14854
WBGene00000880.,97,1474,1571
WBGene00000881.,14,9471,9485
WBGene00000882.,0,892,892
WBGene00000883.,1112,20668,21780
WBGene00000884.,53,1376,1429
WBGene00000885.,102,350,452
WBGene00000886.,53,963,1016
WBGene00000887.,193,1432,1625
WBGene00000888.,45,800,845
WBGene00000889.,98,1341,1439
WBGene00000890.,75,570,645
WBGene00000891.,165,912,1077
WBGene00000892.,146,579,725
WBGene00000893.,17,14,31
WBGene00000894.,456,3027,3483
WBGene00000895.,39,81,120
WBGene00000896.,183,3348,3531
WBGene00000897.,155,787,942
WBGene00000898.,3215,4472,7687
WBGene00000899.,195,1478,1673
WBGene00000900.,411,2553,2964
WBGene00000901.,1533,4210,5743
WBGene00000902.,5,10,15
WBGene00000903.,10,1500,1510
WBGene00000904.,34,133,167
WBGene00000905.,33,390,423
WBGene00000906.,120,303,423
WBGene00000907.,50,231,281
WBGene00000908.,646,737,1383
WBGene00000910.,519,2075,2594
WBGene00000911.,482,4155,4637
WBGene00000912.,3557,6286,9843
WBGene00000913.,78,1327,1405
WBGene00000914.,783,1088,1871
WBGene00000915.,585,53362,53947
WBGene00000917.,242,1773,2015
WBGene00000920.,4,179,183
WBGene00000923.,40,2060,2100
WBGene00000928.,0,5,5
WBGene00000929.,243,1898,2141
WBGene00000930.,1,11,12
WBGene00000931.,176,6246,6422
WBGene00000932.,134,4389,4523
WBGene00000933.,103,606,709
WBGene00000934.,17,74,91
WBGene00000935.,10,522,532
WBGene00000936.,53,1182,1235
WBGene00000937.,16,413,429
WBGene00000938.,346,5207,5553
WBGene00000939.,250,1767,2017
WBGene00000940.,177,1030,1207
WBGene00000941.,281,2872,3153
WBGene00000942.,322,4356,4678
WBGene00000950.,103,76,179
WBGene00000951.,11,188,199
WBGene00000952.,70,49,119
WBGene00000953.,42,187,229
WBGene00000955.,16,184,200
WBGene00000958.,114,599,713
WBGene00000959.,253,1693,1946
WBGene00000960.,37,96,133
WBGene00000961.,84,1181,1265
WBGene00000962.,166,4114,4280
WBGene00000963.,211,473,684
WBGene00000964.,87,3434,3521
WBGene00000965.,89,1612,1701
WBGene00000966.,50,173,223
WBGene00000967.,167,262,429
WBGene00000968.,24,89,113
WBGene00000969.,4,320,324
WBGene00000970.,47,1021,1068
WBGene00000971.,4,125,129
WBGene00000972.,37,381,418
WBGene00000973.,83,1489,1572
WBGene00000974.,26,292,318
WBGene00000975.,291,2621,2912
WBGene00000976.,292,1986,2278
WBGene00000977.,31,326,357
WBGene00000978.,21,1790,1811
WBGene00000979.,3,40,43
WBGene00000980.,457,2079,2536
WBGene00000981.,7,598,605
WBGene00000982.,518,4083,4601
WBGene00000983.,52,360,412
WBGene00000984.,162,980,1142
WBGene00000985.,35,1435,1470
WBGene00000986.,1,57,58
WBGene00000987.,201,624,825
WBGene00000988.,592,2236,2828
WBGene00000989.,4,42,46
WBGene00000990.,21,99,120
WBGene00000991.,130,775,905
WBGene00000992.,92,411,503
WBGene00000993.,177,606,783
WBGene00000994.,38,394,432
WBGene00000995.,31,427,458
WBGene00000996.,109,1955,2064
WBGene00000998.,1585,31460,33045
WBGene00001000.,320,3822,4142
WBGene00001001.,241,1508,1749
WBGene00001002.,50,999,1049
WBGene00001005.,48,8810,8858
WBGene00001006.,119,1594,1713
WBGene00001007.,228,2738,2966
WBGene00001008.,488,2705,3193
WBGene00001016.,25,601,626
WBGene00001017.,303,3222,3525
WBGene00001018.,212,2038,2250
WBGene00001019.,383,1421,1804
WBGene00001020.,12,167,179
WBGene00001021.,59,273,332
WBGene00001022.,49,421,470
WBGene00001023.,228,3620,3848
WBGene00001025.,80,787,867
WBGene00001026.,71,2061,2132
WBGene00001027.,450,699,1149
WBGene00001028.,152,1405,1557
WBGene00001029.,135,1303,1438
WBGene00001030.,81,5193,5274
WBGene00001031.,57,1644,1701
WBGene00001032.,38,757,795
WBGene00001033.,119,503,622
WBGene00001034.,51,1290,1341
WBGene00001035.,92,1009,1101
WBGene00001036.,22,481,503
WBGene00001037.,41,3718,3759
WBGene00001038.,195,3779,3974
WBGene00001039.,111,472,583
WBGene00001040.,71,2124,2195
WBGene00001041.,35,1416,1451
WBGene00001042.,168,279,447
WBGene00001043.,376,726,1102
WBGene00001044.,19,509,528
WBGene00001045.,50,174,224
WBGene00001046.,32,391,423
WBGene00001047.,223,2037,2260
WBGene00001048.,178,683,861
WBGene00001049.,73,717,790
WBGene00001050.,12,310,322
WBGene00001051.,1,2074,2075
WBGene00001052.,261,685,946
WBGene00001053.,97,253,350
WBGene00001054.,87,361,448
WBGene00001055.,99,351,450
WBGene00001056.,115,1300,1415
WBGene00001057.,23,1062,1085
WBGene00001058.,95,984,1079
WBGene00001059.,5,51,56
WBGene00001060.,32,636,668
WBGene00001061.,64,1175,1239
WBGene00001062.,5,0,5
WBGene00001063.,24,11,35
WBGene00001064.,2,19,21
WBGene00001065.,0,8,8
WBGene00001066.,4,19,23
WBGene00001067.,0,119,119
WBGene00001068.,12,127,139
WBGene00001069.,5,18,23
WBGene00001070.,1,11,12
WBGene00001071.,4,8,12
WBGene00001072.,0,3,3
WBGene00001073.,80,1899,1979
WBGene00001074.,1,18,19
WBGene00001075.,10,107,117
WBGene00001076.,0,186,186
WBGene00001077.,16,324,340
WBGene00001078.,163,333,496
WBGene00001079.,6,6,12
WBGene00001080.,949,3387,4336
WBGene00001081.,229,6244,6473
WBGene00001082.,242,1668,1910
WBGene00001085.,127,1927,2054
WBGene00001086.,112,2557,2669
WBGene00001087.,1838,1332,3170
WBGene00001088.,243,5682,5925
WBGene00001089.,288,746,1034
WBGene00001090.,69,679,748
WBGene00001091.,318,1323,1641
WBGene00001092.,0,45,45
WBGene00001093.,45,2055,2100
WBGene00001094.,27,2800,2827
WBGene00001095.,67,477,544
WBGene00001096.,32,226,258
WBGene00001099.,14,162,176
WBGene00001101.,931,4161,5092
WBGene00001102.,22,783,805
WBGene00001103.,0,8,8
WBGene00001104.,7,14,21
WBGene00001105.,13,22,35
WBGene00001106.,9,32,41
WBGene00001107.,1,6,7
WBGene00001108.,5,72,77
WBGene00001109.,5,180,185
WBGene00001110.,19,550,569
WBGene00001111.,88,10,98
WBGene00001112.,94,953,1047
WBGene00001113.,1677,11699,13376
WBGene00001115.,337,996,1333
WBGene00001116.,223,923,1146
WBGene00001117.,35,373,408
WBGene00001118.,119,274,393
WBGene00001119.,40,241,281
WBGene00001121.,78,165,243
WBGene00001122.,65,954,1019
WBGene00001123.,10,144,154
WBGene00001127.,59,204,263
WBGene00001129.,28,128,156
WBGene00001130.,113,715,828
WBGene00001131.,927,7150,8077
WBGene00001132.,139,1301,1440
WBGene00001133.,19,14,33
WBGene00001134.,117,1861,1978
WBGene00001135.,57,311,368
WBGene00001136.,16,22,38
WBGene00001137.,323,17014,17337
WBGene00001145.,1200,6115,7315
WBGene00001147.,0,0,0
WBGene00001148.,2012,317,2329
WBGene00001149.,276,7863,8139
WBGene00001150.,3,9,12
WBGene00001151.,69,928,997
WBGene00001152.,9,1022,1031
WBGene00001153.,5,707,712
WBGene00001154.,46,312,358
WBGene00001155.,252,1788,2040
WBGene00001156.,116,771,887
WBGene00001157.,34,103,137
WBGene00001158.,5,4,9
WBGene00001159.,9,146,155
WBGene00001160.,167,7034,7201
WBGene00001161.,302,670,972
WBGene00001162.,424,399,823
WBGene00001163.,156,1260,1416
WBGene00001164.,2,0,2
WBGene00001165.,75,203,278
WBGene00001166.,15,1943,1958
WBGene00001167.,6794,138704,145498
WBGene00001168.,11485,382868,394353
WBGene00001169.,38,10464,10502
WBGene00001170.,39,416,455
WBGene00001171.,151,236,387
WBGene00001172.,344,7818,8162
WBGene00001173.,3055,6006,9061
WBGene00001174.,45,640,685
WBGene00001175.,30,130,160
WBGene00001177.,2256,5129,7385
WBGene00001178.,358,2038,2396
WBGene00001179.,440,1364,1804
WBGene00001182.,122,1651,1773
WBGene00001184.,190,1402,1592
WBGene00001185.,15,65,80
WBGene00001186.,349,679,1028
WBGene00001187.,217,1691,1908
WBGene00001188.,222,1130,1352
WBGene00001189.,1070,14287,15357
WBGene00001190.,176,385,561
WBGene00001193.,6,502,508
WBGene00001194.,554,6764,7318
WBGene00001196.,800,10849,11649
WBGene00001202.,57,124,181
WBGene00001204.,72,149,221
WBGene00001207.,66,386,452
WBGene00001208.,695,1814,2509
WBGene00001209.,46,3667,3713
WBGene00001210.,73,2655,2728
WBGene00001211.,70,173,243
WBGene00001214.,35,740,775
WBGene00001215.,439,1862,2301
WBGene00001223.,8,4,12
WBGene00001224.,29,1273,1302
WBGene00001225.,25,4796,4821
WBGene00001226.,81,2281,2362
WBGene00001227.,321,2355,2676
WBGene00001228.,21,1374,1395
WBGene00001229.,58,1881,1939
WBGene00001230.,63,3271,3334
WBGene00001231.,15,674,689
WBGene00001232.,200,1925,2125
WBGene00001233.,206,2056,2262
WBGene00001234.,13,2851,2864
WBGene00001235.,82,1540,1622
WBGene00001236.,50,980,1030
WBGene00001237.,21,153,174
WBGene00001239.,185,4403,4588
WBGene00001240.,78,1494,1572
WBGene00001241.,303,1640,1943
WBGene00001242.,3,51,54
WBGene00001243.,19,220,239
WBGene00001244.,86,463,549
WBGene00001245.,0,2,2
WBGene00001246.,6,32,38
WBGene00001247.,22,95,117
WBGene00001248.,90,390,480
WBGene00001249.,45,604,649
WBGene00001250.,7,77,84
WBGene00001251.,140,1183,1323
WBGene00001252.,6,68,74
WBGene00001253.,68,408,476
WBGene00001258.,586,2173,2759
WBGene00001259.,73,2894,2967
WBGene00001262.,51,1244,1295
WBGene00001263.,680,15309,15989
WBGene00001281.,81,1021,1102
WBGene00001284.,138,1288,1426
WBGene00001303.,72,6110,6182
WBGene00001309.,95,1739,1834
WBGene00001310.,9,6,15
WBGene00001311.,2,7,9
WBGene00001320.,10,1537,1547
WBGene00001324.,79,1245,1324
WBGene00001325.,296,1486,1782
WBGene00001328.,99,2967,3066
WBGene00001329.,114,3334,3448
WBGene00001330.,358,742,1100
WBGene00001331.,52,1264,1316
WBGene00001332.,147,672,819
WBGene00001333.,227,1821,2048
WBGene00001334.,376,1848,2224
WBGene00001335.,130,971,1101
WBGene00001336.,284,3047,3331
WBGene00001337.,664,5523,6187
WBGene00001338.,55,1185,1240
WBGene00001340.,436,2846,3282
WBGene00001345.,1152,1169,2321
WBGene00001352.,301,2170,2471
WBGene00001358.,51,385,436
WBGene00001362.,32,31,63
WBGene00001365.,228,1049,1277
WBGene00001366.,466,1085,1551
WBGene00001368.,235,1265,1500
WBGene00001371.,39,991,1030
WBGene00001372.,21,111,132
WBGene00001373.,68,172,240
WBGene00001374.,318,1096,1414
WBGene00001377.,202,468,670
WBGene00001385.,33008,411702,444710
WBGene00001386.,481,15391,15872
WBGene00001387.,4,24,28
WBGene00001388.,0,7,7
WBGene00001389.,61,774,835
WBGene00001390.,123,2530,2653
WBGene00001391.,402,14872,15274
WBGene00001392.,71,2680,2751
WBGene00001393.,65,6733,6798
WBGene00001394.,68,14453,14521
WBGene00001395.,706,5523,6229
WBGene00001396.,142,3521,3663
WBGene00001397.,0,20,20
WBGene00001398.,65,2579,2644
WBGene00001399.,4,8,12
WBGene00001400.,13,79,92
WBGene00001401.,4,338,342
WBGene00001402.,2,177,179
WBGene00001403.,277,2263,2540
WBGene00001404.,637,3498,4135
WBGene00001405.,26,1151,1177
WBGene00001406.,206,479,685
WBGene00001410.,146,273,419
WBGene00001411.,55,1522,1577
WBGene00001412.,34,1061,1095
WBGene00001413.,29,738,767
WBGene00001414.,2,19,21
WBGene00001423.,58,5921,5979
WBGene00001424.,1,1,2
WBGene00001425.,165,1083,1248
WBGene00001426.,125,2333,2458
WBGene00001427.,661,22652,23313
WBGene00001428.,6,726,732
WBGene00001429.,26,502,528
WBGene00001430.,5,136,141
WBGene00001431.,39,1973,2012
WBGene00001432.,47,157,204
WBGene00001433.,63,360,423
WBGene00001434.,10,86,96
WBGene00001435.,0,2,2
WBGene00001436.,1,1,2
WBGene00001437.,1,56,57
WBGene00001438.,5,24,29
WBGene00001439.,2685,3461,6146
WBGene00001440.,31,465,496
WBGene00001441.,306,6005,6311
WBGene00001442.,1,26,27
WBGene00001443.,364,1729,2093
WBGene00001444.,4367,26181,30548
WBGene00001445.,160,1692,1852
WBGene00001446.,17,610,627
WBGene00001447.,172,1969,2141
WBGene00001448.,831,11329,12160
WBGene00001449.,357,2276,2633
WBGene00001450.,44,1425,1469
WBGene00001451.,131,1010,1141
WBGene00001452.,138,11211,11349
WBGene00001453.,9,2280,2289
WBGene00001454.,6,4472,4478
WBGene00001455.,345,6900,7245
WBGene00001456.,9,843,852
WBGene00001457.,8015,10346,18361
WBGene00001458.,434,5915,6349
WBGene00001459.,195,7776,7971
WBGene00001460.,32,363,395
WBGene00001461.,815,3877,4692
WBGene00001462.,131,6359,6490
WBGene00001463.,120,3015,3135
WBGene00001464.,276,3839,4115
WBGene00001465.,19,47,66
WBGene00001466.,6,127,133
WBGene00001468.,7,23,30
WBGene00001470.,69,1341,1410
WBGene00001475.,163,1693,1856
WBGene00001476.,51,235,286
WBGene00001477.,31,436,467
WBGene00001478.,30,157,187
WBGene00001479.,44,976,1020
WBGene00001480.,1956,11102,13058
WBGene00001481.,41,240,281
WBGene00001482.,3,338,341
WBGene00001483.,7,154,161
WBGene00001484.,469,830,1299
WBGene00001485.,296,601,897
WBGene00001486.,39,344,383
WBGene00001487.,55,100,155
WBGene00001488.,1169,34197,35366
WBGene00001489.,291,1297,1588
WBGene00001490.,156,667,823
WBGene00001491.,1402,7743,9145
WBGene00001492.,68,16,84
WBGene00001493.,235,2430,2665
WBGene00001494.,428,754,1182
WBGene00001495.,0,1,1
WBGene00001496.,1365,5224,6589
WBGene00001497.,37,1006,1043
WBGene00001498.,216,1846,2062
WBGene00001499.,17,666,683
WBGene00001500.,301,2251,2552
WBGene00001501.,1067,6298,7365
WBGene00001502.,408,28594,29002
WBGene00001503.,107,5171,5278
WBGene00001505.,75,497,572
WBGene00001506.,27,90,117
WBGene00001507.,26,81,107
WBGene00001508.,100,303,403
WBGene00001509.,148,2336,2484
WBGene00001510.,188,1494,1682
WBGene00001511.,26,825,851
WBGene00001512.,71,155,226
WBGene00001513.,13,996,1009
WBGene00001514.,34,465,499
WBGene00001515.,55,191,246
WBGene00001516.,889,1967,2856
WBGene00001517.,101,374,475
WBGene00001518.,180,450,630
WBGene00001519.,461,1963,2424
WBGene00001520.,122,3380,3502
WBGene00001522.,61,74,135
WBGene00001523.,93,819,912
WBGene00001526.,157,1308,1465
WBGene00001527.,28,1042,1070
WBGene00001528.,6,4,10
WBGene00001529.,12,12,24
WBGene00001530.,6,29,35
WBGene00001531.,7,71,78
WBGene00001532.,18,53,71
WBGene00001533.,33,16,49
WBGene00001534.,28,26,54
WBGene00001535.,12,89,101
WBGene00001536.,28,59,87
WBGene00001537.,1326,1749,3075
WBGene00001538.,54,504,558
WBGene00001539.,46,22,68
WBGene00001540.,14,25,39
WBGene00001541.,10,130,140
WBGene00001542.,47,38,85
WBGene00001543.,27,100,127
WBGene00001544.,33,53,86
WBGene00001545.,2,13,15
WBGene00001546.,17,82,99
WBGene00001547.,41,85,126
WBGene00001548.,20,101,121
WBGene00001549.,54,135,189
WBGene00001550.,13,30,43
WBGene00001551.,74,71,145
WBGene00001552.,89,499,588
WBGene00001553.,105,580,685
WBGene00001554.,73,513,586
WBGene00001555.,297,974,1271
WBGene00001556.,230,1249,1479
WBGene00001557.,152,857,1009
WBGene00001558.,43,3907,3950
WBGene00001559.,214,386,600
WBGene00001560.,57,159,216
WBGene00001561.,1152,9078,10230
WBGene00001562.,79,1999,2078
WBGene00001563.,189,3166,3355
WBGene00001564.,1014,27884,28898
WBGene00001565.,149,1502,1651
WBGene00001566.,34,623,657
WBGene00001568.,79,1310,1389
WBGene00001569.,4,60,64
WBGene00001570.,46,376,422
WBGene00001571.,27,789,816
WBGene00001572.,495,3011,3506
WBGene00001574.,343,2421,2764
WBGene00001575.,13,54,67
WBGene00001577.,144,1346,1490
WBGene00001578.,141,828,969
WBGene00001579.,140,768,908
WBGene00001580.,53,798,851
WBGene00001581.,5,652,657
WBGene00001582.,419,2250,2669
WBGene00001583.,23,559,582
WBGene00001584.,399,1445,1844
WBGene00001585.,91,1342,1433
WBGene00001586.,120,274,394
WBGene00001587.,87,215,302
WBGene00001588.,36,395,431
WBGene00001589.,295,954,1249
WBGene00001590.,34,560,594
WBGene00001591.,18,482,500
WBGene00001592.,66,214,280
WBGene00001593.,43,186,229
WBGene00001594.,66,362,428
WBGene00001595.,6,189,195
WBGene00001596.,281,2846,3127
WBGene00001597.,42,489,531
WBGene00001598.,117,3995,4112
WBGene00001599.,25,745,770
WBGene00001600.,13,594,607
WBGene00001601.,13,838,851
WBGene00001602.,75,902,977
WBGene00001603.,0,13,13
WBGene00001604.,199,12744,12943
WBGene00001605.,3,17,20
WBGene00001606.,31,594,625
WBGene00001607.,44,544,588
WBGene00001608.,128,759,887
WBGene00001609.,50,755,805
WBGene00001612.,25,80,105
WBGene00001613.,74,152,226
WBGene00001614.,28,78,106
WBGene00001615.,149,486,635
WBGene00001616.,63,337,400
WBGene00001617.,124,424,548
WBGene00001618.,32,40,72
WBGene00001619.,20,57,77
WBGene00001620.,44,592,636
WBGene00001621.,29,174,203
WBGene00001622.,49,730,779
WBGene00001623.,17,328,345
WBGene00001624.,18,28,46
WBGene00001625.,6,27,33
WBGene00001626.,5,28,33
WBGene00001627.,48,305,353
WBGene00001628.,26,440,466
WBGene00001629.,261,585,846
WBGene00001630.,678,650,1328
WBGene00001631.,178,912,1090
WBGene00001632.,38,545,583
WBGene00001633.,59,307,366
WBGene00001635.,43,796,839
WBGene00001636.,98,281,379
WBGene00001637.,42,177,219
WBGene00001638.,33,290,323
WBGene00001639.,52,193,245
WBGene00001640.,30,5,35
WBGene00001641.,1,3,4
WBGene00001642.,2,1,3
WBGene00001643.,25,199,224
WBGene00001644.,12,123,135
WBGene00001645.,86,850,936
WBGene00001646.,0,230,230
WBGene00001647.,2,187,189
WBGene00001648.,376,5200,5576
WBGene00001649.,103,1355,1458
WBGene00001650.,152,458,610
WBGene00001651.,387,835,1222
WBGene00001653.,213,1731,1944
WBGene00001660.,59,562,621
WBGene00001661.,135,1150,1285
WBGene00001662.,73,1480,1553
WBGene00001663.,47,187,234
WBGene00001664.,19,213,232
WBGene00001665.,31,192,223
WBGene00001666.,20,309,329
WBGene00001667.,13,7,20
WBGene00001668.,16,83,99
WBGene00001669.,302,866,1168
WBGene00001670.,230,1113,1343
WBGene00001671.,456,4590,5046
WBGene00001672.,25,121,146
WBGene00001673.,62,72,134
WBGene00001674.,80,775,855
WBGene00001675.,14,37,51
WBGene00001676.,73,179,252
WBGene00001677.,26,132,158
WBGene00001678.,306,469,775
WBGene00001679.,437,7010,7447
WBGene00001680.,93,1839,1932
WBGene00001681.,25,497,522
WBGene00001682.,370,11699,12069
WBGene00001683.,79,588,667
WBGene00001684.,41,19378,19419
WBGene00001685.,50,36818,36868
WBGene00001686.,108,1158,1266
WBGene00001687.,17,15,32
WBGene00001688.,14,534,548
WBGene00001689.,13,641,654
WBGene00001690.,13,33,46
WBGene00001691.,2,3,5
WBGene00001692.,209,5058,5267
WBGene00001693.,3,7,10
WBGene00001694.,13,2172,2185
WBGene00001695.,2,8,10
WBGene00001696.,38,99,137
WBGene00001697.,5,5,10
WBGene00001698.,8,15,23
WBGene00001699.,35,3609,3644
WBGene00001700.,15,2,17
WBGene00001701.,1,27,28
WBGene00001702.,93,561,654
WBGene00001703.,3,1,4
WBGene00001704.,6,33,39
WBGene00001705.,5,45,50
WBGene00001706.,2,31,33
WBGene00001707.,397,676,1073
WBGene00001708.,419,1541,1960
WBGene00001709.,92,734,826
WBGene00001710.,9,18,27
WBGene00001711.,1,2,3
WBGene00001712.,4,14,18
WBGene00001713.,13,960,973
WBGene00001714.,0,7,7
WBGene00001715.,1,7,8
WBGene00001716.,8,15,23
WBGene00001717.,8,104,112
WBGene00001718.,0,37,37
WBGene00001719.,17,289,306
WBGene00001720.,5,4,9
WBGene00001721.,5,31,36
WBGene00001722.,6,5,11
WBGene00001723.,5,9,14
WBGene00001724.,17,27,44
WBGene00001725.,4,17,21
WBGene00001726.,4,12,16
WBGene00001727.,6,20,26
WBGene00001728.,2,6,8
WBGene00001729.,6,11,17
WBGene00001730.,2,12,14
WBGene00001731.,1,6,7
WBGene00001732.,16,16,32
WBGene00001733.,0,15,15
WBGene00001734.,0,3,3
WBGene00001735.,3,3,6
WBGene00001736.,1,19,20
WBGene00001737.,0,1,1
WBGene00001738.,0,1,1
WBGene00001739.,3,1,4
WBGene00001740.,93,398,491
WBGene00001743.,90,773,863
WBGene00001744.,156,1390,1546
WBGene00001745.,682,1122,1804
WBGene00001746.,346,2413,2759
WBGene00001747.,188,3371,3559
WBGene00001748.,1292,17189,18481
WBGene00001749.,2,2171,2173
WBGene00001750.,70,637,707
WBGene00001751.,100,3147,3247
WBGene00001752.,0,21,21
WBGene00001753.,378,12844,13222
WBGene00001754.,0,273,273
WBGene00001755.,223,16276,16499
WBGene00001756.,1,656,657
WBGene00001757.,38,66,104
WBGene00001758.,8,2216,2224
WBGene00001759.,13,206,219
WBGene00001760.,42,1801,1843
WBGene00001761.,36,555,591
WBGene00001762.,1,168,169
WBGene00001763.,18,2405,2423
WBGene00001764.,3,469,472
WBGene00001765.,7,17,24
WBGene00001766.,0,0,0
WBGene00001767.,2,395,397
WBGene00001768.,152,31675,31827
WBGene00001769.,16,251,267
WBGene00001770.,3,1109,1112
WBGene00001771.,5,339,344
WBGene00001772.,9,2322,2331
WBGene00001773.,10,92,102
WBGene00001774.,0,56,56
WBGene00001775.,1,696,697
WBGene00001776.,37,338,375
WBGene00001777.,4,105,109
WBGene00001778.,5,597,602
WBGene00001779.,0,173,173
WBGene00001780.,6,4,10
WBGene00001781.,47,574,621
WBGene00001782.,69,286,355
WBGene00001783.,161,1392,1553
WBGene00001784.,169,1346,1515
WBGene00001785.,1,29,30
WBGene00001786.,0,70,70
WBGene00001787.,1,1164,1165
WBGene00001788.,76,568,644
WBGene00001789.,5,1644,1649
WBGene00001790.,79,1589,1668
WBGene00001791.,96,538,634
WBGene00001792.,11,60,71
WBGene00001793.,1266,2338,3604
WBGene00001794.,1317,8789,10106
WBGene00001795.,106,477,583
WBGene00001796.,68,187,255
WBGene00001803.,94,658,752
WBGene00001804.,62,182,244
WBGene00001805.,38,185,223
WBGene00001806.,21,48,69
WBGene00001808.,329,1757,2086
WBGene00001811.,12,148,160
WBGene00001812.,35,661,696
WBGene00001813.,193,602,795
WBGene00001814.,36,593,629
WBGene00001815.,98,457,555
WBGene00001816.,164,190,354
WBGene00001817.,36,277,313
WBGene00001818.,28,3,31
WBGene00001819.,57,470,527
WBGene00001820.,36,1031,1067
WBGene00001821.,191,947,1138
WBGene00001823.,61,706,767
WBGene00001824.,52,1291,1343
WBGene00001827.,73,911,984
WBGene00001828.,0,3,3
WBGene00001829.,27,770,797
WBGene00001830.,40,1393,1433
WBGene00001831.,16,1415,1431
WBGene00001832.,97,1017,1114
WBGene00001833.,97,1297,1394
WBGene00001834.,13,1111,1124
WBGene00001835.,5,941,946
WBGene00001836.,84,723,807
WBGene00001837.,1022,1688,2710
WBGene00001838.,71,215,286
WBGene00001839.,35,28,63
WBGene00001840.,404,7041,7445
WBGene00001841.,4,42,46
WBGene00001842.,13,22,35
WBGene00001843.,633,4708,5341
WBGene00001844.,51,658,709
WBGene00001851.,408,4815,5223
WBGene00001852.,441,16622,17063
WBGene00001853.,114,20198,20312
WBGene00001854.,117,20450,20567
WBGene00001855.,25,8728,8753
WBGene00001856.,8,5287,5295
WBGene00001857.,0,39,39
WBGene00001858.,1748,18943,20691
WBGene00001859.,34,35,69
WBGene00001860.,109,2019,2128
WBGene00001862.,3,457,460
WBGene00001863.,1399,12160,13559
WBGene00001864.,173,1035,1208
WBGene00001865.,58,435,493
WBGene00001867.,57,532,589
WBGene00001869.,19,928,947
WBGene00001872.,65,330,395
WBGene00001874.,35,1230,1265
WBGene00001875.,0,2158,2158
WBGene00001876.,0,1548,1548
WBGene00001877.,0,2106,2106
WBGene00001878.,0,1130,1130
WBGene00001879.,0,1189,1189
WBGene00001880.,0,1653,1653
WBGene00001881.,0,1486,1486
WBGene00001882.,0,313,313
WBGene00001883.,0,0,0
WBGene00001884.,0,0,0
WBGene00001885.,0,0,0
WBGene00001886.,0,0,0
WBGene00001887.,0,0,0
WBGene00001888.,0,0,0
WBGene00001889.,0,0,0
WBGene00001890.,0,181,181
WBGene00001891.,0,200,200
WBGene00001892.,0,1218,1218
WBGene00001893.,0,0,0
WBGene00001894.,0,0,0
WBGene00001895.,0,0,0
WBGene00001896.,0,0,0
WBGene00001898.,45,35887,35932
WBGene00001899.,0,0,0
WBGene00001900.,0,0,0
WBGene00001901.,0,0,0
WBGene00001902.,0,0,0
WBGene00001903.,0,0,0
WBGene00001904.,0,0,0
WBGene00001905.,0,259,259
WBGene00001906.,0,2962,2962
WBGene00001907.,0,0,0
WBGene00001908.,0,0,0
WBGene00001909.,1298,28951,30249
WBGene00001910.,426,14005,14431
WBGene00001911.,2048,73029,75077
WBGene00001912.,0,58,58
WBGene00001913.,0,3,3
WBGene00001914.,0,107,107
WBGene00001915.,981,32371,33352
WBGene00001916.,0,18,18
WBGene00001917.,0,0,0
WBGene00001918.,0,0,0
WBGene00001919.,0,0,0
WBGene00001920.,0,0,0
WBGene00001921.,0,0,0
WBGene00001922.,0,1946,1946
WBGene00001923.,0,0,0
WBGene00001924.,0,0,0
WBGene00001925.,0,0,0
WBGene00001926.,0,0,0
WBGene00001927.,0,0,0
WBGene00001928.,0,0,0
WBGene00001929.,0,0,0
WBGene00001930.,0,0,0
WBGene00001931.,4535,2652,7187
WBGene00001932.,0,0,0
WBGene00001933.,0,5791,5791
WBGene00001934.,0,8750,8750
WBGene00001935.,0,1859,1859
WBGene00001936.,0,4922,4922
WBGene00001937.,0,1644,1644
WBGene00001938.,0,5908,5908
WBGene00001939.,0,0,0
WBGene00001940.,0,0,0
WBGene00001941.,0,2169,2169
WBGene00001942.,0,2652,2652
WBGene00001943.,0,40,40
WBGene00001944.,0,23,23
WBGene00001945.,310,16245,16555
WBGene00001946.,834,30374,31208
WBGene00001947.,0,0,0
WBGene00001948.,445,1562,2007
WBGene00001949.,28,1087,1115
WBGene00001950.,6,231,237
WBGene00001951.,9,83,92
WBGene00001952.,66,862,928
WBGene00001953.,79,587,666
WBGene00001954.,9,146,155
WBGene00001955.,714,27217,27931
WBGene00001956.,0,7,7
WBGene00001957.,98,629,727
WBGene00001958.,11,823,834
WBGene00001959.,4,50,54
WBGene00001960.,20,163,183
WBGene00001961.,7,31,38
WBGene00001962.,3,0,3
WBGene00001963.,12,200,212
WBGene00001964.,0,5,5
WBGene00001965.,1,1,2
WBGene00001966.,0,27,27
WBGene00001967.,0,0,0
WBGene00001968.,0,1,1
WBGene00001971.,153,30695,30848
WBGene00001972.,398,7357,7755
WBGene00001973.,8,1235,1243
WBGene00001974.,35,1710,1745
WBGene00001975.,52,988,1040
WBGene00001976.,0,15,15
WBGene00001977.,0,1569,1569
WBGene00001978.,135,1941,2076
WBGene00001979.,70,1183,1253
WBGene00001980.,1716,1390,3106
WBGene00001981.,5,28,33
WBGene00001983.,66,753,819
WBGene00001984.,70,119,189
WBGene00001985.,7,146,153
WBGene00001986.,118,467,585
WBGene00001987.,480,427,907
WBGene00001988.,57,656,713
WBGene00001989.,101,361,462
WBGene00001990.,147,2057,2204
WBGene00001991.,29,327,356
WBGene00001992.,44,251,295
WBGene00001993.,97,3535,3632
WBGene00001994.,217,3567,3784
WBGene00001995.,58,914,972
WBGene00001996.,229,864,1093
WBGene00001997.,152,439,591
WBGene00001998.,36,495,531
WBGene00001999.,52,10742,10794
WBGene00002000.,161,3788,3949
WBGene00002001.,295,2210,2505
WBGene00002002.,93,1951,2044
WBGene00002003.,88,353,441
WBGene00002004.,433,1167,1600
WBGene00002005.,131,17154,17285
WBGene00002006.,0,2,2
WBGene00002007.,92,4251,4343
WBGene00002008.,49,598,647
WBGene00002010.,36,3617,3653
WBGene00002011.,187,2089,2276
WBGene00002012.,866,68441,69307
WBGene00002013.,648,57413,58061
WBGene00002015.,0,0,0
WBGene00002016.,4,1124,1128
WBGene00002017.,0,158,158
WBGene00002018.,9,860,869
WBGene00002019.,0,0,0
WBGene00002020.,0,0,0
WBGene00002021.,14,85,99
WBGene00002023.,306,4827,5133
WBGene00002024.,108,1366,1474
WBGene00002025.,157,714,871
WBGene00002026.,3,93,96
WBGene00002027.,166,4970,5136
WBGene00002028.,22,386,408
WBGene00002029.,26,202,228
WBGene00002030.,66,273,339
WBGene00002031.,47,457,504
WBGene00002032.,11,236,247
WBGene00002033.,20,257,277
WBGene00002034.,18,751,769
WBGene00002035.,168,1037,1205
WBGene00002036.,306,1600,1906
WBGene00002037.,68,222,290
WBGene00002038.,159,918,1077
WBGene00002039.,48,135,183
WBGene00002040.,273,1169,1442
WBGene00002041.,194,492,686
WBGene00002042.,62,665,727
WBGene00002043.,161,483,644
WBGene00002044.,37,490,527
WBGene00002045.,7336,60113,67449
WBGene00002046.,121,1212,1333
WBGene00002047.,39,1016,1055
WBGene00002048.,748,3755,4503
WBGene00002050.,126,567,693
WBGene00002051.,0,15,15
WBGene00002052.,132,1144,1276
WBGene00002053.,225,1554,1779
WBGene00002054.,264,7419,7683
WBGene00002055.,21,1941,1962
WBGene00002056.,235,1319,1554
WBGene00002057.,21,81,102
WBGene00002058.,2,49,51
WBGene00002059.,127,2819,2946
WBGene00002060.,33,2072,2105
WBGene00002061.,7,1051,1058
WBGene00002062.,55,537,592
WBGene00002063.,222,540,762
WBGene00002064.,886,5752,6638
WBGene00002065.,747,85164,85911
WBGene00002066.,143,2408,2551
WBGene00002067.,20,71,91
WBGene00002068.,15,971,986
WBGene00002069.,572,5506,6078
WBGene00002070.,19,605,624
WBGene00002071.,23,717,740
WBGene00002072.,56,1007,1063
WBGene00002073.,3,835,838
WBGene00002074.,64,2506,2570
WBGene00002075.,150,675,825
WBGene00002076.,308,700,1008
WBGene00002077.,214,5613,5827
WBGene00002078.,568,10023,10591
WBGene00002079.,46,398,444
WBGene00002080.,151,716,867
WBGene00002081.,26,637,663
WBGene00002083.,4,767,771
WBGene00002084.,26,846,872
WBGene00002085.,0,15,15
WBGene00002086.,41,731,772
WBGene00002087.,2,14,16
WBGene00002088.,2,24,26
WBGene00002089.,10,97,107
WBGene00002090.,1,0,1
WBGene00002091.,7,3,10
WBGene00002092.,1,11,12
WBGene00002093.,58,552,610
WBGene00002094.,15,133,148
WBGene00002095.,11,11,22
WBGene00002096.,3,1,4
WBGene00002097.,25,344,369
WBGene00002098.,1,13,14
WBGene00002099.,3,8,11
WBGene00002100.,63,3451,3514
WBGene00002101.,272,1495,1767
WBGene00002102.,2,4,6
WBGene00002103.,0,35,35
WBGene00002104.,9,38,47
WBGene00002105.,7,218,225
WBGene00002106.,1,5,6
WBGene00002107.,57,599,656
WBGene00002108.,53,174,227
WBGene00002109.,35,331,366
WBGene00002110.,319,3021,3340
WBGene00002111.,37,409,446
WBGene00002112.,60,526,586
WBGene00002113.,75,2362,2437
WBGene00002114.,0,1,1
WBGene00002115.,0,1,1
WBGene00002116.,60,22,82
WBGene00002117.,3,9,12
WBGene00002118.,22,380,402
WBGene00002119.,56,133,189
WBGene00002120.,0,16,16
WBGene00002121.,3,2,5
WBGene00002123.,421,814,1235
WBGene00002124.,3,48,51
WBGene00002125.,2,89,91
WBGene00002127.,13,984,997
WBGene00002128.,60,492,552
WBGene00002129.,57,1617,1674
WBGene00002130.,2,28,30
WBGene00002131.,5,21,26
WBGene00002132.,24,611,635
WBGene00002133.,158,615,773
WBGene00002134.,189,2751,2940
WBGene00002135.,126,1937,2063
WBGene00002136.,106,894,1000
WBGene00002137.,26,401,427
WBGene00002138.,8,138,146
WBGene00002139.,5,163,168
WBGene00002140.,202,1034,1236
WBGene00002141.,179,65,244
WBGene00002142.,61,317,378
WBGene00002143.,80,151,231
WBGene00002144.,11,73,84
WBGene00002146.,74,537,611
WBGene00002147.,253,1075,1328
WBGene00002148.,126,1357,1483
WBGene00002149.,68,83,151
WBGene00002150.,220,190,410
WBGene00002151.,199,227,426
WBGene00002152.,240,2969,3209
WBGene00002153.,23,547,570
WBGene00002162.,3027,28781,31808
WBGene00002163.,461,1503,1964
WBGene00002169.,266,1721,1987
WBGene00002173.,442,1703,2145
WBGene00002174.,65,500,565
WBGene00002175.,762,774,1536
WBGene00002176.,430,589,1019
WBGene00002177.,40,284,324
WBGene00002178.,107,670,777
WBGene00002179.,394,3001,3395
WBGene00002180.,35,1116,1151
WBGene00002181.,130,382,512
WBGene00002182.,73,286,359
WBGene00002183.,88,1007,1095
WBGene00002184.,254,873,1127
WBGene00002185.,460,960,1420
WBGene00002186.,1,9,10
WBGene00002187.,233,1058,1291
WBGene00002188.,8,31,39
WBGene00002189.,3109,6647,9756
WBGene00002190.,650,4682,5332
WBGene00002191.,1799,14976,16775
WBGene00002192.,416,2003,2419
WBGene00002193.,4,15,19
WBGene00002194.,20,64,84
WBGene00002195.,59,298,357
WBGene00002196.,119,6788,6907
WBGene00002198.,264,461,725
WBGene00002199.,6,29,35
WBGene00002200.,63,447,510
WBGene00002201.,96,2079,2175
WBGene00002202.,338,9755,10093
WBGene00002203.,335,1565,1900
WBGene00002204.,0,0,0
WBGene00002205.,9,10,19
WBGene00002206.,1,2,3
WBGene00002207.,139,494,633
WBGene00002208.,3,5,8
WBGene00002210.,775,2146,2921
WBGene00002211.,8,70,78
WBGene00002212.,12,21,33
WBGene00002213.,79,498,577
WBGene00002214.,62,1203,1265
WBGene00002215.,598,3403,4001
WBGene00002216.,61,632,693
WBGene00002217.,131,1123,1254
WBGene00002218.,33,47,80
WBGene00002219.,84,1030,1114
WBGene00002220.,124,922,1046
WBGene00002221.,47,598,645
WBGene00002222.,4,17,21
WBGene00002223.,1192,3593,4785
WBGene00002224.,256,270,526
WBGene00002225.,6,1317,1323
WBGene00002226.,8,2490,2498
WBGene00002227.,10,14,24
WBGene00002228.,22,1269,1291
WBGene00002229.,67,1150,1217
WBGene00002230.,209,431,640
WBGene00002231.,39,718,757
WBGene00002232.,141,1104,1245
WBGene00002233.,54,222,276
WBGene00002234.,14,90,104
WBGene00002235.,137,88,225
WBGene00002238.,3,1192,1195
WBGene00002239.,147,706,853
WBGene00002240.,387,744,1131
WBGene00002241.,733,2425,3158
WBGene00002242.,221,348,569
WBGene00002243.,89,166,255
WBGene00002244.,223,1418,1641
WBGene00002245.,356,1063,1419
WBGene00002246.,0,143,143
WBGene00002247.,262,1767,2029
WBGene00002248.,19,47,66
WBGene00002249.,33,1609,1642
WBGene00002250.,18,2015,2033
WBGene00002251.,283,1707,1990
WBGene00002252.,67,110,177
WBGene00002253.,9323,32315,41638
WBGene00002254.,8601,60843,69444
WBGene00002255.,888,5384,6272
WBGene00002256.,34,1116,1150
WBGene00002257.,60,532,592
WBGene00002258.,48,1035,1083
WBGene00002259.,15,406,421
WBGene00002260.,1,13,14
WBGene00002261.,826,2179,3005
WBGene00002262.,172,1743,1915
WBGene00002263.,1378,8973,10351
WBGene00002264.,354,8426,8780
WBGene00002265.,1355,18422,19777
WBGene00002266.,775,6623,7398
WBGene00002267.,255,8063,8318
WBGene00002268.,2265,19988,22253
WBGene00002269.,682,7763,8445
WBGene00002270.,13,505,518
WBGene00002271.,40,2239,2279
WBGene00002272.,337,4461,4798
WBGene00002273.,15,3761,3776
WBGene00002274.,17,351,368
WBGene00002275.,13,464,477
WBGene00002276.,28,731,759
WBGene00002278.,172,649,821
WBGene00002280.,1199,13835,15034
WBGene00002282.,6,58,64
WBGene00002285.,0,58,58
WBGene00002295.,301,7250,7551
WBGene00002297.,118,553,671
WBGene00002299.,89,476,565
WBGene00002324.,28,1049,1077
WBGene00002335.,148,3082,3230
WBGene00002344.,482,24989,25471
WBGene00002348.,53,3072,3125
WBGene00002363.,28,2701,2729
WBGene00002368.,14,759,773
WBGene00002393.,24,135,159
WBGene00002497.,331,251,582
WBGene00002583.,443,3019,3462
WBGene00002601.,212,1180,1392
WBGene00002632.,115,666,781
WBGene00002637.,151,4890,5041
WBGene00002694.,61,1686,1747
WBGene00002696.,130,2846,2976
WBGene00002717.,1112,5612,6724
WBGene00002783.,621,1811,2432
WBGene00002804.,10,1078,1088
WBGene00002827.,22,151,173
WBGene00002845.,209,2513,2722
WBGene00002850.,187,3861,4048
WBGene00002855.,80,4127,4207
WBGene00002879.,81,930,1011
WBGene00002881.,458,3763,4221
WBGene00002889.,235,1933,2168
WBGene00002891.,35,1657,1692
WBGene00002915.,198,2114,2312
WBGene00002957.,127,2069,2196
WBGene00002974.,313,860,1173
WBGene00002975.,24,90,114
WBGene00002976.,281,1023,1304
WBGene00002977.,123,16,139
WBGene00002978.,2180,102965,105145
WBGene00002979.,638,1636,2274
WBGene00002980.,471,58926,59397
WBGene00002981.,545,24064,24609
WBGene00002982.,166,1494,1660
WBGene00002983.,54,191,245
WBGene00002985.,124,1928,2052
WBGene00002986.,78,804,882
WBGene00002987.,79,118,197
WBGene00002988.,43,275,318
WBGene00002989.,318,523,841
WBGene00002990.,598,1144,1742
WBGene00002991.,348,937,1285
WBGene00002992.,102,442,544
WBGene00002993.,0,0,0
WBGene00002994.,65,2804,2869
WBGene00002996.,64,244,308
WBGene00002997.,57,526,583
WBGene00002998.,77,1214,1291
WBGene00002999.,384,1687,2071
WBGene00003000.,59,239,298
WBGene00003001.,41,104,145
WBGene00003002.,338,3702,4040
WBGene00003003.,2331,4348,6679
WBGene00003006.,278,459,737
WBGene00003007.,100,402,502
WBGene00003008.,22,73,95
WBGene00003009.,118,1900,2018
WBGene00003010.,273,909,1182
WBGene00003011.,219,1269,1488
WBGene00003012.,40,1328,1368
WBGene00003014.,393,5860,6253
WBGene00003015.,129,84,213
WBGene00003017.,10,58,68
WBGene00003018.,118,2196,2314
WBGene00003019.,148,1402,1550
WBGene00003020.,326,872,1198
WBGene00003021.,167,1634,1801
WBGene00003022.,95,603,698
WBGene00003024.,402,2333,2735
WBGene00003025.,265,3545,3810
WBGene00003026.,139,1225,1364
WBGene00003029.,94,1271,1365
WBGene00003030.,334,2035,2369
WBGene00003031.,48,584,632
WBGene00003033.,13,203,216
WBGene00003034.,245,2801,3046
WBGene00003035.,84,763,847
WBGene00003036.,2,2755,2757
WBGene00003037.,22,802,824
WBGene00003038.,31,1054,1085
WBGene00003039.,0,2,2
WBGene00003040.,466,2924,3390
WBGene00003041.,165,1591,1756
WBGene00003043.,140,1734,1874
WBGene00003044.,441,1880,2321
WBGene00003045.,283,1415,1698
WBGene00003046.,7,119,126
WBGene00003047.,311,1721,2032
WBGene00003048.,3015,4676,7691
WBGene00003052.,100,6787,6887
WBGene00003053.,30,6725,6755
WBGene00003055.,13,113,126
WBGene00003056.,122,376,498
WBGene00003057.,0,1,1
WBGene00003058.,6,13,19
WBGene00003059.,84,777,861
WBGene00003060.,1184,2978,4162
WBGene00003061.,228,4056,4284
WBGene00003062.,23,1375,1398
WBGene00003063.,357,27495,27852
WBGene00003064.,7,1394,1401
WBGene00003065.,125,4241,4366
WBGene00003066.,53,828,881
WBGene00003067.,13,211,224
WBGene00003068.,244,1360,1604
WBGene00003071.,421,5226,5647
WBGene00003072.,324,4695,5019
WBGene00003073.,190,7080,7270
WBGene00003074.,56,869,925
WBGene00003075.,13,37,50
WBGene00003076.,104,1603,1707
WBGene00003077.,118,682,800
WBGene00003078.,29,1583,1612
WBGene00003079.,0,6169,6169
WBGene00003080.,123,1708,1831
WBGene00003081.,415,2498,2913
WBGene00003082.,205,1018,1223
WBGene00003083.,179,3570,3749
WBGene00003084.,183,1267,1450
WBGene00003085.,271,4324,4595
WBGene00003086.,741,1615,2356
WBGene00003087.,77,1381,1458
WBGene00003088.,0,0,0
WBGene00003089.,107,1204,1311
WBGene00003090.,3,1461,1464
WBGene00003091.,0,70,70
WBGene00003092.,3,221,224
WBGene00003093.,15,378,393
WBGene00003094.,1,12,13
WBGene00003095.,0,5,5
WBGene00003096.,1,14,15
WBGene00003097.,9,2757,2766
WBGene00003098.,1,5,6
WBGene00003099.,0,0,0
WBGene00003100.,27,13,40
WBGene00003102.,289,951,1240
WBGene00003104.,31,115,146
WBGene00003106.,57,176,233
WBGene00003107.,28,22,50
WBGene00003111.,135,1437,1572
WBGene00003112.,59,245,304
WBGene00003114.,84,129,213
WBGene00003119.,245,1152,1397
WBGene00003123.,11,2617,2628
WBGene00003124.,354,3013,3367
WBGene00003129.,133,1028,1161
WBGene00003130.,222,1530,1752
WBGene00003132.,78,1401,1479
WBGene00003133.,232,1322,1554
WBGene00003134.,86,597,683
WBGene00003136.,93,669,762
WBGene00003142.,113,797,910
WBGene00003143.,209,1145,1354
WBGene00003144.,441,1644,2085
WBGene00003148.,17,2607,2624
WBGene00003149.,332,1645,1977
WBGene00003150.,895,4150,5045
WBGene00003151.,164,1549,1713
WBGene00003153.,3078,6681,9759
WBGene00003154.,54,649,703
WBGene00003155.,16,899,915
WBGene00003156.,8,1100,1108
WBGene00003157.,20,1739,1759
WBGene00003158.,40,1457,1497
WBGene00003159.,0,662,662
WBGene00003160.,105,2025,2130
WBGene00003161.,65,1201,1266
WBGene00003162.,17,1916,1933
WBGene00003163.,404,14159,14563
WBGene00003164.,25,411,436
WBGene00003165.,77,559,636
WBGene00003166.,582,1020,1602
WBGene00003167.,21,158,179
WBGene00003168.,98,265,363
WBGene00003169.,176,1308,1484
WBGene00003170.,64,206,270
WBGene00003171.,136,1843,1979
WBGene00003172.,99,1694,1793
WBGene00003173.,91,252,343
WBGene00003174.,27,89,116
WBGene00003175.,129,1688,1817
WBGene00003176.,7,24,31
WBGene00003177.,94,690,784
WBGene00003178.,40,2158,2198
WBGene00003179.,54,379,433
WBGene00003180.,0,8,8
WBGene00003181.,0,82,82
WBGene00003182.,518,2197,2715
WBGene00003183.,8,770,778
WBGene00003184.,6,208,214
WBGene00003185.,1,921,922
WBGene00003186.,169,918,1087
WBGene00003196.,324,1243,1567
WBGene00003209.,389,2403,2792
WBGene00003210.,177,1986,2163
WBGene00003214.,93,1065,1158
WBGene00003216.,1,546,547
WBGene00003218.,83,3322,3405
WBGene00003219.,9,57,66
WBGene00003220.,141,928,1069
WBGene00003221.,479,1630,2109
WBGene00003222.,103,1128,1231
WBGene00003224.,45,250,295
WBGene00003225.,369,5260,5629
WBGene00003228.,15,300,315
WBGene00003229.,179,1679,1858
WBGene00003230.,5,319,324
WBGene00003231.,12,182,194
WBGene00003232.,75,188,263
WBGene00003233.,70,227,297
WBGene00003234.,403,2476,2879
WBGene00003235.,329,1761,2090
WBGene00003236.,3,408,411
WBGene00003237.,301,1963,2264
WBGene00003238.,276,1450,1726
WBGene00003239.,81,1674,1755
WBGene00003241.,132,1187,1319
WBGene00003242.,1058,21422,22480
WBGene00003243.,722,1824,2546
WBGene00003245.,28,433,461
WBGene00003246.,440,806,1246
WBGene00003247.,227,1661,1888
WBGene00003248.,30,94,124
WBGene00003249.,216,3037,3253
WBGene00003252.,12,350,362
WBGene00003253.,35,2158,2193
WBGene00003254.,23,288,311
WBGene00003258.,822,268,1090
WBGene00003260.,0,5,5
WBGene00003261.,0,0,0
WBGene00003262.,0,19,19
WBGene00003263.,0,0,0
WBGene00003264.,0,1,1
WBGene00003265.,0,0,0
WBGene00003266.,0,0,0
WBGene00003267.,0,0,0
WBGene00003268.,0,0,0
WBGene00003269.,0,0,0
WBGene00003270.,0,0,0
WBGene00003271.,0,0,0
WBGene00003272.,0,3,3
WBGene00003273.,0,2,2
WBGene00003274.,0,4,4
WBGene00003275.,0,24,24
WBGene00003277.,0,1,1
WBGene00003278.,0,0,0
WBGene00003279.,0,4,4
WBGene00003280.,0,3,3
WBGene00003281.,0,4,4
WBGene00003282.,0,0,0
WBGene00003283.,0,1,1
WBGene00003284.,0,1,1
WBGene00003285.,0,1,1
WBGene00003286.,0,0,0
WBGene00003287.,0,0,0
WBGene00003288.,0,0,0
WBGene00003289.,0,0,0
WBGene00003290.,0,0,0
WBGene00003291.,0,5,5
WBGene00003292.,0,0,0
WBGene00003293.,0,0,0
WBGene00003294.,0,0,0
WBGene00003295.,0,0,0
WBGene00003296.,0,0,0
WBGene00003297.,0,0,0
WBGene00003298.,0,0,0
WBGene00003299.,0,0,0
WBGene00003300.,0,8,8
WBGene00003301.,0,0,0
WBGene00003302.,0,0,0
WBGene00003303.,0,1,1
WBGene00003304.,0,8,8
WBGene00003305.,0,0,0
WBGene00003306.,0,1,1
WBGene00003307.,0,2,2
WBGene00003308.,0,23,23
WBGene00003309.,0,0,0
WBGene00003310.,0,0,0
WBGene00003311.,0,0,0
WBGene00003312.,0,0,0
WBGene00003313.,0,0,0
WBGene00003314.,0,0,0
WBGene00003315.,0,0,0
WBGene00003316.,0,0,0
WBGene00003317.,0,0,0
WBGene00003318.,0,0,0
WBGene00003319.,0,0,0
WBGene00003321.,0,3,3
WBGene00003322.,0,0,0
WBGene00003323.,0,0,0
WBGene00003324.,0,9,9
WBGene00003325.,0,1,1
WBGene00003326.,0,0,0
WBGene00003327.,0,0,0
WBGene00003328.,0,10,10
WBGene00003329.,0,4,4
WBGene00003330.,0,7,7
WBGene00003331.,0,19,19
WBGene00003332.,0,1,1
WBGene00003333.,0,1,1
WBGene00003334.,0,0,0
WBGene00003335.,0,1,1
WBGene00003336.,0,24,24
WBGene00003337.,0,0,0
WBGene00003338.,0,12,12
WBGene00003339.,0,5,5
WBGene00003340.,0,0,0
WBGene00003341.,0,0,0
WBGene00003342.,0,0,0
WBGene00003343.,0,0,0
WBGene00003344.,0,3,3
WBGene00003345.,0,0,0
WBGene00003346.,0,0,0
WBGene00003347.,0,0,0
WBGene00003348.,0,0,0
WBGene00003349.,0,9,9
WBGene00003350.,0,1,1
WBGene00003351.,0,0,0
WBGene00003352.,0,0,0
WBGene00003353.,0,0,0
WBGene00003354.,0,0,0
WBGene00003355.,0,0,0
WBGene00003356.,0,0,0
WBGene00003357.,0,2,2
WBGene00003358.,0,0,0
WBGene00003359.,0,0,0
WBGene00003360.,0,0,0
WBGene00003361.,0,0,0
WBGene00003362.,0,0,0
WBGene00003363.,0,0,0
WBGene00003364.,0,2,2
WBGene00003365.,0,0,0
WBGene00003366.,0,0,0
WBGene00003367.,750,6229,6979
WBGene00003368.,66,760,826
WBGene00003369.,171,17914,18085
WBGene00003370.,57342,292612,349954
WBGene00003371.,24424,381407,405831
WBGene00003372.,491,4649,5140
WBGene00003373.,61,452,513
WBGene00003374.,370,947,1317
WBGene00003375.,86,1320,1406
WBGene00003376.,134,581,715
WBGene00003377.,16,161,177
WBGene00003378.,584,3097,3681
WBGene00003380.,71,570,641
WBGene00003384.,15,153,168
WBGene00003385.,242,1492,1734
WBGene00003386.,63,360,423
WBGene00003387.,286,203,489
WBGene00003388.,133,942,1075
WBGene00003389.,60,2274,2334
WBGene00003390.,18,543,561
WBGene00003391.,635,3607,4242
WBGene00003392.,111,1199,1310
WBGene00003393.,180,2690,2870
WBGene00003394.,21,242,263
WBGene00003395.,9,471,480
WBGene00003396.,231,909,1140
WBGene00003397.,91,787,878
WBGene00003400.,303,443,746
WBGene00003401.,627,2199,2826
WBGene00003402.,56,269,325
WBGene00003403.,53,305,358
WBGene00003404.,1096,3376,4472
WBGene00003405.,67,1225,1292
WBGene00003406.,53,2040,2093
WBGene00003407.,575,1997,2572
WBGene00003408.,185,576,761
WBGene00003409.,51,265,316
WBGene00003410.,2,26,28
WBGene00003411.,158,1153,1311
WBGene00003412.,99,407,506
WBGene00003413.,573,275,848
WBGene00003414.,69,85,154
WBGene00003415.,60,2099,2159
WBGene00003417.,64,229,293
WBGene00003418.,50,591,641
WBGene00003420.,8,18,26
WBGene00003421.,132,855,987
WBGene00003422.,127,1437,1564
WBGene00003423.,1205,1472,2677
WBGene00003424.,0,1,1
WBGene00003425.,0,0,0
WBGene00003426.,0,0,0
WBGene00003429.,0,0,0
WBGene00003430.,0,1,1
WBGene00003431.,0,0,0
WBGene00003432.,0,0,0
WBGene00003433.,0,0,0
WBGene00003434.,0,2,2
WBGene00003435.,0,0,0
WBGene00003437.,0,2,2
WBGene00003438.,0,0,0
WBGene00003442.,0,0,0
WBGene00003443.,0,2,2
WBGene00003444.,0,0,0
WBGene00003445.,0,10,10
WBGene00003446.,0,0,0
WBGene00003448.,0,1,1
WBGene00003449.,0,0,0
WBGene00003450.,0,0,0
WBGene00003451.,0,0,0
WBGene00003452.,0,0,0
WBGene00003456.,0,0,0
WBGene00003457.,0,7,7
WBGene00003458.,0,0,0
WBGene00003460.,0,5,5
WBGene00003462.,0,0,0
WBGene00003463.,0,4,4
WBGene00003464.,0,0,0
WBGene00003465.,0,0,0
WBGene00003466.,0,0,0
WBGene00003467.,0,0,0
WBGene00003468.,0,1,1
WBGene00003469.,0,1,1
WBGene00003470.,0,0,0
WBGene00003471.,45,289,334
WBGene00003472.,335,1546,1881
WBGene00003473.,95,6907,7002
WBGene00003474.,42,1076,1118
WBGene00003475.,315,1115,1430
WBGene00003476.,1553,6115,7668
WBGene00003477.,48,393,441
WBGene00003478.,254,588,842
WBGene00003479.,295,754,1049
WBGene00003480.,104,500,604
WBGene00003482.,240,742,982
WBGene00003485.,49,254,303
WBGene00003495.,499,46642,47141
WBGene00003497.,146,1706,1852
WBGene00003499.,3,146,149
WBGene00003504.,12,798,810
WBGene00003507.,6,459,465
WBGene00003508.,132,1013,1145
WBGene00003509.,68,789,857
WBGene00003510.,276,2064,2340
WBGene00003511.,12,378,390
WBGene00003514.,128,4281,4409
WBGene00003515.,620,37250,37870
WBGene00003516.,122,1041,1163
WBGene00003517.,25,136,161
WBGene00003518.,44,112,156
WBGene00003519.,152,875,1027
WBGene00003520.,17,71,88
WBGene00003521.,0,0,0
WBGene00003522.,0,2,2
WBGene00003523.,89,63,152
WBGene00003524.,13,127,140
WBGene00003525.,608,1578,2186
WBGene00003526.,18,234,252
WBGene00003527.,41,184,225
WBGene00003528.,69,1736,1805
WBGene00003529.,2,7,9
WBGene00003530.,42,261,303
WBGene00003531.,5,7,12
WBGene00003532.,15,25,40
WBGene00003533.,9,20,29
WBGene00003534.,6,8,14
WBGene00003535.,2,3,5
WBGene00003536.,0,0,0
WBGene00003537.,0,0,0
WBGene00003538.,0,1,1
WBGene00003539.,0,4,4
WBGene00003540.,0,3,3
WBGene00003541.,14,3,17
WBGene00003542.,0,2,2
WBGene00003543.,5,5,10
WBGene00003544.,28,132,160
WBGene00003545.,6,7,13
WBGene00003546.,3,14,17
WBGene00003547.,11,96,107
WBGene00003548.,257,1495,1752
WBGene00003549.,44,520,564
WBGene00003550.,475,936,1411
WBGene00003551.,15,60,75
WBGene00003552.,152,218,370
WBGene00003553.,24,32,56
WBGene00003554.,14,11,25
WBGene00003555.,99,208,307
WBGene00003556.,11,1,12
WBGene00003558.,188,253,441
WBGene00003559.,1138,4338,5476
WBGene00003561.,309,644,953
WBGene00003562.,93,932,1025
WBGene00003563.,45,174,219
WBGene00003564.,50,4179,4229
WBGene00003565.,273,2145,2418
WBGene00003566.,382,2042,2424
WBGene00003567.,745,12369,13114
WBGene00003568.,147,1352,1499
WBGene00003569.,48,565,613
WBGene00003570.,3,32,35
WBGene00003571.,15,18,33
WBGene00003572.,8,51,59
WBGene00003573.,3,30,33
WBGene00003574.,6,4,10
WBGene00003575.,2,30,32
WBGene00003576.,203,1577,1780
WBGene00003577.,19,55,74
WBGene00003578.,186,945,1131
WBGene00003579.,6,102,108
WBGene00003580.,36,274,310
WBGene00003581.,110,1168,1278
WBGene00003582.,615,1851,2466
WBGene00003583.,46,767,813
WBGene00003584.,110,720,830
WBGene00003585.,234,98,332
WBGene00003586.,30,321,351
WBGene00003587.,89,3243,3332
WBGene00003588.,6,5246,5252
WBGene00003589.,148,1177,1325
WBGene00003590.,104,557,661
WBGene00003591.,128,1036,1164
WBGene00003592.,198,1695,1893
WBGene00003593.,203,1325,1528
WBGene00003594.,135,930,1065
WBGene00003595.,3,1,4
WBGene00003596.,1579,21753,23332
WBGene00003597.,844,2083,2927
WBGene00003598.,143,5093,5236
WBGene00003599.,517,2564,3081
WBGene00003600.,2428,4145,6573
WBGene00003601.,20,72,92
WBGene00003602.,259,4676,4935
WBGene00003603.,153,1367,1520
WBGene00003604.,147,582,729
WBGene00003605.,76,262,338
WBGene00003606.,172,772,944
WBGene00003607.,40,224,264
WBGene00003608.,4,64,68
WBGene00003609.,290,2105,2395
WBGene00003610.,15,42,57
WBGene00003611.,30,113,143
WBGene00003612.,78,259,337
WBGene00003613.,65,1579,1644
WBGene00003614.,488,275,763
WBGene00003615.,9,72,81
WBGene00003616.,245,620,865
WBGene00003617.,47,1332,1379
WBGene00003618.,925,4556,5481
WBGene00003619.,304,2769,3073
WBGene00003620.,425,1113,1538
WBGene00003621.,72,361,433
WBGene00003622.,83,176,259
WBGene00003623.,103,827,930
WBGene00003624.,63,506,569
WBGene00003625.,130,1371,1501
WBGene00003626.,289,1795,2084
WBGene00003627.,736,1915,2651
WBGene00003628.,852,3491,4343
WBGene00003629.,4,6,10
WBGene00003630.,1145,1951,3096
WBGene00003632.,248,2272,2520
WBGene00003633.,20,175,195
WBGene00003634.,140,747,887
WBGene00003635.,60,706,766
WBGene00003636.,802,1344,2146
WBGene00003637.,233,1663,1896
WBGene00003638.,206,1562,1768
WBGene00003639.,276,3143,3419
WBGene00003640.,91,877,968
WBGene00003641.,3,45,48
WBGene00003642.,4,17,21
WBGene00003643.,16,88,104
WBGene00003644.,33,249,282
WBGene00003645.,67,337,404
WBGene00003646.,66,727,793
WBGene00003647.,54,338,392
WBGene00003648.,14,255,269
WBGene00003649.,109,836,945
WBGene00003650.,15,35,50
WBGene00003651.,98,537,635
WBGene00003652.,94,529,623
WBGene00003653.,51,363,414
WBGene00003654.,339,1152,1491
WBGene00003655.,54,196,250
WBGene00003656.,155,1851,2006
WBGene00003657.,12,84,96
WBGene00003658.,42,234,276
WBGene00003659.,53,560,613
WBGene00003660.,170,1189,1359
WBGene00003661.,174,971,1145
WBGene00003662.,0,0,0
WBGene00003663.,0,0,0
WBGene00003664.,10,0,10
WBGene00003665.,0,2,2
WBGene00003667.,1,2,3
WBGene00003668.,317,535,852
WBGene00003669.,33,125,158
WBGene00003670.,32,318,350
WBGene00003671.,8,10,18
WBGene00003672.,0,1,1
WBGene00003673.,24,201,225
WBGene00003674.,80,1263,1343
WBGene00003675.,235,385,620
WBGene00003676.,235,650,885
WBGene00003677.,221,1144,1365
WBGene00003678.,1276,10625,11901
WBGene00003679.,2,4,6
WBGene00003680.,94,679,773
WBGene00003681.,210,1476,1686
WBGene00003682.,22,37,59
WBGene00003683.,47,176,223
WBGene00003684.,180,1334,1514
WBGene00003685.,239,1434,1673
WBGene00003686.,26,440,466
WBGene00003687.,170,5141,5311
WBGene00003688.,82,280,362
WBGene00003689.,46,274,320
WBGene00003690.,159,1573,1732
WBGene00003691.,689,2675,3364
WBGene00003692.,47,324,371
WBGene00003693.,30,635,665
WBGene00003694.,130,692,822
WBGene00003695.,707,3052,3759
WBGene00003696.,14,75,89
WBGene00003697.,113,566,679
WBGene00003698.,6,54,60
WBGene00003699.,18,588,606
WBGene00003700.,10,142,152
WBGene00003701.,1,0,1
WBGene00003702.,30,216,246
WBGene00003703.,8,6,14
WBGene00003704.,198,723,921
WBGene00003705.,31,114,145
WBGene00003706.,20,169,189
WBGene00003707.,77,760,837
WBGene00003708.,6,0,6
WBGene00003709.,126,389,515
WBGene00003710.,163,1031,1194
WBGene00003711.,15,32,47
WBGene00003712.,126,889,1015
WBGene00003713.,28,159,187
WBGene00003714.,29,23,52
WBGene00003715.,194,324,518
WBGene00003716.,26,247,273
WBGene00003717.,7,14,21
WBGene00003718.,36,257,293
WBGene00003719.,25,264,289
WBGene00003720.,45,226,271
WBGene00003721.,20,219,239
WBGene00003722.,123,816,939
WBGene00003723.,20,1094,1114
WBGene00003724.,73,1060,1133
WBGene00003725.,167,829,996
WBGene00003726.,170,1062,1232
WBGene00003727.,70,89,159
WBGene00003728.,512,2015,2527
WBGene00003729.,13,11,24
WBGene00003730.,7,121,128
WBGene00003731.,92,121,213
WBGene00003732.,69,311,380
WBGene00003733.,56,563,619
WBGene00003734.,0,2,2
WBGene00003735.,221,270,491
WBGene00003736.,45,106,151
WBGene00003738.,62,625,687
WBGene00003739.,263,2554,2817
WBGene00003740.,55,2541,2596
WBGene00003741.,7,4654,4661
WBGene00003742.,0,16,16
WBGene00003743.,187,696,883
WBGene00003744.,116,1387,1503
WBGene00003745.,107,1589,1696
WBGene00003746.,53,3654,3707
WBGene00003747.,41,1292,1333
WBGene00003748.,239,3469,3708
WBGene00003749.,205,3813,4018
WBGene00003750.,1028,7450,8478
WBGene00003751.,46,3812,3858
WBGene00003752.,22,1877,1899
WBGene00003753.,1014,5787,6801
WBGene00003754.,52,667,719
WBGene00003755.,342,14944,15286
WBGene00003756.,317,7342,7659
WBGene00003757.,45,643,688
WBGene00003758.,715,7205,7920
WBGene00003759.,615,3144,3759
WBGene00003760.,2,1,3
WBGene00003761.,0,144,144
WBGene00003762.,578,4618,5196
WBGene00003763.,9,29,38
WBGene00003764.,58,638,696
WBGene00003765.,591,5393,5984
WBGene00003766.,785,12208,12993
WBGene00003767.,1594,29627,31221
WBGene00003768.,76,941,1017
WBGene00003769.,348,5520,5868
WBGene00003770.,5,40,45
WBGene00003771.,1594,8425,10019
WBGene00003772.,66,433,499
WBGene00003773.,301,2144,2445
WBGene00003774.,23,67,90
WBGene00003775.,38,93,131
WBGene00003776.,202,1875,2077
WBGene00003777.,237,5116,5353
WBGene00003778.,255,1649,1904
WBGene00003779.,82,467,549
WBGene00003783.,11,753,764
WBGene00003784.,0,43,43
WBGene00003785.,75,1405,1480
WBGene00003786.,169,1444,1613
WBGene00003787.,20,970,990
WBGene00003788.,174,1257,1431
WBGene00003789.,127,825,952
WBGene00003790.,60,702,762
WBGene00003791.,10,804,814
WBGene00003792.,143,1529,1672
WBGene00003793.,58,1489,1547
WBGene00003794.,671,1266,1937
WBGene00003795.,15,1457,1472
WBGene00003796.,79,1739,1818
WBGene00003797.,51,836,887
WBGene00003798.,55,1863,1918
WBGene00003799.,462,1088,1550
WBGene00003800.,37,1744,1781
WBGene00003801.,20,909,929
WBGene00003802.,23,2707,2730
WBGene00003803.,106,1666,1772
WBGene00003804.,64,1232,1296
WBGene00003805.,42,937,979
WBGene00003806.,220,1162,1382
WBGene00003807.,43,209,252
WBGene00003808.,207,1542,1749
WBGene00003812.,84,3383,3467
WBGene00003813.,56,200,256
WBGene00003815.,56,659,715
WBGene00003816.,8,28,36
WBGene00003818.,114,1559,1673
WBGene00003821.,910,14441,15351
WBGene00003822.,186,3854,4040
WBGene00003825.,235,5651,5886
WBGene00003826.,773,1462,2235
WBGene00003827.,365,2442,2807
WBGene00003828.,156,1123,1279
WBGene00003829.,1,1232,1233
WBGene00003830.,126,1258,1384
WBGene00003831.,1363,9883,11246
WBGene00003834.,167,3924,4091
WBGene00003835.,12,394,406
WBGene00003836.,251,1740,1991
WBGene00003837.,262,64,326
WBGene00003838.,14,86,100
WBGene00003839.,36,156,192
WBGene00003840.,22,60,82
WBGene00003841.,7,16,23
WBGene00003842.,23,60,83
WBGene00003843.,33,482,515
WBGene00003844.,5,179,184
WBGene00003845.,1,2,3
WBGene00003846.,0,197,197
WBGene00003847.,49,273,322
WBGene00003848.,22,52,74
WBGene00003849.,290,725,1015
WBGene00003850.,37,309,346
WBGene00003851.,111,1123,1234
WBGene00003854.,6,23,29
WBGene00003856.,188,1103,1291
WBGene00003858.,1227,7645,8872
WBGene00003859.,80,568,648
WBGene00003860.,261,2049,2310
WBGene00003861.,130,1744,1874
WBGene00003862.,10,66,76
WBGene00003863.,4,2,6
WBGene00003864.,3,165,168
WBGene00003865.,4,226,230
WBGene00003868.,115,1125,1240
WBGene00003870.,13,930,943
WBGene00003876.,101,573,674
WBGene00003877.,8,77,85
WBGene00003878.,19,244,263
WBGene00003879.,0,4,4
WBGene00003882.,37,413,450
WBGene00003883.,70,252,322
WBGene00003884.,86,347,433
WBGene00003885.,115,427,542
WBGene00003886.,63,387,450
WBGene00003887.,106,263,369
WBGene00003888.,2,6,8
WBGene00003889.,16,32,48
WBGene00003890.,28,190,218
WBGene00003891.,40,7013,7053
WBGene00003892.,124,305,429
WBGene00003893.,4396,36237,40633
WBGene00003898.,150,691,841
WBGene00003901.,48,3217,3265
WBGene00003902.,1083,57900,58983
WBGene00003903.,133,11299,11432
WBGene00003904.,26,2459,2485
WBGene00003905.,741,1420,2161
WBGene00003906.,9,14,23
WBGene00003907.,222,718,940
WBGene00003909.,35,316,351
WBGene00003911.,85,657,742
WBGene00003912.,84,658,742
WBGene00003914.,174,1024,1198
WBGene00003915.,314,1984,2298
WBGene00003916.,1932,2748,4680
WBGene00003917.,161,336,497
WBGene00003918.,177,1274,1451
WBGene00003919.,111,150,261
WBGene00003920.,190,23895,24085
WBGene00003921.,85,405,490
WBGene00003922.,4,842,846
WBGene00003923.,13,2402,2415
WBGene00003924.,10,4518,4528
WBGene00003925.,146,2108,2254
WBGene00003926.,109,2848,2957
WBGene00003927.,27,2979,3006
WBGene00003928.,9,1106,1115
WBGene00003929.,206,2931,3137
WBGene00003930.,157,2031,2188
WBGene00003931.,78,996,1074
WBGene00003932.,205,1894,2099
WBGene00003933.,98,1549,1647
WBGene00003934.,15594,345371,360965
WBGene00003936.,589,1367,1956
WBGene00003937.,2,19,21
WBGene00003938.,28,52,80
WBGene00003939.,76,205,281
WBGene00003941.,258,1521,1779
WBGene00003943.,52,413,465
WBGene00003947.,29,2846,2875
WBGene00003948.,4,2578,2582
WBGene00003949.,37,2928,2965
WBGene00003950.,159,3458,3617
WBGene00003951.,95,1563,1658
WBGene00003952.,210,1790,2000
WBGene00003953.,19,2592,2611
WBGene00003954.,278,1709,1987
WBGene00003955.,11,2187,2198
WBGene00003956.,25,835,860
WBGene00003957.,2,19,21
WBGene00003958.,5,130,135
WBGene00003959.,16,160,176
WBGene00003960.,87,688,775
WBGene00003961.,491,1923,2414
WBGene00003962.,212,4544,4756
WBGene00003963.,29,2832,2861
WBGene00003964.,488,8843,9331
WBGene00003965.,90,709,799
WBGene00003966.,510,2075,2585
WBGene00003967.,124,1033,1157
WBGene00003968.,170,732,902
WBGene00003969.,250,1468,1718
WBGene00003970.,154,1551,1705
WBGene00003975.,208,1488,1696
WBGene00003976.,6,261,267
WBGene00003977.,0,0,0
WBGene00003978.,291,538,829
WBGene00003979.,5,498,503
WBGene00003980.,160,867,1027
WBGene00003981.,13,13,26
WBGene00003982.,7,863,870
WBGene00003983.,0,1,1
WBGene00003986.,71,625,696
WBGene00003987.,9,20,29
WBGene00003989.,38,2278,2316
WBGene00003990.,23,777,800
WBGene00003991.,274,2425,2699
WBGene00003992.,21,2195,2216
WBGene00003993.,75,490,565
WBGene00003994.,10,436,446
WBGene00003995.,98,170,268
WBGene00003996.,104,269,373
WBGene00003997.,10,37,47
WBGene00003998.,49,71,120
WBGene00003999.,17,45,62
WBGene00004000.,21,97,118
WBGene00004001.,1,4,5
WBGene00004002.,10,33,43
WBGene00004003.,45,129,174
WBGene00004004.,128,663,791
WBGene00004005.,32,87,119
WBGene00004006.,12,49,61
WBGene00004007.,3,18,21
WBGene00004008.,0,67,67
WBGene00004009.,0,3,3
WBGene00004010.,60,351,411
WBGene00004011.,14,34,48
WBGene00004013.,228,1060,1288
WBGene00004014.,13,3218,3231
WBGene00004015.,10,3166,3176
WBGene00004016.,240,379,619
WBGene00004017.,3,3,6
WBGene00004020.,8,31,39
WBGene00004023.,388,1874,2262
WBGene00004024.,73,413,486
WBGene00004025.,48,316,364
WBGene00004026.,28,4,32
WBGene00004027.,37,238,275
WBGene00004028.,316,430,746
WBGene00004029.,322,456,778
WBGene00004030.,58,360,418
WBGene00004031.,75,1195,1270
WBGene00004032.,601,2839,3440
WBGene00004033.,461,889,1350
WBGene00004034.,141,500,641
WBGene00004035.,453,3802,4255
WBGene00004036.,515,1436,1951
WBGene00004037.,54,322,376
WBGene00004038.,57,528,585
WBGene00004039.,175,2286,2461
WBGene00004040.,249,2339,2588
WBGene00004041.,0,498,498
WBGene00004042.,15,1826,1841
WBGene00004043.,32,285,317
WBGene00004044.,21,486,507
WBGene00004045.,388,571,959
WBGene00004046.,198,12460,12658
WBGene00004047.,526,705,1231
WBGene00004048.,25,426,451
WBGene00004049.,214,602,816
WBGene00004050.,18,933,951
WBGene00004051.,200,1307,1507
WBGene00004052.,3,18,21
WBGene00004053.,257,4698,4955
WBGene00004054.,89,23,112
WBGene00004055.,159,1145,1304
WBGene00004056.,179,720,899
WBGene00004057.,94,519,613
WBGene00004058.,18,83,101
WBGene00004059.,79,312,391
WBGene00004060.,410,1195,1605
WBGene00004061.,7,154,161
WBGene00004062.,8,80,88
WBGene00004063.,105,724,829
WBGene00004064.,190,1248,1438
WBGene00004068.,108,938,1046
WBGene00004075.,73,1306,1379
WBGene00004076.,485,1865,2350
WBGene00004077.,377,1677,2054
WBGene00004078.,2,158,160
WBGene00004083.,41,1108,1149
WBGene00004084.,1,2,3
WBGene00004085.,114,981,1095
WBGene00004086.,111,521,632
WBGene00004087.,338,1699,2037
WBGene00004088.,303,1593,1896
WBGene00004089.,49,350,399
WBGene00004090.,116,712,828
WBGene00004091.,150,1812,1962
WBGene00004092.,82,1037,1119
WBGene00004093.,22,547,569
WBGene00004094.,35,1741,1776
WBGene00004095.,267,3424,3691
WBGene00004096.,46,612,658
WBGene00004098.,2,2,4
WBGene00004099.,0,3,3
WBGene00004100.,212,1176,1388
WBGene00004101.,259,1382,1641
WBGene00004102.,2,6,8
WBGene00004103.,13,0,13
WBGene00004104.,19,28,47
WBGene00004105.,140,1204,1344
WBGene00004106.,81,1952,2033
WBGene00004107.,0,15,15
WBGene00004108.,906,2327,3233
WBGene00004109.,351,1676,2027
WBGene00004110.,339,1781,2120
WBGene00004111.,201,1489,1690
WBGene00004112.,237,835,1072
WBGene00004113.,303,7508,7811
WBGene00004114.,43,1643,1686
WBGene00004115.,42,36,78
WBGene00004116.,379,1093,1472
WBGene00004117.,373,3032,3405
WBGene00004118.,23,120,143
WBGene00004119.,37,329,366
WBGene00004120.,1,12,13
WBGene00004121.,202,946,1148
WBGene00004122.,257,1487,1744
WBGene00004123.,30,87,117
WBGene00004124.,30,239,269
WBGene00004125.,116,626,742
WBGene00004126.,211,1309,1520
WBGene00004127.,26,30,56
WBGene00004128.,1190,4257,5447
WBGene00004129.,26,349,375
WBGene00004130.,536,8081,8617
WBGene00004131.,2441,8315,10756
WBGene00004132.,304,3594,3898
WBGene00004133.,17,51,68
WBGene00004134.,453,559,1012
WBGene00004135.,6031,53286,59317
WBGene00004136.,331,3915,4246
WBGene00004138.,678,6284,6962
WBGene00004139.,1,15,16
WBGene00004140.,26,991,1017
WBGene00004141.,0,1,1
WBGene00004143.,609,25813,26422
WBGene00004144.,4,302,306
WBGene00004145.,791,9449,10240
WBGene00004146.,0,10,10
WBGene00004147.,613,3275,3888
WBGene00004148.,262,1808,2070
WBGene00004149.,15,11,26
WBGene00004150.,7,29,36
WBGene00004151.,169,792,961
WBGene00004152.,218,3294,3512
WBGene00004153.,0,72,72
WBGene00004154.,161,177,338
WBGene00004155.,12,32,44
WBGene00004156.,7,9,16
WBGene00004157.,180,9903,10083
WBGene00004158.,0,0,0
WBGene00004159.,0,0,0
WBGene00004160.,0,0,0
WBGene00004161.,507,1585,2092
WBGene00004163.,33,46,79
WBGene00004164.,458,2920,3378
WBGene00004165.,13,5,18
WBGene00004166.,381,3091,3472
WBGene00004167.,1142,4532,5674
WBGene00004168.,76,3690,3766
WBGene00004169.,220,1236,1456
WBGene00004170.,0,0,0
WBGene00004171.,0,0,0
WBGene00004172.,49,423,472
WBGene00004173.,80,844,924
WBGene00004174.,1,121,122
WBGene00004175.,9,149,158
WBGene00004176.,0,52,52
WBGene00004177.,12,333,345
WBGene00004178.,30,1207,1237
WBGene00004179.,40,708,748
WBGene00004180.,65,642,707
WBGene00004181.,99,660,759
WBGene00004182.,406,1261,1667
WBGene00004183.,95,620,715
WBGene00004184.,135,2609,2744
WBGene00004185.,77,4559,4636
WBGene00004186.,601,2418,3019
WBGene00004187.,221,4496,4717
WBGene00004188.,93,846,939
WBGene00004189.,45,1687,1732
WBGene00004190.,41,243,284
WBGene00004191.,68,45,113
WBGene00004192.,321,214,535
WBGene00004193.,21,69,90
WBGene00004194.,66,295,361
WBGene00004195.,19,78,97
WBGene00004196.,0,0,0
WBGene00004197.,19,114,133
WBGene00004198.,19,203,222
WBGene00004199.,3,200,203
WBGene00004201.,24,1345,1369
WBGene00004202.,338,1833,2171
WBGene00004203.,205,1053,1258
WBGene00004204.,402,6057,6459
WBGene00004205.,23,306,329
WBGene00004206.,152,347,499
WBGene00004207.,301,983,1284
WBGene00004208.,511,8001,8512
WBGene00004209.,1,3,4
WBGene00004210.,175,1062,1237
WBGene00004211.,16,68,84
WBGene00004212.,121,3729,3850
WBGene00004213.,900,4178,5078
WBGene00004214.,61,1117,1178
WBGene00004215.,1331,1998,3329
WBGene00004216.,11,24,35
WBGene00004217.,26,246,272
WBGene00004218.,57,239,296
WBGene00004219.,27,138,165
WBGene00004220.,100,467,567
WBGene00004221.,42,325,367
WBGene00004222.,77,1063,1140
WBGene00004223.,5,9,14
WBGene00004224.,11,24,35
WBGene00004225.,148,603,751
WBGene00004226.,71,444,515
WBGene00004227.,26,76,102
WBGene00004228.,61,168,229
WBGene00004229.,8,24,32
WBGene00004230.,40,33,73
WBGene00004231.,49,72,121
WBGene00004232.,61,47,108
WBGene00004233.,17,5,22
WBGene00004234.,16,89,105
WBGene00004235.,77,493,570
WBGene00004236.,61,25,86
WBGene00004237.,140,932,1072
WBGene00004238.,1003,3378,4381
WBGene00004239.,1,210,211
WBGene00004240.,27,3,30
WBGene00004241.,3,199,202
WBGene00004242.,8,150,158
WBGene00004243.,7,223,230
WBGene00004244.,101,1149,1250
WBGene00004245.,328,2150,2478
WBGene00004246.,11,13,24
WBGene00004248.,31,1464,1495
WBGene00004249.,1119,9464,10583
WBGene00004254.,280,1436,1716
WBGene00004255.,35,136,171
WBGene00004256.,104,232,336
WBGene00004257.,29,186,215
WBGene00004258.,306,5710,6016
WBGene00004259.,85,4005,4090
WBGene00004264.,12,191,203
WBGene00004265.,197,392,589
WBGene00004266.,138,10767,10905
WBGene00004267.,116,1598,1714
WBGene00004268.,149,4484,4633
WBGene00004269.,38,605,643
WBGene00004270.,35,1411,1446
WBGene00004271.,336,1194,1530
WBGene00004272.,81,8474,8555
WBGene00004273.,97,2453,2550
WBGene00004274.,110,8839,8949
WBGene00004275.,25,26,51
WBGene00004276.,138,2777,2915
WBGene00004277.,169,1275,1444
WBGene00004278.,464,5287,5751
WBGene00004279.,33,407,440
WBGene00004281.,46,327,373
WBGene00004282.,306,395,701
WBGene00004283.,90,168,258
WBGene00004284.,70,885,955
WBGene00004285.,118,272,390
WBGene00004286.,67,2177,2244
WBGene00004287.,1,0,1
WBGene00004296.,205,2881,3086
WBGene00004297.,89,829,918
WBGene00004298.,61,273,334
WBGene00004300.,14,56106,56120
WBGene00004301.,37,48,85
WBGene00004302.,167,5231,5398
WBGene00004303.,68,1165,1233
WBGene00004304.,164,1689,1853
WBGene00004305.,32,1868,1900
WBGene00004306.,146,1523,1669
WBGene00004307.,103,2059,2162
WBGene00004308.,102,1768,1870
WBGene00004309.,9,46,55
WBGene00004310.,354,2016,2370
WBGene00004311.,337,1849,2186
WBGene00004312.,147,803,950
WBGene00004313.,173,2343,2516
WBGene00004314.,603,629,1232
WBGene00004315.,84,2789,2873
WBGene00004316.,785,912,1697
WBGene00004317.,152,1385,1537
WBGene00004318.,338,2318,2656
WBGene00004319.,160,2785,2945
WBGene00004320.,222,3376,3598
WBGene00004321.,29,2412,2441
WBGene00004322.,217,2175,2392
WBGene00004323.,303,1894,2197
WBGene00004324.,127,743,870
WBGene00004326.,27,1790,1817
WBGene00004328.,17,75,92
WBGene00004332.,28,494,522
WBGene00004333.,82,561,643
WBGene00004334.,1,55,56
WBGene00004335.,57,294,351
WBGene00004336.,1646,25503,27149
WBGene00004337.,393,3576,3969
WBGene00004338.,133,610,743
WBGene00004339.,81,576,657
WBGene00004340.,210,1875,2085
WBGene00004341.,122,923,1045
WBGene00004342.,25,53,78
WBGene00004343.,232,1268,1500
WBGene00004344.,44,950,994
WBGene00004345.,573,874,1447
WBGene00004346.,88,328,416
WBGene00004347.,1841,608,2449
WBGene00004348.,64,570,634
WBGene00004349.,383,1046,1429
WBGene00004350.,214,692,906
WBGene00004351.,0,0,0
WBGene00004352.,2,5,7
WBGene00004353.,3,17,20
WBGene00004354.,1,5,6
WBGene00004355.,43,1151,1194
WBGene00004356.,39,1041,1080
WBGene00004357.,1085,5378,6463
WBGene00004358.,288,2458,2746
WBGene00004359.,20,66,86
WBGene00004360.,72,478,550
WBGene00004361.,26,284,310
WBGene00004363.,74,2091,2165
WBGene00004364.,339,3536,3875
WBGene00004367.,213,806,1019
WBGene00004368.,174,910,1084
WBGene00004369.,93,830,923
WBGene00004370.,66,452,518
WBGene00004371.,198,1290,1488
WBGene00004372.,92,243,335
WBGene00004373.,538,2658,3196
WBGene00004374.,114,677,791
WBGene00004375.,282,992,1274
WBGene00004377.,67,403,470
WBGene00004378.,363,1903,2266
WBGene00004380.,172,1867,2039
WBGene00004381.,107,653,760
WBGene00004382.,818,5171,5989
WBGene00004383.,34,957,991
WBGene00004384.,806,1705,2511
WBGene00004385.,115,1372,1487
WBGene00004386.,86,1179,1265
WBGene00004387.,127,4370,4497
WBGene00004388.,80,1467,1547
WBGene00004389.,240,1908,2148
WBGene00004390.,655,5343,5998
WBGene00004391.,64,2652,2716
WBGene00004392.,50,4953,5003
WBGene00004393.,298,733,1031
WBGene00004394.,4,1,5
WBGene00004395.,21,148,169
WBGene00004397.,4,28,32
WBGene00004398.,3,10,13
WBGene00004400.,2,135,137
WBGene00004401.,317,420,737
WBGene00004402.,24,10,34
WBGene00004403.,360,562,922
WBGene00004404.,191,608,799
WBGene00004405.,21,1422,1443
WBGene00004408.,146,252589,252735
WBGene00004409.,7976,85245,93221
WBGene00004410.,24265,111709,135974
WBGene00004411.,108,1667,1775
WBGene00004412.,28406,204081,232487
WBGene00004413.,380,167646,168026
WBGene00004414.,9446,214794,224240
WBGene00004415.,264,114661,114925
WBGene00004416.,14724,205287,220011
WBGene00004417.,14076,187410,201486
WBGene00004418.,31764,226730,258494
WBGene00004419.,29282,258448,287730
WBGene00004420.,19978,165447,185425
WBGene00004421.,12723,265271,277994
WBGene00004422.,1240,17684,18924
WBGene00004423.,23364,202884,226248
WBGene00004424.,46030,343603,389633
WBGene00004425.,15478,239001,254479
WBGene00004426.,18137,185384,203521
WBGene00004427.,2283,223383,225666
WBGene00004428.,17840,207471,225311
WBGene00004429.,47095,201404,248499
WBGene00004430.,29647,222553,252200
WBGene00004431.,15776,224110,239886
WBGene00004432.,1253,182308,183561
WBGene00004433.,11526,214811,226337
WBGene00004434.,12338,156389,168727
WBGene00004435.,12209,172295,184504
WBGene00004436.,23192,210330,233522
WBGene00004437.,3389,44701,48090
WBGene00004438.,3801,30083,33884
WBGene00004439.,11708,87867,99575
WBGene00004440.,5201,160025,165226
WBGene00004441.,29589,102877,132466
WBGene00004442.,12199,110243,122442
WBGene00004443.,67510,43622,111132
WBGene00004444.,12134,108600,120734
WBGene00004445.,7990,171428,179418
WBGene00004446.,36451,254371,290822
WBGene00004447.,26319,175789,202108
WBGene00004448.,8589,145175,153764
WBGene00004449.,20303,206039,226342
WBGene00004450.,8734,191356,200090
WBGene00004451.,0,56,56
WBGene00004452.,8513,170461,178974
WBGene00004453.,4043,136961,141004
WBGene00004454.,17405,165944,183349
WBGene00004455.,5,13,18
WBGene00004456.,0,156272,156272
WBGene00004457.,20,916,936
WBGene00004458.,52,1438,1490
WBGene00004459.,11,1913,1924
WBGene00004460.,29,2564,2593
WBGene00004461.,32,1627,1659
WBGene00004462.,154,3402,3556
WBGene00004463.,47,2597,2644
WBGene00004464.,477,2508,2985
WBGene00004465.,112,1902,2014
WBGene00004466.,27,1599,1626
WBGene00004467.,40,3128,3168
WBGene00004468.,145,1332,1477
WBGene00004469.,1960,159174,161134
WBGene00004470.,9533,212112,221645
WBGene00004471.,92,144576,144668
WBGene00004472.,18865,208820,227685
WBGene00004473.,12737,174876,187613
WBGene00004474.,24009,209471,233480
WBGene00004475.,7274,123713,130987
WBGene00004476.,30148,206763,236911
WBGene00004477.,24178,254523,278701
WBGene00004478.,20823,270379,291202
WBGene00004479.,16050,190774,206824
WBGene00004480.,35183,227145,262328
WBGene00004481.,4046,166800,170846
WBGene00004482.,17110,172767,189877
WBGene00004483.,27724,262811,290535
WBGene00004484.,19774,196502,216276
WBGene00004485.,2657,69806,72463
WBGene00004486.,10922,143455,154377
WBGene00004487.,25764,194655,220419
WBGene00004488.,21926,206823,228749
WBGene00004489.,22283,197880,220163
WBGene00004490.,35325,82620,117945
WBGene00004491.,1920,135602,137522
WBGene00004492.,22892,250651,273543
WBGene00004493.,13103,180053,193156
WBGene00004494.,35366,306725,342091
WBGene00004495.,10052,201620,211672
WBGene00004496.,15501,150043,165544
WBGene00004497.,4549,111779,116328
WBGene00004498.,75251,83016,158267
WBGene00004499.,22070,181645,203715
WBGene00004501.,27,1195,1222
WBGene00004502.,28,2177,2205
WBGene00004503.,9,1985,1994
WBGene00004504.,363,2241,2604
WBGene00004505.,14,1746,1760
WBGene00004506.,48,3024,3072
WBGene00004507.,45,796,841
WBGene00004508.,63,1084,1147
WBGene00004509.,211,1223,1434
WBGene00004510.,39,828,867
WBGene00004512.,0,0,0
WBGene00004513.,0,0,0
WBGene00004567.,0,130572,130572
WBGene00004622.,0,10671956,10671956
WBGene00004677.,0,148049,148049
WBGene00004679.,429,4227,4656
WBGene00004680.,134,738,872
WBGene00004681.,626,1470,2096
WBGene00004682.,195,2027,2222
WBGene00004684.,96,955,1051
WBGene00004698.,8,2081,2089
WBGene00004699.,64,1544,1608
WBGene00004700.,218,4842,5060
WBGene00004701.,13,2036,2049
WBGene00004702.,14,1306,1320
WBGene00004703.,125,3245,3370
WBGene00004704.,139,3836,3975
WBGene00004705.,415,3253,3668
WBGene00004706.,149,1081,1230
WBGene00004708.,0,0,0
WBGene00004716.,0,4,4
WBGene00004717.,0,0,0
WBGene00004719.,206,571,777
WBGene00004721.,107,845,952
WBGene00004723.,59,1021,1080
WBGene00004726.,33,929,962
WBGene00004727.,272,2590,2862
WBGene00004728.,404,2267,2671
WBGene00004729.,182,825,1007
WBGene00004732.,832,2680,3512
WBGene00004735.,446,885,1331
WBGene00004736.,2131,45747,47878
WBGene00004737.,2,1172,1174
WBGene00004738.,58,2163,2221
WBGene00004739.,1157,3690,4847
WBGene00004740.,163,895,1058
WBGene00004742.,2,21,23
WBGene00004743.,518,1208,1726
WBGene00004744.,64,868,932
WBGene00004745.,52,434,486
WBGene00004746.,67,2647,2714
WBGene00004747.,51,568,619
WBGene00004748.,63,573,636
WBGene00004749.,110,2636,2746
WBGene00004750.,0,2,2
WBGene00004751.,1159,2685,3844
WBGene00004752.,66,792,858
WBGene00004753.,191,826,1017
WBGene00004754.,344,781,1125
WBGene00004755.,27,855,882
WBGene00004756.,34,713,747
WBGene00004758.,123,4193,4316
WBGene00004759.,57,2179,2236
WBGene00004760.,450,2633,3083
WBGene00004762.,241,1298,1539
WBGene00004764.,48,212,260
WBGene00004765.,320,340,660
WBGene00004766.,242,5113,5355
WBGene00004767.,70,1074,1144
WBGene00004768.,25,785,810
WBGene00004769.,21,346,367
WBGene00004771.,151,681,832
WBGene00004773.,1224,3349,4573
WBGene00004774.,28,739,767
WBGene00004775.,53,551,604
WBGene00004776.,109,53,162
WBGene00004777.,183,325,508
WBGene00004778.,34,375,409
WBGene00004779.,197,413,610
WBGene00004780.,117,234,351
WBGene00004781.,24,1780,1804
WBGene00004782.,184,1719,1903
WBGene00004783.,493,2710,3203
WBGene00004786.,63,411,474
WBGene00004787.,99,332,431
WBGene00004788.,54,1898,1952
WBGene00004789.,82,377,459
WBGene00004790.,160,902,1062
WBGene00004793.,161,137,298
WBGene00004795.,71,438,509
WBGene00004796.,22,89,111
WBGene00004798.,742,8680,9422
WBGene00004800.,108,1650,1758
WBGene00004801.,141,1385,1526
WBGene00004802.,16,27,43
WBGene00004803.,106,557,663
WBGene00004804.,684,4634,5318
WBGene00004806.,248,1625,1873
WBGene00004807.,96,19206,19302
WBGene00004808.,35,2600,2635
WBGene00004809.,204,1759,1963
WBGene00004810.,3,52,55
WBGene00004811.,28,345,373
WBGene00004812.,0,2,2
WBGene00004813.,0,3,3
WBGene00004814.,0,1,1
WBGene00004815.,0,0,0
WBGene00004816.,0,7,7
WBGene00004817.,0,4,4
WBGene00004818.,0,4,4
WBGene00004819.,0,4,4
WBGene00004820.,0,3,3
WBGene00004821.,0,4,4
WBGene00004822.,0,832,832
WBGene00004823.,0,213,213
WBGene00004824.,179,937,1116
WBGene00004825.,0,374,374
WBGene00004826.,0,1146,1146
WBGene00004827.,0,52,52
WBGene00004829.,337,1788,2125
WBGene00004830.,217,792,1009
WBGene00004831.,330,637,967
WBGene00004833.,0,217,217
WBGene00004834.,0,18,18
WBGene00004835.,0,22,22
WBGene00004836.,0,1130,1130
WBGene00004837.,0,0,0
WBGene00004838.,0,0,0
WBGene00004839.,0,20,20
WBGene00004840.,0,37,37
WBGene00004841.,0,58,58
WBGene00004842.,0,4,4
WBGene00004843.,0,1,1
WBGene00004844.,0,0,0
WBGene00004845.,0,0,0
WBGene00004846.,0,10,10
WBGene00004847.,0,0,0
WBGene00004848.,0,8,8
WBGene00004849.,0,13,13
WBGene00004850.,0,0,0
WBGene00004851.,0,1,1
WBGene00004854.,84,659,743
WBGene00004855.,330,4026,4356
WBGene00004856.,352,1078,1430
WBGene00004857.,55,308,363
WBGene00004858.,106,414,520
WBGene00004859.,111,226,337
WBGene00004860.,45,329,374
WBGene00004862.,952,6218,7170
WBGene00004873.,505,2385,2890
WBGene00004874.,159,3226,3385
WBGene00004875.,11,45,56
WBGene00004876.,23,229,252
WBGene00004877.,5,7,12
WBGene00004878.,34,115,149
WBGene00004879.,567,3786,4353
WBGene00004880.,183,1569,1752
WBGene00004881.,339,2390,2729
WBGene00004882.,93,2118,2211
WBGene00004883.,7,349,356
WBGene00004884.,458,3233,3691
WBGene00004885.,29,748,777
WBGene00004886.,105,818,923
WBGene00004887.,123,2080,2203
WBGene00004888.,370,5227,5597
WBGene00004889.,135,1007,1142
WBGene00004890.,94,424,518
WBGene00004891.,113,2505,2618
WBGene00004892.,800,2802,3602
WBGene00004893.,89,529,618
WBGene00004894.,1010,886,1896
WBGene00004895.,2726,919,3645
WBGene00004896.,934,3414,4348
WBGene00004897.,31,8771,8802
WBGene00004898.,22,389,411
WBGene00004899.,13,4,17
WBGene00004900.,68,780,848
WBGene00004901.,8,13,21
WBGene00004902.,158,2410,2568
WBGene00004903.,3,27,30
WBGene00004904.,11,7,18
WBGene00004905.,213,200,413
WBGene00004906.,32,14,46
WBGene00004907.,19,37,56
WBGene00004908.,11,2,13
WBGene00004909.,5,8,13
WBGene00004910.,92,1103,1195
WBGene00004911.,19,266,285
WBGene00004912.,48,646,694
WBGene00004913.,115,367,482
WBGene00004914.,84,5549,5633
WBGene00004915.,9,2414,2423
WBGene00004916.,180,7303,7483
WBGene00004917.,123,3966,4089
WBGene00004918.,480,3722,4202
WBGene00004919.,124,3635,3759
WBGene00004920.,484,5594,6078
WBGene00004921.,243,1954,2197
WBGene00004922.,186,401,587
WBGene00004923.,644,1209,1853
WBGene00004924.,413,4885,5298
WBGene00004925.,404,695,1099
WBGene00004926.,43,361,404
WBGene00004927.,138,1194,1332
WBGene00004928.,151,648,799
WBGene00004929.,937,1622,2559
WBGene00004930.,467,7994,8461
WBGene00004931.,257,2247,2504
WBGene00004932.,193,1630,1823
WBGene00004933.,388,1886,2274
WBGene00004944.,98,321,419
WBGene00004945.,116,2006,2122
WBGene00004946.,371,1835,2206
WBGene00004947.,2141,3309,5450
WBGene00004949.,207,755,962
WBGene00004950.,9,432,441
WBGene00004951.,180,7066,7246
WBGene00004952.,11,933,944
WBGene00004953.,63,996,1059
WBGene00004954.,47,238,285
WBGene00004955.,217,2289,2506
WBGene00004958.,8,43,51
WBGene00004959.,16,265,281
WBGene00004960.,15,121,136
WBGene00004962.,10,5,15
WBGene00004963.,32,29,61
WBGene00004964.,2,57,59
WBGene00004965.,7,2,9
WBGene00004966.,2,5,7
WBGene00004969.,116,190,306
WBGene00004971.,1,2,3
WBGene00004972.,9,141,150
WBGene00004973.,4,0,4
WBGene00004974.,6,5,11
WBGene00004975.,14,490,504
WBGene00004976.,5,20,25
WBGene00004978.,432,1078,1510
WBGene00004979.,193,1047,1240
WBGene00004980.,362,8631,8993
WBGene00004981.,24,349,373
WBGene00004984.,9,223,232
WBGene00004985.,49,814,863
WBGene00004986.,232,2984,3216
WBGene00004987.,120,1285,1405
WBGene00004988.,210,2498,2708
WBGene00004989.,2,7,9
WBGene00004990.,1444,16779,18223
WBGene00004991.,16,147,163
WBGene00004992.,11,8,19
WBGene00004993.,588,4464,5052
WBGene00004994.,5,16,21
WBGene00004995.,2233,14057,16290
WBGene00004996.,2,9,11
WBGene00004997.,1,9,10
WBGene00004998.,12,37,49
WBGene00004999.,1230,15174,16404
WBGene00005000.,1097,15247,16344
WBGene00005001.,54,481,535
WBGene00005002.,10,167,177
WBGene00005003.,280,3397,3677
WBGene00005004.,21,146,167
WBGene00005005.,0,2,2
WBGene00005006.,109,981,1090
WBGene00005007.,43,1851,1894
WBGene00005008.,6,128,134
WBGene00005009.,35,1765,1800
WBGene00005010.,292,968,1260
WBGene00005011.,112,818,930
WBGene00005012.,3,0,3
WBGene00005013.,0,16,16
WBGene00005014.,14,593,607
WBGene00005015.,85,1784,1869
WBGene00005016.,0,6,6
WBGene00005017.,2,15,17
WBGene00005018.,2,28,30
WBGene00005019.,81,1417,1498
WBGene00005020.,116,199,315
WBGene00005021.,26,319,345
WBGene00005022.,9,710,719
WBGene00005023.,100,1155,1255
WBGene00005024.,302,337,639
WBGene00005025.,53,480,533
WBGene00005026.,171,1147,1318
WBGene00005027.,0,0,0
WBGene00005028.,0,0,0
WBGene00005029.,1,4,5
WBGene00005030.,3,14,17
WBGene00005031.,5,4,9
WBGene00005032.,1,37,38
WBGene00005033.,4,48,52
WBGene00005034.,2,1,3
WBGene00005035.,5,3,8
WBGene00005036.,9,76,85
WBGene00005037.,4,14,18
WBGene00005038.,1,5,6
WBGene00005039.,3,1,4
WBGene00005040.,11,11,22
WBGene00005041.,0,13,13
WBGene00005042.,3,4,7
WBGene00005043.,3,5,8
WBGene00005044.,0,1,1
WBGene00005045.,3,6,9
WBGene00005046.,0,13,13
WBGene00005047.,7,52,59
WBGene00005048.,3,1,4
WBGene00005049.,3,8,11
WBGene00005050.,3,7,10
WBGene00005051.,13,11,24
WBGene00005052.,11,20,31
WBGene00005053.,4,8,12
WBGene00005054.,2,2,4
WBGene00005055.,3,2,5
WBGene00005056.,46,3,49
WBGene00005057.,2,13,15
WBGene00005058.,1,2,3
WBGene00005059.,8,14,22
WBGene00005060.,5,11,16
WBGene00005061.,26,1,27
WBGene00005062.,7,13,20
WBGene00005063.,12,82,94
WBGene00005064.,2,2,4
WBGene00005065.,12,6,18
WBGene00005066.,1,2,3
WBGene00005067.,0,4,4
WBGene00005068.,2,8,10
WBGene00005069.,1,1,2
WBGene00005070.,5,4,9
WBGene00005071.,3,5,8
WBGene00005072.,5,8,13
WBGene00005073.,0,0,0
WBGene00005074.,0,0,0
WBGene00005075.,1,1,2
WBGene00005076.,2,1,3
WBGene00005077.,200,583,783
WBGene00005078.,115,174,289
WBGene00005079.,4,1,5
WBGene00005080.,2,0,2
WBGene00005081.,11,53,64
WBGene00005082.,1,7,8
WBGene00005083.,2,1,3
WBGene00005084.,1,1,2
WBGene00005085.,3,4,7
WBGene00005086.,15,31,46
WBGene00005087.,0,2,2
WBGene00005088.,15,29,44
WBGene00005089.,6,15,21
WBGene00005090.,10,23,33
WBGene00005091.,3,2,5
WBGene00005092.,9,13,22
WBGene00005093.,6,2,8
WBGene00005094.,3,0,3
WBGene00005095.,2,6,8
WBGene00005096.,2,19,21
WBGene00005097.,2,10,12
WBGene00005098.,0,2,2
WBGene00005099.,1,4,5
WBGene00005100.,0,3,3
WBGene00005101.,23,247,270
WBGene00005102.,0,1,1
WBGene00005103.,1,9,10
WBGene00005104.,0,3,3
WBGene00005105.,2,121,123
WBGene00005106.,0,9,9
WBGene00005107.,25,376,401
WBGene00005108.,7,308,315
WBGene00005109.,0,22,22
WBGene00005110.,85,173,258
WBGene00005111.,11,141,152
WBGene00005112.,0,0,0
WBGene00005113.,19,76,95
WBGene00005114.,3,7,10
WBGene00005115.,0,6,6
WBGene00005116.,15,7,22
WBGene00005117.,1,2,3
WBGene00005118.,4,3,7
WBGene00005119.,10,1,11
WBGene00005120.,9,10,19
WBGene00005121.,5,3,8
WBGene00005122.,12,4,16
WBGene00005123.,2,1,3
WBGene00005124.,1,5,6
WBGene00005125.,2,3,5
WBGene00005126.,1,1,2
WBGene00005127.,20,101,121
WBGene00005128.,47,4,51
WBGene00005129.,35,101,136
WBGene00005130.,1,5,6
WBGene00005131.,18,124,142
WBGene00005132.,8,34,42
WBGene00005133.,7,5,12
WBGene00005134.,3,0,3
WBGene00005135.,0,1,1
WBGene00005136.,0,1,1
WBGene00005137.,0,1,1
WBGene00005138.,0,0,0
WBGene00005139.,0,4,4
WBGene00005140.,0,1,1
WBGene00005141.,8,1,9
WBGene00005142.,1,3,4
WBGene00005143.,24,11,35
WBGene00005144.,3,9,12
WBGene00005145.,4,1,5
WBGene00005146.,7,4,11
WBGene00005147.,11,100,111
WBGene00005148.,0,0,0
WBGene00005149.,13,59,72
WBGene00005150.,20,69,89
WBGene00005153.,108,92,200
WBGene00005159.,11,9,20
WBGene00005160.,2,4,6
WBGene00005161.,6,2,8
WBGene00005162.,27,33,60
WBGene00005163.,17,33,50
WBGene00005164.,5,11,16
WBGene00005165.,6,4,10
WBGene00005166.,0,5,5
WBGene00005167.,3,8,11
WBGene00005168.,1,5,6
WBGene00005169.,9,16,25
WBGene00005170.,7,7,14
WBGene00005171.,6,26,32
WBGene00005172.,6,19,25
WBGene00005173.,1,5,6
WBGene00005174.,110,344,454
WBGene00005175.,11,7,18
WBGene00005176.,39,21,60
WBGene00005177.,48,41,89
WBGene00005178.,13,2,15
WBGene00005179.,3,0,3
WBGene00005180.,0,0,0
WBGene00005181.,4,1,5
WBGene00005182.,16,46,62
WBGene00005183.,4,6,10
WBGene00005184.,4,9,13
WBGene00005185.,2,5,7
WBGene00005186.,4,6,10
WBGene00005187.,3,20,23
WBGene00005188.,3,0,3
WBGene00005189.,2,17,19
WBGene00005190.,1,1,2
WBGene00005191.,78,194,272
WBGene00005192.,2,4,6
WBGene00005193.,16,0,16
WBGene00005194.,3,3,6
WBGene00005195.,13,11,24
WBGene00005196.,0,1,1
WBGene00005197.,19,16,35
WBGene00005198.,0,3,3
WBGene00005199.,4,11,15
WBGene00005200.,8,2,10
WBGene00005201.,8,1,9
WBGene00005202.,20,16,36
WBGene00005203.,4,10,14
WBGene00005204.,1,5,6
WBGene00005205.,7,58,65
WBGene00005206.,28,122,150
WBGene00005207.,1,23,24
WBGene00005208.,42,203,245
WBGene00005210.,2,11,13
WBGene00005211.,5,4,9
WBGene00005212.,6,7,13
WBGene00005213.,7,13,20
WBGene00005214.,4,3,7
WBGene00005215.,5,2,7
WBGene00005216.,6,2,8
WBGene00005217.,2,0,2
WBGene00005218.,0,10,10
WBGene00005219.,5,12,17
WBGene00005220.,1,1,2
WBGene00005221.,11,5,16
WBGene00005222.,10,6,16
WBGene00005223.,5,0,5
WBGene00005224.,2,0,2
WBGene00005225.,0,1,1
WBGene00005226.,16,27,43
WBGene00005227.,2,5,7
WBGene00005228.,663,187,850
WBGene00005229.,13,16,29
WBGene00005230.,1,5,6
WBGene00005231.,9,26,35
WBGene00005232.,0,1,1
WBGene00005233.,3,5,8
WBGene00005234.,3,10,13
WBGene00005235.,2,9,11
WBGene00005236.,1,2,3
WBGene00005237.,5,4,9
WBGene00005238.,1,1,2
WBGene00005239.,2,1,3
WBGene00005240.,6,25,31
WBGene00005241.,9,31,40
WBGene00005242.,5,22,27
WBGene00005243.,18,191,209
WBGene00005244.,10,3,13
WBGene00005245.,2,22,24
WBGene00005246.,1,52,53
WBGene00005247.,7,15,22
WBGene00005248.,0,10,10
WBGene00005249.,5,0,5
WBGene00005250.,2,12,14
WBGene00005251.,25,50,75
WBGene00005252.,4,6,10
WBGene00005253.,12,54,66
WBGene00005254.,1,7,8
WBGene00005255.,1,3,4
WBGene00005256.,1,3,4
WBGene00005257.,1,25,26
WBGene00005258.,1,8,9
WBGene00005259.,0,1,1
WBGene00005260.,4,3,7
WBGene00005261.,10,10,20
WBGene00005262.,7,40,47
WBGene00005263.,1,6,7
WBGene00005264.,1,13,14
WBGene00005265.,1,4,5
WBGene00005266.,0,7,7
WBGene00005267.,19,19,38
WBGene00005268.,0,9,9
WBGene00005269.,4,38,42
WBGene00005270.,2,5,7
WBGene00005271.,30,23,53
WBGene00005272.,6,12,18
WBGene00005273.,6,18,24
WBGene00005274.,4,8,12
WBGene00005275.,2,7,9
WBGene00005276.,1,1,2
WBGene00005277.,1,0,1
WBGene00005278.,1,0,1
WBGene00005279.,4,8,12
WBGene00005280.,0,0,0
WBGene00005281.,0,1,1
WBGene00005282.,2,4,6
WBGene00005283.,6,2,8
WBGene00005284.,2,1,3
WBGene00005285.,0,2,2
WBGene00005286.,0,3,3
WBGene00005287.,0,0,0
WBGene00005288.,0,2,2
WBGene00005289.,1,17,18
WBGene00005290.,1,11,12
WBGene00005291.,0,5,5
WBGene00005292.,4,18,22
WBGene00005293.,2,27,29
WBGene00005294.,0,1,1
WBGene00005295.,4,14,18
WBGene00005296.,4,6,10
WBGene00005297.,1,4,5
WBGene00005298.,20,11,31
WBGene00005299.,12,34,46
WBGene00005300.,2,14,16
WBGene00005301.,5,4,9
WBGene00005302.,0,5,5
WBGene00005303.,3,5,8
WBGene00005304.,3,1,4
WBGene00005305.,1,6,7
WBGene00005306.,2,2,4
WBGene00005307.,17,10,27
WBGene00005308.,5,1,6
WBGene00005309.,2,8,10
WBGene00005310.,1,9,10
WBGene00005311.,25,38,63
WBGene00005312.,4,8,12
WBGene00005313.,1,2,3
WBGene00005314.,1,1,2
WBGene00005315.,1,8,9
WBGene00005316.,10,3,13
WBGene00005317.,1,3,4
WBGene00005318.,6,4,10
WBGene00005319.,2,2,4
WBGene00005320.,1,3,4
WBGene00005321.,7,5,12
WBGene00005322.,0,0,0
WBGene00005323.,0,2,2
WBGene00005324.,86,6,92
WBGene00005325.,0,8,8
WBGene00005326.,0,10,10
WBGene00005327.,0,24,24
WBGene00005328.,0,6,6
WBGene00005329.,0,3,3
WBGene00005330.,0,0,0
WBGene00005331.,0,1,1
WBGene00005332.,1,2,3
WBGene00005333.,2,5,7
WBGene00005334.,2,5,7
WBGene00005335.,6,2,8
WBGene00005336.,0,1,1
WBGene00005337.,4,3,7
WBGene00005338.,1,2,3
WBGene00005339.,5,12,17
WBGene00005340.,0,0,0
WBGene00005341.,8,4,12
WBGene00005342.,1,15,16
WBGene00005343.,2,15,17
WBGene00005344.,5,4,9
WBGene00005345.,13,7,20
WBGene00005346.,4,17,21
WBGene00005347.,3,23,26
WBGene00005348.,1,5,6
WBGene00005349.,2,0,2
WBGene00005350.,2,13,15
WBGene00005351.,9,12,21
WBGene00005352.,0,0,0
WBGene00005353.,2,24,26
WBGene00005354.,0,8,8
WBGene00005355.,1,2,3
WBGene00005356.,2,6,8
WBGene00005357.,1,8,9
WBGene00005358.,0,0,0
WBGene00005359.,7,10,17
WBGene00005360.,0,8,8
WBGene00005361.,0,8,8
WBGene00005362.,4,17,21
WBGene00005363.,7,20,27
WBGene00005364.,3,9,12
WBGene00005365.,2,16,18
WBGene00005366.,0,8,8
WBGene00005367.,5,2,7
WBGene00005368.,0,4,4
WBGene00005369.,0,3,3
WBGene00005370.,4,11,15
WBGene00005371.,3,8,11
WBGene00005372.,2,0,2
WBGene00005373.,0,6,6
WBGene00005374.,0,0,0
WBGene00005375.,1,3,4
WBGene00005376.,0,1,1
WBGene00005377.,1,2,3
WBGene00005378.,2,1,3
WBGene00005379.,0,9,9
WBGene00005380.,12,15,27
WBGene00005381.,6,19,25
WBGene00005382.,3,5,8
WBGene00005383.,1,15,16
WBGene00005384.,0,23,23
WBGene00005385.,21,81,102
WBGene00005386.,17,8,25
WBGene00005387.,33,28,61
WBGene00005388.,3,4,7
WBGene00005389.,1,3,4
WBGene00005390.,0,0,0
WBGene00005391.,0,0,0
WBGene00005392.,0,1,1
WBGene00005393.,1,12,13
WBGene00005394.,1,4,5
WBGene00005395.,2,5,7
WBGene00005396.,11,0,11
WBGene00005397.,4,10,14
WBGene00005398.,30,3,33
WBGene00005399.,3,21,24
WBGene00005400.,1,7,8
WBGene00005401.,0,24,24
WBGene00005402.,1,2,3
WBGene00005403.,1,24,25
WBGene00005404.,0,3,3
WBGene00005405.,13,13,26
WBGene00005406.,1,9,10
WBGene00005407.,6,3,9
WBGene00005408.,2,4,6
WBGene00005409.,0,12,12
WBGene00005410.,9,5,14
WBGene00005411.,1,7,8
WBGene00005412.,2,4,6
WBGene00005413.,2,5,7
WBGene00005414.,0,0,0
WBGene00005415.,3,9,12
WBGene00005416.,1,10,11
WBGene00005417.,0,25,25
WBGene00005418.,3,19,22
WBGene00005419.,0,4,4
WBGene00005420.,68,300,368
WBGene00005421.,14,21,35
WBGene00005422.,4,131,135
WBGene00005423.,6,23,29
WBGene00005424.,1,2,3
WBGene00005425.,1,4,5
WBGene00005426.,0,2,2
WBGene00005427.,2,19,21
WBGene00005428.,9,1,10
WBGene00005429.,6,3,9
WBGene00005430.,1,3,4
WBGene00005431.,8,7,15
WBGene00005432.,1,35,36
WBGene00005433.,5,1,6
WBGene00005434.,19,6,25
WBGene00005435.,0,0,0
WBGene00005436.,0,0,0
WBGene00005437.,3,7,10
WBGene00005438.,2,24,26
WBGene00005439.,2,2,4
WBGene00005440.,4,8,12
WBGene00005441.,3,3,6
WBGene00005442.,0,1,1
WBGene00005443.,1,2,3
WBGene00005444.,0,5,5
WBGene00005445.,43,2,45
WBGene00005446.,0,5,5
WBGene00005447.,8,25,33
WBGene00005448.,2,17,19
WBGene00005449.,3,1,4
WBGene00005450.,1,4,5
WBGene00005451.,0,0,0
WBGene00005452.,0,1,1
WBGene00005453.,0,0,0
WBGene00005454.,0,2,2
WBGene00005455.,0,0,0
WBGene00005456.,2,2,4
WBGene00005457.,5,1,6
WBGene00005458.,0,0,0
WBGene00005459.,0,6,6
WBGene00005460.,15,11,26
WBGene00005461.,3,6,9
WBGene00005462.,1,1,2
WBGene00005463.,45,2,47
WBGene00005464.,2,6,8
WBGene00005465.,0,0,0
WBGene00005466.,1,1,2
WBGene00005467.,3,1,4
WBGene00005468.,5,2,7
WBGene00005469.,6,6,12
WBGene00005470.,2,9,11
WBGene00005471.,4,3,7
WBGene00005472.,3,15,18
WBGene00005473.,8,38,46
WBGene00005474.,1,4,5
WBGene00005475.,22,5,27
WBGene00005476.,0,1,1
WBGene00005477.,12,76,88
WBGene00005478.,10,2,12
WBGene00005479.,4,1,5
WBGene00005480.,1,15,16
WBGene00005481.,4,28,32
WBGene00005482.,0,22,22
WBGene00005483.,0,0,0
WBGene00005484.,3,46,49
WBGene00005485.,17,28,45
WBGene00005486.,4,8,12
WBGene00005487.,0,10,10
WBGene00005488.,2,3,5
WBGene00005489.,17,0,17
WBGene00005490.,9,5,14
WBGene00005491.,0,0,0
WBGene00005492.,0,1,1
WBGene00005493.,0,4,4
WBGene00005494.,2,5,7
WBGene00005495.,6,0,6
WBGene00005496.,0,1,1
WBGene00005497.,1,2,3
WBGene00005498.,0,10,10
WBGene00005499.,1,1,2
WBGene00005500.,9,5,14
WBGene00005501.,1,1,2
WBGene00005502.,6,3,9
WBGene00005503.,1,3,4
WBGene00005504.,3,3,6
WBGene00005505.,20,1,21
WBGene00005506.,6,4,10
WBGene00005507.,2,8,10
WBGene00005508.,0,2,2
WBGene00005509.,0,0,0
WBGene00005510.,0,0,0
WBGene00005511.,4,23,27
WBGene00005512.,0,5,5
WBGene00005513.,1,11,12
WBGene00005514.,7,38,45
WBGene00005515.,0,8,8
WBGene00005516.,3,27,30
WBGene00005517.,13,13,26
WBGene00005518.,13,40,53
WBGene00005519.,3,4,7
WBGene00005520.,3,8,11
WBGene00005521.,2,4,6
WBGene00005522.,15,4,19
WBGene00005523.,13,406,419
WBGene00005524.,5,2,7
WBGene00005525.,0,0,0
WBGene00005526.,0,1,1
WBGene00005527.,10,4,14
WBGene00005528.,1,0,1
WBGene00005529.,14,7,21
WBGene00005530.,26,36,62
WBGene00005531.,33,57,90
WBGene00005532.,3,14,17
WBGene00005533.,3,20,23
WBGene00005534.,7,83,90
WBGene00005535.,4,17,21
WBGene00005536.,2,15,17
WBGene00005537.,4,2,6
WBGene00005538.,1,13,14
WBGene00005539.,4,2,6
WBGene00005540.,4,6,10
WBGene00005541.,6,2,8
WBGene00005542.,12,28,40
WBGene00005543.,17,60,77
WBGene00005544.,2,4,6
WBGene00005545.,6,2,8
WBGene00005546.,0,2,2
WBGene00005547.,1,14,15
WBGene00005548.,6,4,10
WBGene00005549.,5,1,6
WBGene00005550.,1,6,7
WBGene00005551.,5,6,11
WBGene00005552.,23,10,33
WBGene00005553.,5,10,15
WBGene00005554.,10,3,13
WBGene00005555.,0,5,5
WBGene00005556.,8,2,10
WBGene00005557.,8,35,43
WBGene00005558.,4,10,14
WBGene00005559.,15,67,82
WBGene00005560.,34,108,142
WBGene00005561.,4,1,5
WBGene00005562.,3,1,4
WBGene00005563.,1,1,2
WBGene00005564.,1,0,1
WBGene00005565.,2,0,2
WBGene00005566.,6,0,6
WBGene00005567.,0,0,0
WBGene00005568.,30,11,41
WBGene00005569.,8,3,11
WBGene00005570.,2,1,3
WBGene00005571.,0,0,0
WBGene00005572.,0,1,1
WBGene00005573.,2,3,5
WBGene00005574.,2,5,7
WBGene00005575.,10,10,20
WBGene00005576.,4,1,5
WBGene00005577.,1,11,12
WBGene00005578.,3,3,6
WBGene00005579.,11,0,11
WBGene00005580.,11,4,15
WBGene00005581.,0,2,2
WBGene00005582.,0,1,1
WBGene00005583.,3,1,4
WBGene00005584.,3,5,8
WBGene00005585.,6,15,21
WBGene00005586.,5,13,18
WBGene00005587.,1,6,7
WBGene00005588.,2,0,2
WBGene00005589.,31,7,38
WBGene00005590.,1,0,1
WBGene00005591.,10,18,28
WBGene00005592.,2,3,5
WBGene00005593.,1,2,3
WBGene00005594.,3,1,4
WBGene00005595.,7,1,8
WBGene00005596.,2,1,3
WBGene00005597.,1,3,4
WBGene00005598.,2,2,4
WBGene00005599.,1,8,9
WBGene00005600.,0,1,1
WBGene00005601.,0,2,2
WBGene00005602.,68,944,1012
WBGene00005603.,2,6,8
WBGene00005604.,7,1,8
WBGene00005605.,2,2,4
WBGene00005606.,14,16,30
WBGene00005607.,2,1,3
WBGene00005608.,7,12,19
WBGene00005609.,5,23,28
WBGene00005610.,11,4,15
WBGene00005611.,18,10,28
WBGene00005612.,15,2,17
WBGene00005613.,21,0,21
WBGene00005614.,6,8,14
WBGene00005615.,4,7,11
WBGene00005616.,5,38,43
WBGene00005617.,3,3,6
WBGene00005618.,4,3,7
WBGene00005619.,1,5,6
WBGene00005620.,160,21,181
WBGene00005621.,6,4,10
WBGene00005622.,8,8,16
WBGene00005623.,6,3,9
WBGene00005624.,6,6,12
WBGene00005625.,3,2,5
WBGene00005626.,0,2,2
WBGene00005627.,0,2,2
WBGene00005628.,3,1,4
WBGene00005629.,3,0,3
WBGene00005630.,0,0,0
WBGene00005631.,3,2,5
WBGene00005632.,2,2,4
WBGene00005633.,0,2,2
WBGene00005634.,7,0,7
WBGene00005635.,0,0,0
WBGene00005638.,11,32,43
WBGene00005639.,1,1,2
WBGene00005640.,5,27,32
WBGene00005641.,44,75,119
WBGene00005642.,15,68,83
WBGene00005643.,6,89,95
WBGene00005644.,90,447,537
WBGene00005646.,0,6,6
WBGene00005647.,99,1010,1109
WBGene00005648.,460,3102,3562
WBGene00005649.,34,52,86
WBGene00005650.,1,0,1
WBGene00005651.,2,5,7
WBGene00005652.,19,107,126
WBGene00005653.,16,66,82
WBGene00005654.,34,475,509
WBGene00005655.,142,1764,1906
WBGene00005656.,21,76,97
WBGene00005657.,8,157,165
WBGene00005658.,1,3,4
WBGene00005659.,4,1,5
WBGene00005660.,4,9,13
WBGene00005661.,4,28,32
WBGene00005662.,94,833,927
WBGene00005663.,803,5897,6700
WBGene00005664.,2,34,36
WBGene00005665.,2,11,13
WBGene00005666.,3,3,6
WBGene00005667.,2,3,5
WBGene00005668.,6,25,31
WBGene00005669.,2,2,4
WBGene00005670.,32,51,83
WBGene00005671.,2,2,4
WBGene00005672.,4,4,8
WBGene00005673.,3,1,4
WBGene00005674.,5,2,7
WBGene00005675.,2,4,6
WBGene00005676.,5,39,44
WBGene00005677.,11,32,43
WBGene00005678.,1,10,11
WBGene00005679.,6,1,7
WBGene00005680.,2,2,4
WBGene00005681.,4,6,10
WBGene00005682.,7,4,11
WBGene00005683.,2,5,7
WBGene00005684.,14,6,20
WBGene00005685.,6,5,11
WBGene00005686.,3,10,13
WBGene00005687.,11,22,33
WBGene00005688.,0,1,1
WBGene00005689.,2,1,3
WBGene00005690.,3,9,12
WBGene00005691.,2,6,8
WBGene00005692.,1,11,12
WBGene00005693.,0,0,0
WBGene00005694.,0,2,2
WBGene00005695.,1,2,3
WBGene00005696.,4,13,17
WBGene00005697.,0,5,5
WBGene00005698.,3,0,3
WBGene00005699.,1,6,7
WBGene00005700.,2,12,14
WBGene00005701.,5,31,36
WBGene00005702.,8,26,34
WBGene00005703.,14,214,228
WBGene00005704.,1,4,5
WBGene00005705.,3,5,8
WBGene00005706.,1,4,5
WBGene00005707.,1,2,3
WBGene00005708.,3,5,8
WBGene00005709.,32,6,38
WBGene00005710.,48,56,104
WBGene00005711.,0,0,0
WBGene00005712.,44,94,138
WBGene00005713.,3,39,42
WBGene00005714.,5,2,7
WBGene00005715.,113,134,247
WBGene00005716.,60,194,254
WBGene00005717.,11,77,88
WBGene00005718.,21,50,71
WBGene00005719.,24,55,79
WBGene00005720.,21,9,30
WBGene00005721.,17,13,30
WBGene00005722.,31,8,39
WBGene00005723.,3,0,3
WBGene00005724.,10,11,21
WBGene00005725.,10,36,46
WBGene00005726.,33,38,71
WBGene00005727.,20,10,30
WBGene00005728.,2,1,3
WBGene00005729.,0,1,1
WBGene00005730.,5,0,5
WBGene00005731.,3,0,3
WBGene00005732.,0,1,1
WBGene00005733.,0,0,0
WBGene00005734.,4,5,9
WBGene00005735.,10,21,31
WBGene00005736.,6,13,19
WBGene00005737.,9,3,12
WBGene00005738.,6,7,13
WBGene00005739.,10,13,23
WBGene00005740.,7,21,28
WBGene00005741.,3,3,6
WBGene00005742.,11,10,21
WBGene00005743.,4,3,7
WBGene00005744.,7,5,12
WBGene00005745.,5,6,11
WBGene00005746.,1,3,4
WBGene00005747.,46,10,56
WBGene00005748.,6,4,10
WBGene00005749.,2,4,6
WBGene00005750.,3,2,5
WBGene00005751.,1,0,1
WBGene00005752.,24,77,101
WBGene00005753.,12,14,26
WBGene00005754.,6,9,15
WBGene00005755.,4,14,18
WBGene00005756.,9,41,50
WBGene00005757.,3,40,43
WBGene00005758.,1,29,30
WBGene00005759.,3,285,288
WBGene00005760.,1,1,2
WBGene00005761.,2,1,3
WBGene00005762.,1,4,5
WBGene00005763.,5,7,12
WBGene00005764.,5,8,13
WBGene00005765.,3,3,6
WBGene00005766.,9,23,32
WBGene00005767.,4,1,5
WBGene00005768.,0,1,1
WBGene00005769.,0,0,0
WBGene00005770.,4,1,5
WBGene00005771.,2,8,10
WBGene00005772.,10,6,16
WBGene00005773.,0,0,0
WBGene00005774.,0,0,0
WBGene00005775.,0,0,0
WBGene00005776.,3,3,6
WBGene00005777.,2,1,3
WBGene00005778.,7,2,9
WBGene00005779.,2,0,2
WBGene00005780.,2,5,7
WBGene00005781.,2,0,2
WBGene00005782.,1,2,3
WBGene00005783.,4,2,6
WBGene00005784.,1,3,4
WBGene00005785.,1,2,3
WBGene00005786.,7,2,9
WBGene00005787.,1,2,3
WBGene00005788.,0,0,0
WBGene00005789.,3,3,6
WBGene00005790.,0,1,1
WBGene00005791.,2,9,11
WBGene00005792.,131,1,132
WBGene00005793.,0,0,0
WBGene00005794.,2,2,4
WBGene00005795.,1,2,3
WBGene00005796.,2,0,2
WBGene00005797.,0,0,0
WBGene00005798.,2,2,4
WBGene00005799.,0,0,0
WBGene00005800.,1,3,4
WBGene00005801.,0,0,0
WBGene00005802.,2,2,4
WBGene00005803.,1,1,2
WBGene00005804.,0,0,0
WBGene00005805.,0,1,1
WBGene00005806.,3,3,6
WBGene00005807.,6,7,13
WBGene00005808.,10,14,24
WBGene00005809.,1,1,2
WBGene00005810.,5,16,21
WBGene00005811.,22,37,59
WBGene00005812.,2,0,2
WBGene00005813.,6,1,7
WBGene00005814.,4,3,7
WBGene00005815.,184,83,267
WBGene00005816.,150,178,328
WBGene00005817.,1,1,2
WBGene00005818.,144,814,958
WBGene00005819.,0,1,1
WBGene00005820.,14,7,21
WBGene00005821.,0,2,2
WBGene00005822.,1,0,1
WBGene00005823.,2,1,3
WBGene00005824.,3,2,5
WBGene00005825.,15,29,44
WBGene00005826.,0,8,8
WBGene00005827.,2,21,23
WBGene00005828.,9,2,11
WBGene00005829.,0,5,5
WBGene00005830.,4,0,4
WBGene00005831.,6,2,8
WBGene00005832.,200,1999,2199
WBGene00005833.,18,476,494
WBGene00005834.,3,14,17
WBGene00005835.,3,6,9
WBGene00005836.,2,8,10
WBGene00005837.,0,3,3
WBGene00005838.,12,31,43
WBGene00005839.,0,2,2
WBGene00005840.,5,10,15
WBGene00005841.,12,7,19
WBGene00005842.,6,8,14
WBGene00005843.,2,3,5
WBGene00005844.,1,2,3
WBGene00005845.,5,3,8
WBGene00005846.,6,9,15
WBGene00005847.,7,4,11
WBGene00005848.,14,9,23
WBGene00005849.,4,3,7
WBGene00005850.,7,6,13
WBGene00005851.,2,1,3
WBGene00005852.,3,0,3
WBGene00005853.,6,5,11
WBGene00005854.,10,2,12
WBGene00005855.,1,5,6
WBGene00005856.,8,5,13
WBGene00005857.,0,0,0
WBGene00005858.,22,2,24
WBGene00005859.,3,5,8
WBGene00005860.,1,0,1
WBGene00005861.,0,0,0
WBGene00005862.,4,1,5
WBGene00005863.,4,0,4
WBGene00005864.,2,0,2
WBGene00005865.,0,0,0
WBGene00005866.,2,1,3
WBGene00005867.,3,3,6
WBGene00005868.,2,0,2
WBGene00005869.,7,1,8
WBGene00005870.,1,1,2
WBGene00005871.,1,1,2
WBGene00005872.,1,0,1
WBGene00005873.,7,3,10
WBGene00005874.,4,0,4
WBGene00005875.,0,2,2
WBGene00005876.,9,7,16
WBGene00005877.,2,0,2
WBGene00005878.,3,0,3
WBGene00005879.,1,0,1
WBGene00005880.,1,2,3
WBGene00005881.,1,2,3
WBGene00005882.,0,1,1
WBGene00005883.,2,1,3
WBGene00005884.,1,0,1
WBGene00005885.,3,3,6
WBGene00005886.,1,6,7
WBGene00005887.,5,28,33
WBGene00005888.,0,0,0
WBGene00005889.,0,1,1
WBGene00005890.,3,5,8
WBGene00005891.,1,5,6
WBGene00005892.,3,22,25
WBGene00005893.,15,83,98
WBGene00005894.,5,1,6
WBGene00005895.,2,0,2
WBGene00005896.,1,2,3
WBGene00005897.,2,6,8
WBGene00005898.,7,14,21
WBGene00005899.,2,0,2
WBGene00005900.,4,1,5
WBGene00005901.,2,8,10
WBGene00005902.,16,16,32
WBGene00005903.,14,13,27
WBGene00005904.,29,8,37
WBGene00005905.,3,3,6
WBGene00005906.,10,22,32
WBGene00005907.,2,4,6
WBGene00005908.,3,4,7
WBGene00005909.,19,22,41
WBGene00005910.,32,117,149
WBGene00005911.,1,4,5
WBGene00005912.,3,5,8
WBGene00005913.,6,8,14
WBGene00005914.,4,17,21
WBGene00005915.,1,1,2
WBGene00005916.,7,0,7
WBGene00005917.,4,4,8
WBGene00005918.,2,0,2
WBGene00005919.,6,2,8
WBGene00005920.,2,0,2
WBGene00005921.,7,1,8
WBGene00005922.,0,2,2
WBGene00005923.,0,0,0
WBGene00005924.,5,0,5
WBGene00005925.,1,12,13
WBGene00005926.,26,90,116
WBGene00005927.,14,2,16
WBGene00005928.,3,4,7
WBGene00005929.,10,22,32
WBGene00005930.,1,0,1
WBGene00005931.,5,11,16
WBGene00005932.,9,19,28
WBGene00005933.,3,6,9
WBGene00005934.,4,21,25
WBGene00005935.,6,12,18
WBGene00005936.,37,195,232
WBGene00005937.,13,27,40
WBGene00005938.,14,60,74
WBGene00005939.,1,2,3
WBGene00005940.,5,2,7
WBGene00005941.,4,11,15
WBGene00005942.,5,1,6
WBGene00005943.,0,0,0
WBGene00005944.,1,0,1
WBGene00005945.,10,2,12
WBGene00005946.,2,7,9
WBGene00005947.,16,108,124
WBGene00005948.,2,0,2
WBGene00005949.,3,41,44
WBGene00005950.,3,3,6
WBGene00005951.,3,2,5
WBGene00005952.,5,26,31
WBGene00005953.,7,4,11
WBGene00005954.,6,2,8
WBGene00005955.,2,5,7
WBGene00005956.,0,0,0
WBGene00005957.,4,4,8
WBGene00005958.,15,74,89
WBGene00005959.,8,42,50
WBGene00005960.,4,0,4
WBGene00005961.,1,1,2
WBGene00005962.,6,11,17
WBGene00005963.,7,12,19
WBGene00005964.,7,18,25
WBGene00005965.,46,11,57
WBGene00005966.,1,6,7
WBGene00005967.,84,140,224
WBGene00005968.,4,12,16
WBGene00005969.,6,0,6
WBGene00005970.,4,13,17
WBGene00005971.,6,26,32
WBGene00005972.,1,8,9
WBGene00005973.,13,4,17
WBGene00005974.,4,4,8
WBGene00005975.,24,53,77
WBGene00005976.,6,31,37
WBGene00005977.,9,14,23
WBGene00005978.,5,1,6
WBGene00005979.,1,0,1
WBGene00005980.,7,5,12
WBGene00005981.,4,12,16
WBGene00005982.,24,7,31
WBGene00005983.,4,3,7
WBGene00005984.,0,0,0
WBGene00005985.,2,3,5
WBGene00005986.,10,8,18
WBGene00005987.,12,11,23
WBGene00005988.,4,9,13
WBGene00005989.,5,4,9
WBGene00005990.,1,0,1
WBGene00005991.,5,1,6
WBGene00005992.,4,0,4
WBGene00005993.,3,5,8
WBGene00005994.,63,0,63
WBGene00005995.,4,5,9
WBGene00005996.,3,1,4
WBGene00005997.,0,1,1
WBGene00005998.,2,1,3
WBGene00005999.,6,8,14
WBGene00006000.,3,1,4
WBGene00006001.,1,0,1
WBGene00006002.,8,33,41
WBGene00006003.,3,10,13
WBGene00006004.,9,8,17
WBGene00006005.,8,27,35
WBGene00006006.,11,31,42
WBGene00006007.,6,5,11
WBGene00006008.,3,12,15
WBGene00006009.,7,3,10
WBGene00006010.,4,9,13
WBGene00006011.,0,0,0
WBGene00006012.,3,8,11
WBGene00006013.,2,1,3
WBGene00006014.,4,9,13
WBGene00006015.,13,6,19
WBGene00006016.,9,46,55
WBGene00006017.,0,4,4
WBGene00006018.,3,10,13
WBGene00006019.,4,36,40
WBGene00006020.,5,36,41
WBGene00006021.,4,18,22
WBGene00006022.,2,4,6
WBGene00006023.,0,4,4
WBGene00006024.,6,7,13
WBGene00006025.,0,16,16
WBGene00006026.,5,23,28
WBGene00006027.,4,7,11
WBGene00006028.,1,10,11
WBGene00006029.,0,3,3
WBGene00006038.,0,0,0
WBGene00006039.,0,3,3
WBGene00006040.,0,0,0
WBGene00006044.,0,5,5
WBGene00006047.,0,0,0
WBGene00006048.,0,0,0
WBGene00006049.,0,0,0
WBGene00006050.,12,234,246
WBGene00006051.,22,144,166
WBGene00006052.,2,4,6
WBGene00006053.,3,5,8
WBGene00006055.,142,407,549
WBGene00006056.,0,0,0
WBGene00006057.,1,1,2
WBGene00006058.,5,1,6
WBGene00006059.,93,932,1025
WBGene00006060.,2,0,2
WBGene00006061.,44,1516,1560
WBGene00006062.,461,956,1417
WBGene00006063.,25,574,599
WBGene00006064.,186,196,382
WBGene00006065.,11,13,24
WBGene00006066.,97,1679,1776
WBGene00006067.,302,1113,1415
WBGene00006068.,48,311,359
WBGene00006069.,9,25,34
WBGene00006070.,0,0,0
WBGene00006071.,5,4,9
WBGene00006072.,4,15,19
WBGene00006073.,0,0,0
WBGene00006074.,0,0,0
WBGene00006075.,7,9,16
WBGene00006076.,0,1,1
WBGene00006077.,12,38,50
WBGene00006078.,2,2,4
WBGene00006079.,4,3,7
WBGene00006080.,8,9,17
WBGene00006081.,0,2,2
WBGene00006082.,9,1,10
WBGene00006083.,1,1,2
WBGene00006084.,14,6,20
WBGene00006085.,1,3,4
WBGene00006086.,4,15,19
WBGene00006087.,1,5,6
WBGene00006088.,3,2,5
WBGene00006089.,4,6,10
WBGene00006090.,1,3,4
WBGene00006091.,0,1,1
WBGene00006092.,2,2,4
WBGene00006093.,0,9,9
WBGene00006094.,0,2,2
WBGene00006095.,2,2,4
WBGene00006096.,2,3,5
WBGene00006097.,0,2,2
WBGene00006098.,3,0,3
WBGene00006099.,11,1,12
WBGene00006100.,0,2,2
WBGene00006101.,6,14,20
WBGene00006102.,0,9,9
WBGene00006103.,4,26,30
WBGene00006104.,3,1,4
WBGene00006105.,1,1,2
WBGene00006106.,3,7,10
WBGene00006107.,0,2,2
WBGene00006108.,7,8,15
WBGene00006109.,2,10,12
WBGene00006110.,3,2,5
WBGene00006111.,0,2,2
WBGene00006112.,16,138,154
WBGene00006113.,9,29,38
WBGene00006114.,74,40,114
WBGene00006115.,70,2,72
WBGene00006116.,1,1,2
WBGene00006117.,0,0,0
WBGene00006118.,3,2,5
WBGene00006119.,0,1,1
WBGene00006120.,1,0,1
WBGene00006121.,0,3,3
WBGene00006122.,5,25,30
WBGene00006123.,5,11,16
WBGene00006124.,2,1,3
WBGene00006125.,2,1,3
WBGene00006126.,3,10,13
WBGene00006127.,2,11,13
WBGene00006128.,0,0,0
WBGene00006129.,6,0,6
WBGene00006130.,0,1,1
WBGene00006131.,0,1,1
WBGene00006132.,2,4,6
WBGene00006133.,4,1,5
WBGene00006134.,4,1,5
WBGene00006135.,8,9,17
WBGene00006136.,4,0,4
WBGene00006137.,0,0,0
WBGene00006138.,4,15,19
WBGene00006139.,8,14,22
WBGene00006140.,195,14,209
WBGene00006141.,4,3,7
WBGene00006142.,8,7,15
WBGene00006143.,4,7,11
WBGene00006144.,3,2,5
WBGene00006145.,0,0,0
WBGene00006146.,2,4,6
WBGene00006147.,1,1,2
WBGene00006148.,3,7,10
WBGene00006149.,4,27,31
WBGene00006150.,6,13,19
WBGene00006151.,3,8,11
WBGene00006152.,1,12,13
WBGene00006153.,5,0,5
WBGene00006154.,18,26,44
WBGene00006155.,1,3,4
WBGene00006156.,3,1,4
WBGene00006157.,1,1,2
WBGene00006158.,0,2,2
WBGene00006159.,0,0,0
WBGene00006160.,0,0,0
WBGene00006161.,1,2,3
WBGene00006162.,2,6,8
WBGene00006163.,54,45,99
WBGene00006164.,5,3,8
WBGene00006165.,8,6,14
WBGene00006166.,3,0,3
WBGene00006167.,3,18,21
WBGene00006168.,1,1,2
WBGene00006169.,33,6,39
WBGene00006170.,0,0,0
WBGene00006171.,0,0,0
WBGene00006172.,11,17,28
WBGene00006173.,8,1,9
WBGene00006174.,4,2,6
WBGene00006175.,1,0,1
WBGene00006176.,2,7,9
WBGene00006177.,3,9,12
WBGene00006178.,0,1,1
WBGene00006179.,0,2,2
WBGene00006180.,1,5,6
WBGene00006181.,0,8,8
WBGene00006182.,3,3,6
WBGene00006183.,2,5,7
WBGene00006184.,3,2,5
WBGene00006185.,0,1,1
WBGene00006186.,0,4,4
WBGene00006187.,9,6,15
WBGene00006188.,4,7,11
WBGene00006189.,4,2,6
WBGene00006190.,6,0,6
WBGene00006191.,8,16,24
WBGene00006192.,8,3,11
WBGene00006193.,11,9,20
WBGene00006194.,10,15,25
WBGene00006195.,3,17,20
WBGene00006196.,7,1,8
WBGene00006197.,6,0,6
WBGene00006198.,6,27,33
WBGene00006199.,12,20,32
WBGene00006200.,0,0,0
WBGene00006201.,6,12,18
WBGene00006202.,2,1,3
WBGene00006203.,3,2,5
WBGene00006204.,4,3,7
WBGene00006205.,17,24,41
WBGene00006206.,6,6,12
WBGene00006207.,37,68,105
WBGene00006208.,27,26,53
WBGene00006209.,16,13,29
WBGene00006210.,13,14,27
WBGene00006211.,16,17,33
WBGene00006212.,16,20,36
WBGene00006213.,4,2,6
WBGene00006214.,8,4,12
WBGene00006215.,6,8,14
WBGene00006216.,3,6,9
WBGene00006217.,2,5,7
WBGene00006218.,10,10,20
WBGene00006219.,2,0,2
WBGene00006220.,49,233,282
WBGene00006221.,0,3,3
WBGene00006222.,3,3,6
WBGene00006223.,0,1,1
WBGene00006224.,1,2,3
WBGene00006225.,10,1,11
WBGene00006226.,2,11,13
WBGene00006227.,4,7,11
WBGene00006228.,3,8,11
WBGene00006229.,2,4,6
WBGene00006230.,4,1,5
WBGene00006231.,2,2,4
WBGene00006232.,5,1,6
WBGene00006233.,2,17,19
WBGene00006234.,2,5,7
WBGene00006235.,2,4,6
WBGene00006236.,0,0,0
WBGene00006237.,1,6,7
WBGene00006238.,1,3,4
WBGene00006239.,2,4,6
WBGene00006240.,2,1,3
WBGene00006241.,11,11,22
WBGene00006242.,2,1,3
WBGene00006243.,11,1,12
WBGene00006244.,1,6,7
WBGene00006245.,0,1,1
WBGene00006246.,2,4,6
WBGene00006247.,5,1,6
WBGene00006248.,0,1,1
WBGene00006249.,0,2,2
WBGene00006250.,2,0,2
WBGene00006251.,3,7,10
WBGene00006252.,3,6,9
WBGene00006253.,18,4,22
WBGene00006254.,0,0,0
WBGene00006255.,18,4,22
WBGene00006256.,2,4,6
WBGene00006257.,5,1,6
WBGene00006258.,4,17,21
WBGene00006259.,8,1,9
WBGene00006260.,5,6,11
WBGene00006261.,3,6,9
WBGene00006262.,4,0,4
WBGene00006263.,5,3,8
WBGene00006264.,2,2,4
WBGene00006265.,4,1,5
WBGene00006266.,185,0,185
WBGene00006267.,1,1,2
WBGene00006268.,2,7,9
WBGene00006269.,1,2,3
WBGene00006270.,4,4,8
WBGene00006271.,3,5,8
WBGene00006272.,3,26,29
WBGene00006273.,0,7,7
WBGene00006274.,1,1,2
WBGene00006275.,6,2,8
WBGene00006276.,2,0,2
WBGene00006277.,0,4,4
WBGene00006278.,5,34,39
WBGene00006279.,19,31,50
WBGene00006280.,2,4,6
WBGene00006281.,11,0,11
WBGene00006282.,2,2,4
WBGene00006283.,0,0,0
WBGene00006284.,0,0,0
WBGene00006285.,13,25,38
WBGene00006286.,21,15,36
WBGene00006287.,12,24,36
WBGene00006288.,13,35,48
WBGene00006289.,2,5,7
WBGene00006306.,439,1130,1569
WBGene00006307.,67,1482,1549
WBGene00006308.,18,42,60
WBGene00006309.,48,861,909
WBGene00006310.,83,163,246
WBGene00006311.,19,491,510
WBGene00006314.,0,0,0
WBGene00006315.,0,0,0
WBGene00006316.,0,0,0
WBGene00006318.,130,1098,1228
WBGene00006319.,28,202,230
WBGene00006321.,197,4227,4424
WBGene00006324.,29,1067,1096
WBGene00006327.,0,0,0
WBGene00006330.,0,0,0
WBGene00006331.,511,14385,14896
WBGene00006333.,0,0,0
WBGene00006334.,0,0,0
WBGene00006338.,0,0,0
WBGene00006342.,149,1178,1327
WBGene00006344.,0,0,0
WBGene00006349.,265,940,1205
WBGene00006351.,43,586,629
WBGene00006352.,145,3019,3164
WBGene00006353.,49,518,567
WBGene00006359.,36,847,883
WBGene00006363.,117,254,371
WBGene00006364.,252,942,1194
WBGene00006365.,51,292,343
WBGene00006366.,0,6,6
WBGene00006367.,0,0,0
WBGene00006368.,158,516,674
WBGene00006369.,38,777,815
WBGene00006371.,66,101,167
WBGene00006372.,86,888,974
WBGene00006373.,89,1370,1459
WBGene00006374.,42,470,512
WBGene00006375.,28,970,998
WBGene00006376.,20,780,800
WBGene00006377.,66,562,628
WBGene00006379.,77,502,579
WBGene00006380.,7,50,57
WBGene00006381.,123,3638,3761
WBGene00006382.,680,2746,3426
WBGene00006383.,119,308,427
WBGene00006384.,255,1056,1311
WBGene00006385.,941,1225,2166
WBGene00006386.,203,942,1145
WBGene00006387.,39,334,373
WBGene00006388.,60,375,435
WBGene00006389.,25,370,395
WBGene00006390.,95,870,965
WBGene00006391.,47,473,520
WBGene00006392.,336,3444,3780
WBGene00006393.,22,676,698
WBGene00006394.,16,137,153
WBGene00006395.,26,215,241
WBGene00006396.,698,2244,2942
WBGene00006397.,43,950,993
WBGene00006399.,36,6,42
WBGene00006402.,97,688,785
WBGene00006404.,35,172,207
WBGene00006405.,392,1604,1996
WBGene00006406.,216,2833,3049
WBGene00006407.,1026,2638,3664
WBGene00006408.,1503,11728,13231
WBGene00006409.,2,1,3
WBGene00006410.,145,1407,1552
WBGene00006411.,15,96,111
WBGene00006412.,212,1097,1309
WBGene00006414.,9,867,876
WBGene00006415.,321,2562,2883
WBGene00006416.,1,9,10
WBGene00006418.,2,78,80
WBGene00006419.,11,5,16
WBGene00006423.,720,4373,5093
WBGene00006424.,206,565,771
WBGene00006428.,70,127,197
WBGene00006429.,0,12,12
WBGene00006430.,66,582,648
WBGene00006431.,53,744,797
WBGene00006432.,123,933,1056
WBGene00006433.,429,5750,6179
WBGene00006434.,586,31590,32176
WBGene00006435.,6,21,27
WBGene00006436.,1673,40370,42043
WBGene00006437.,172,2264,2436
WBGene00006438.,341,1835,2176
WBGene00006439.,956,516071,517027
WBGene00006440.,154,592,746
WBGene00006441.,76,305,381
WBGene00006442.,311,1800,2111
WBGene00006443.,19,495,514
WBGene00006444.,50,1083,1133
WBGene00006445.,64,353,417
WBGene00006446.,17,340,357
WBGene00006447.,16,846,862
WBGene00006448.,58,848,906
WBGene00006449.,3,5,8
WBGene00006450.,504,1591,2095
WBGene00006452.,625,4457,5082
WBGene00006454.,16,37,53
WBGene00006459.,75,702,777
WBGene00006460.,234,4790,5024
WBGene00006461.,22,158,180
WBGene00006462.,294,1194,1488
WBGene00006463.,111,840,951
WBGene00006464.,18,175,193
WBGene00006465.,35,1394,1429
WBGene00006466.,54,349,403
WBGene00006467.,209,1394,1603
WBGene00006468.,71,264,335
WBGene00006470.,23,1848,1871
WBGene00006471.,0,1,1
WBGene00006472.,37,762,799
WBGene00006473.,5,838,843
WBGene00006474.,27,990,1017
WBGene00006475.,55,223,278
WBGene00006476.,481,1034,1515
WBGene00006477.,25,149,174
WBGene00006478.,142,1064,1206
WBGene00006479.,377,2724,3101
WBGene00006481.,355,1704,2059
WBGene00006483.,384,2000,2384
WBGene00006484.,5,4,9
WBGene00006486.,76,300,376
WBGene00006487.,16,18,34
WBGene00006488.,0,0,0
WBGene00006489.,41,1321,1362
WBGene00006490.,166,787,953
WBGene00006491.,5,155,160
WBGene00006492.,130,486,616
WBGene00006493.,169,1551,1720
WBGene00006494.,13,1116,1129
WBGene00006495.,656,7907,8563
WBGene00006496.,459,607,1066
WBGene00006497.,387,5867,6254
WBGene00006498.,305,1203,1508
WBGene00006499.,152,1943,2095
WBGene00006503.,57,910,967
WBGene00006504.,101,691,792
WBGene00006505.,136,267,403
WBGene00006508.,806,1834,2640
WBGene00006509.,0,1,1
WBGene00006510.,351,1792,2143
WBGene00006512.,83,1781,1864
WBGene00006513.,370,884,1254
WBGene00006514.,26,1315,1341
WBGene00006515.,46,1763,1809
WBGene00006516.,25,413,438
WBGene00006517.,269,2371,2640
WBGene00006518.,4,822,826
WBGene00006519.,3499,24396,27895
WBGene00006520.,0,122,122
WBGene00006522.,21,60,81
WBGene00006523.,143,2119,2262
WBGene00006524.,113,1235,1348
WBGene00006525.,17,87,104
WBGene00006526.,12,88,100
WBGene00006527.,801,6132,6933
WBGene00006528.,101,22656,22757
WBGene00006529.,968,9369,10337
WBGene00006530.,5,60,65
WBGene00006531.,32,123,155
WBGene00006532.,25,33,58
WBGene00006533.,51,228,279
WBGene00006534.,4,12,16
WBGene00006535.,172,877,1049
WBGene00006536.,6,3254,3260
WBGene00006537.,386,22098,22484
WBGene00006538.,23,215,238
WBGene00006539.,15,67,82
WBGene00006540.,24,976,1000
WBGene00006541.,23,120,143
WBGene00006542.,21,695,716
WBGene00006543.,231,1378,1609
WBGene00006544.,12,6,18
WBGene00006545.,6,15,21
WBGene00006546.,2,0,2
WBGene00006547.,0,58,58
WBGene00006549.,0,0,0
WBGene00006550.,7,7,14
WBGene00006551.,1,1,2
WBGene00006552.,10,3,13
WBGene00006553.,4,3,7
WBGene00006554.,1,1,2
WBGene00006555.,5,74,79
WBGene00006556.,1,2,3
WBGene00006557.,6,11,17
WBGene00006558.,0,0,0
WBGene00006559.,1,2,3
WBGene00006560.,1,7,8
WBGene00006561.,255,1742,1997
WBGene00006562.,54,345,399
WBGene00006563.,341,647,988
WBGene00006565.,30,540,570
WBGene00006566.,50,1022,1072
WBGene00006567.,34,805,839
WBGene00006568.,30,1067,1097
WBGene00006570.,110,1879,1989
WBGene00006571.,103,853,956
WBGene00006572.,212,2871,3083
WBGene00006573.,212,1879,2091
WBGene00006574.,93,3203,3296
WBGene00006575.,676,1007,1683
WBGene00006576.,41,213,254
WBGene00006577.,175,1264,1439
WBGene00006578.,194,1261,1455
WBGene00006579.,436,3778,4214
WBGene00006580.,173,1155,1328
WBGene00006582.,326,1095,1421
WBGene00006583.,220,4179,4399
WBGene00006584.,1583,21104,22687
WBGene00006585.,201,5101,5302
WBGene00006586.,113,2293,2406
WBGene00006587.,1296,19314,20610
WBGene00006588.,384,4186,4570
WBGene00006589.,115,989,1104
WBGene00006590.,58,605,663
WBGene00006591.,160,466,626
WBGene00006592.,115,518,633
WBGene00006593.,666,1100,1766
WBGene00006594.,651,2660,3311
WBGene00006595.,183,4147,4330
WBGene00006596.,218,330,548
WBGene00006597.,5,109,114
WBGene00006598.,1,15,16
WBGene00006599.,1366,1845,3211
WBGene00006600.,7,98,105
WBGene00006601.,62,2392,2454
WBGene00006602.,347,1842,2189
WBGene00006603.,525,2508,3033
WBGene00006604.,432,1505,1937
WBGene00006605.,114,869,983
WBGene00006606.,77,391,468
WBGene00006607.,203,1489,1692
WBGene00006608.,90,566,656
WBGene00006609.,67,415,482
WBGene00006610.,53,106,159
WBGene00006611.,9,279,288
WBGene00006612.,11,72,83
WBGene00006613.,89,1795,1884
WBGene00006614.,328,857,1185
WBGene00006615.,230,272,502
WBGene00006616.,61,94,155
WBGene00006617.,75,1984,2059
WBGene00006618.,118,390,508
WBGene00006619.,8,48,56
WBGene00006620.,28,29,57
WBGene00006621.,61,91,152
WBGene00006622.,5,16,21
WBGene00006623.,17,71,88
WBGene00006624.,55,135,190
WBGene00006625.,4,6,10
WBGene00006626.,3,402,405
WBGene00006627.,27,281,308
WBGene00006628.,29,252,281
WBGene00006629.,22,145,167
WBGene00006630.,2,29,31
WBGene00006631.,2,4,6
WBGene00006632.,127,74,201
WBGene00006633.,155,644,799
WBGene00006634.,1401,9569,10970
WBGene00006635.,18,363,381
WBGene00006636.,27,180,207
WBGene00006637.,66,843,909
WBGene00006638.,52,1082,1134
WBGene00006639.,58,93,151
WBGene00006640.,128,290,418
WBGene00006641.,36,490,526
WBGene00006642.,12,132,144
WBGene00006643.,87,992,1079
WBGene00006644.,0,11,11
WBGene00006645.,12,15,27
WBGene00006646.,27,352,379
WBGene00006647.,139,492,631
WBGene00006648.,360,935,1295
WBGene00006649.,86,1192,1278
WBGene00006650.,0,1512281,1512281
WBGene00006651.,25,3129,3154
WBGene00006652.,223,307,530
WBGene00006654.,16,89,105
WBGene00006655.,13,189,202
WBGene00006656.,110,788,898
WBGene00006657.,245,190,435
WBGene00006658.,11,65,76
WBGene00006659.,21,12,33
WBGene00006660.,121,1724,1845
WBGene00006661.,3,2,5
WBGene00006662.,276,2369,2645
WBGene00006663.,696,5387,6083
WBGene00006664.,53,216,269
WBGene00006665.,48,41,89
WBGene00006666.,12,49,61
WBGene00006667.,146,706,852
WBGene00006668.,249,327,576
WBGene00006669.,80,200,280
WBGene00006670.,11,40,51
WBGene00006671.,104,304,408
WBGene00006672.,185,4035,4220
WBGene00006673.,16,70,86
WBGene00006674.,17,19,36
WBGene00006675.,22,35,57
WBGene00006676.,41,101,142
WBGene00006677.,46,464,510
WBGene00006678.,17,53,70
WBGene00006679.,19,20,39
WBGene00006680.,40,98,138
WBGene00006681.,56,364,420
WBGene00006682.,86,279,365
WBGene00006683.,759,2637,3396
WBGene00006684.,178,100,278
WBGene00006685.,17,105,122
WBGene00006686.,65,187,252
WBGene00006687.,14,47,61
WBGene00006688.,15,10,25
WBGene00006689.,3,2,5
WBGene00006690.,34,32,66
WBGene00006691.,62,129,191
WBGene00006692.,123,694,817
WBGene00006693.,1072,2935,4007
WBGene00006694.,12,16,28
WBGene00006695.,83,64,147
WBGene00006696.,68,220,288
WBGene00006697.,902,4013,4915
WBGene00006698.,48,2299,2347
WBGene00006699.,54,1760,1814
WBGene00006700.,180,486,666
WBGene00006701.,393,5454,5847
WBGene00006702.,304,4926,5230
WBGene00006703.,54,2547,2601
WBGene00006704.,147,4649,4796
WBGene00006705.,310,1205,1515
WBGene00006706.,43,1084,1127
WBGene00006707.,1,1137,1138
WBGene00006708.,98,2395,2493
WBGene00006709.,262,1542,1804
WBGene00006710.,360,209,569
WBGene00006711.,80,789,869
WBGene00006712.,106,441,547
WBGene00006713.,60,1959,2019
WBGene00006714.,138,485,623
WBGene00006715.,54,2508,2562
WBGene00006716.,32,15,47
WBGene00006717.,19,469,488
WBGene00006718.,1,19,20
WBGene00006719.,1,3,4
WBGene00006720.,84,3996,4080
WBGene00006721.,49,585,634
WBGene00006722.,58,396,454
WBGene00006723.,72,724,796
WBGene00006724.,113,2204,2317
WBGene00006725.,15598,154441,170039
WBGene00006726.,150,1271,1421
WBGene00006727.,265,14108,14373
WBGene00006728.,14698,155807,170505
WBGene00006729.,62,271,333
WBGene00006730.,31,7520,7551
WBGene00006731.,9,125,134
WBGene00006732.,282,1469,1751
WBGene00006733.,243,1515,1758
WBGene00006734.,40,1011,1051
WBGene00006735.,20,679,699
WBGene00006736.,98,1118,1216
WBGene00006737.,23,555,578
WBGene00006738.,46,1836,1882
WBGene00006739.,281,5233,5514
WBGene00006740.,31,209,240
WBGene00006741.,198,1964,2162
WBGene00006742.,851,1931,2782
WBGene00006743.,81,166,247
WBGene00006744.,26,98,124
WBGene00006745.,557,823,1380
WBGene00006746.,44,308,352
WBGene00006747.,715,674,1389
WBGene00006748.,18,65,83
WBGene00006749.,281,679,960
WBGene00006750.,187,918,1105
WBGene00006751.,489,978,1467
WBGene00006752.,926,2870,3796
WBGene00006753.,664,7533,8197
WBGene00006754.,6589,144857,151446
WBGene00006755.,537,5316,5853
WBGene00006756.,3,6,9
WBGene00006757.,89,1111,1200
WBGene00006759.,2194,22019,24213
WBGene00006760.,225,1285,1510
WBGene00006761.,81,482,563
WBGene00006762.,444,1867,2311
WBGene00006763.,301,1184,1485
WBGene00006764.,3072,32914,35986
WBGene00006765.,223,414,637
WBGene00006766.,68,458,526
WBGene00006767.,531,872,1403
WBGene00006768.,439,4158,4597
WBGene00006769.,496,912,1408
WBGene00006770.,888,1916,2804
WBGene00006771.,658,5232,5890
WBGene00006772.,261,1706,1967
WBGene00006773.,92,1240,1332
WBGene00006774.,61,423,484
WBGene00006775.,13,67,80
WBGene00006776.,427,1995,2422
WBGene00006777.,105,904,1009
WBGene00006778.,52,297,349
WBGene00006779.,2183,7310,9493
WBGene00006780.,2942,29135,32077
WBGene00006781.,149,422,571
WBGene00006782.,12,202,214
WBGene00006783.,40,207,247
WBGene00006784.,912,2590,3502
WBGene00006785.,15,218,233
WBGene00006786.,338,2794,3132
WBGene00006787.,565,3348,3913
WBGene00006788.,310,797,1107
WBGene00006789.,3567,169340,172907
WBGene00006790.,19,31,50
WBGene00006791.,239,1383,1622
WBGene00006792.,341,351,692
WBGene00006793.,55,1264,1319
WBGene00006794.,232,8852,9084
WBGene00006795.,41,1076,1117
WBGene00006796.,906,4334,5240
WBGene00006797.,317,191,508
WBGene00006798.,855,2505,3360
WBGene00006801.,722,5950,6672
WBGene00006802.,34,3492,3526
WBGene00006803.,687,7685,8372
WBGene00006804.,86,581,667
WBGene00006805.,2218,6336,8554
WBGene00006807.,203,345,548
WBGene00006808.,351,1878,2229
WBGene00006809.,360,533,893
WBGene00006810.,107,1375,1482
WBGene00006811.,306,772,1078
WBGene00006812.,500,3273,3773
WBGene00006814.,1671,3785,5456
WBGene00006815.,756,7089,7845
WBGene00006816.,65,1188,1253
WBGene00006817.,164,2145,2309
WBGene00006818.,177,3330,3507
WBGene00006819.,2794,60762,63556
WBGene00006820.,2453,19423,21876
WBGene00006822.,92,487,579
WBGene00006823.,1909,10224,12133
WBGene00006824.,67,2150,2217
WBGene00006825.,568,4465,5033
WBGene00006826.,138,2281,2419
WBGene00006827.,3016,2453,5469
WBGene00006829.,75,491,566
WBGene00006830.,1872,1369,3241
WBGene00006831.,503,2263,2766
WBGene00006832.,134,658,792
WBGene00006833.,920,12524,13444
WBGene00006836.,145,2919,3064
WBGene00006839.,419,2107,2526
WBGene00006840.,264,5917,6181
WBGene00006843.,198,1240,1438
WBGene00006844.,143,2094,2237
WBGene00006845.,781,4814,5595
WBGene00006852.,89,2631,2720
WBGene00006853.,26,422,448
WBGene00006856.,28,837,865
WBGene00006861.,451,3428,3879
WBGene00006862.,25,242,267
WBGene00006863.,150,4935,5085
WBGene00006864.,255,286,541
WBGene00006865.,25,246,271
WBGene00006868.,380,840,1220
WBGene00006869.,67,274,341
WBGene00006870.,324,504,828
WBGene00006873.,75,84,159
WBGene00006874.,343,4233,4576
WBGene00006875.,31,1123,1154
WBGene00006876.,2246,3645,5891
WBGene00006881.,24,251,275
WBGene00006882.,77,213,290
WBGene00006886.,184,1176,1360
WBGene00006887.,185,348,533
WBGene00006888.,64,2573,2637
WBGene00006889.,41,3079,3120
WBGene00006890.,376,4961,5337
WBGene00006893.,223,1812,2035
WBGene00006894.,25,31,56
WBGene00006895.,5,2,7
WBGene00006896.,58,393,451
WBGene00006897.,13,9,22
WBGene00006902.,1,8,9
WBGene00006910.,0,1660,1660
WBGene00006911.,114,10381,10495
WBGene00006912.,0,3420,3420
WBGene00006913.,37,3693,3730
WBGene00006914.,24,1581,1605
WBGene00006915.,31,1735,1766
WBGene00006916.,205,489,694
WBGene00006917.,55,5860,5915
WBGene00006918.,456,6541,6997
WBGene00006919.,121,5178,5299
WBGene00006920.,539,3571,4110
WBGene00006921.,6,1937,1943
WBGene00006922.,12,420,432
WBGene00006923.,2088,5030,7118
WBGene00006924.,99,12422,12521
WBGene00006925.,2,16,18
WBGene00006926.,0,2,2
WBGene00006927.,1,9,10
WBGene00006928.,1,0,1
WBGene00006929.,0,1,1
WBGene00006930.,1,6,7
WBGene00006931.,71,1287,1358
WBGene00006932.,378,2290,2668
WBGene00006933.,64,1140,1204
WBGene00006934.,162,571,733
WBGene00006935.,35,1189,1224
WBGene00006936.,134,991,1125
WBGene00006937.,328,2510,2838
WBGene00006938.,2,28,30
WBGene00006939.,1,5,6
WBGene00006940.,2,472,474
WBGene00006941.,514,4471,4985
WBGene00006942.,173,4593,4766
WBGene00006943.,98,950,1048
WBGene00006944.,52,572,624
WBGene00006945.,88,654,742
WBGene00006946.,47,514,561
WBGene00006947.,0,35,35
WBGene00006948.,3,5,8
WBGene00006949.,66,677,743
WBGene00006950.,17,4,21
WBGene00006951.,95,524,619
WBGene00006952.,7,99,106
WBGene00006953.,13,5,18
WBGene00006954.,3,3,6
WBGene00006955.,65,35,100
WBGene00006956.,0,8,8
WBGene00006957.,335,1710,2045
WBGene00006958.,63,232,295
WBGene00006959.,982,33287,34269
WBGene00006960.,21,112,133
WBGene00006961.,433,5282,5715
WBGene00006962.,7,20,27
WBGene00006963.,50,908,958
WBGene00006964.,152,871,1023
WBGene00006965.,0,104,104
WBGene00006966.,13,148,161
WBGene00006967.,0,113,113
WBGene00006968.,100,1337,1437
WBGene00006970.,28,734,762
WBGene00006971.,92,809,901
WBGene00006974.,20,1120,1140
WBGene00006975.,881,5609,6490
WBGene00006976.,1968,716,2684
WBGene00006977.,32,541,573
WBGene00006978.,147,4003,4150
WBGene00006979.,1,200,201
WBGene00006980.,3,316,319
WBGene00006981.,6,209,215
WBGene00006982.,127,1208,1335
WBGene00006983.,198,1804,2002
WBGene00006984.,669,2000,2669
WBGene00006985.,233,397,630
WBGene00006986.,319,1367,1686
WBGene00006987.,191,712,903
WBGene00006988.,103,520,623
WBGene00006993.,337,430,767
WBGene00006994.,189,2225,2414
WBGene00006996.,56,2126,2182
WBGene00006997.,11,591,602
WBGene00006999.,1419,9603,11022
WBGene00007000.,104,2254,2358
WBGene00007001.,5,797,802
WBGene00007006.,114,432,546
WBGene00007007.,250,4125,4375
WBGene00007008.,128,2134,2262
WBGene00007009.,122,1935,2057
WBGene00007010.,147,1974,2121
WBGene00007011.,36,261,297
WBGene00007012.,59,601,660
WBGene00007013.,263,530,793
WBGene00007014.,72,335,407
WBGene00007015.,12,637,649
WBGene00007016.,601,7021,7622
WBGene00007017.,262,311,573
WBGene00007018.,140,1371,1511
WBGene00007019.,118,2129,2247
WBGene00007020.,230,1117,1347
WBGene00007021.,73,1042,1115
WBGene00007022.,326,2325,2651
WBGene00007023.,133,1672,1805
WBGene00007024.,2363,15422,17785
WBGene00007025.,239,1475,1714
WBGene00007026.,87,917,1004
WBGene00007027.,1159,3617,4776
WBGene00007028.,94,2123,2217
WBGene00007029.,237,1479,1716
WBGene00007030.,1773,11698,13471
WBGene00007036.,89,481,570
WBGene00007041.,82,364,446
WBGene00007042.,184,5256,5440
WBGene00007043.,10,274,284
WBGene00007044.,220,2227,2447
WBGene00007045.,4,213,217
WBGene00007047.,178,598,776
WBGene00007048.,112,4014,4126
WBGene00007049.,9,46,55
WBGene00007050.,327,2516,2843
WBGene00007053.,237,5060,5297
WBGene00007054.,1502,2280,3782
WBGene00007055.,180,5134,5314
WBGene00007056.,72,446,518
WBGene00007057.,0,62,62
WBGene00007058.,386,4611,4997
WBGene00007059.,23,315,338
WBGene00007060.,4,11,15
WBGene00007062.,0,0,0
WBGene00007063.,146,357,503
WBGene00007064.,146,568,714
WBGene00007065.,67,637,704
WBGene00007066.,2,5,7
WBGene00007067.,98,440,538
WBGene00007068.,119,789,908
WBGene00007070.,12,520,532
WBGene00007071.,100,1166,1266
WBGene00007072.,10,152,162
WBGene00007073.,27,178,205
WBGene00007074.,1,0,1
WBGene00007075.,0,0,0
WBGene00007076.,0,0,0
WBGene00007077.,12,4,16
WBGene00007078.,0,0,0
WBGene00007079.,0,0,0
WBGene00007080.,0,0,0
WBGene00007081.,7,8,15
WBGene00007082.,0,18,18
WBGene00007083.,2,7,9
WBGene00007085.,0,136,136
WBGene00007087.,84,1390,1474
WBGene00007088.,120,1477,1597
WBGene00007089.,72,717,789
WBGene00007090.,56,936,992
WBGene00007091.,1205,10055,11260
WBGene00007092.,68,468,536
WBGene00007093.,3,580,583
WBGene00007094.,235,559,794
WBGene00007096.,50,857,907
WBGene00007097.,26,155,181
WBGene00007099.,539,6215,6754
WBGene00007100.,10,594,604
WBGene00007101.,42,1803,1845
WBGene00007102.,34,328,362
WBGene00007103.,353,1739,2092
WBGene00007104.,45,195,240
WBGene00007105.,46,1713,1759
WBGene00007106.,47,592,639
WBGene00007107.,345,4142,4487
WBGene00007108.,168,1394,1562
WBGene00007109.,12,367,379
WBGene00007110.,103,1643,1746
WBGene00007111.,60,1020,1080
WBGene00007112.,259,1436,1695
WBGene00007113.,64,1080,1144
WBGene00007114.,31,121,152
WBGene00007115.,65,105,170
WBGene00007116.,70,166,236
WBGene00007117.,2,8,10
WBGene00007118.,80,772,852
WBGene00007119.,106,723,829
WBGene00007120.,3,64,67
WBGene00007121.,122,322,444
WBGene00007122.,88,2968,3056
WBGene00007123.,0,0,0
WBGene00007124.,67,271,338
WBGene00007125.,0,3,3
WBGene00007126.,91,466,557
WBGene00007127.,2,0,2
WBGene00007128.,27,168,195
WBGene00007129.,31,1682,1713
WBGene00007130.,18,42,60
WBGene00007131.,23,116,139
WBGene00007132.,6,77,83
WBGene00007133.,10,204,214
WBGene00007134.,18,8,26
WBGene00007135.,355,1209,1564
WBGene00007136.,161,1639,1800
WBGene00007137.,83,1034,1117
WBGene00007138.,44,141,185
WBGene00007139.,151,998,1149
WBGene00007140.,14,62,76
WBGene00007141.,4,37,41
WBGene00007142.,486,4869,5355
WBGene00007143.,60,1159,1219
WBGene00007144.,27,1313,1340
WBGene00007145.,8,435,443
WBGene00007146.,26,144,170
WBGene00007147.,2,2,4
WBGene00007148.,6,7,13
WBGene00007149.,4,36,40
WBGene00007150.,11,785,796
WBGene00007151.,7,7,14
WBGene00007152.,1,2,3
WBGene00007153.,2,27,29
WBGene00007154.,29,129,158
WBGene00007155.,831,16172,17003
WBGene00007156.,7,33,40
WBGene00007158.,0,14,14
WBGene00007159.,56,702,758
WBGene00007160.,3,0,3
WBGene00007161.,4,0,4
WBGene00007162.,100,366,466
WBGene00007163.,0,25,25
WBGene00007164.,4,42,46
WBGene00007165.,218,207,425
WBGene00007166.,12,680,692
WBGene00007167.,108,641,749
WBGene00007168.,11,712,723
WBGene00007169.,9,10,19
WBGene00007170.,41,114,155
WBGene00007171.,22,255,277
WBGene00007172.,18,109,127
WBGene00007173.,0,0,0
WBGene00007174.,31,245,276
WBGene00007175.,56,1568,1624
WBGene00007176.,1736,806,2542
WBGene00007177.,16,12,28
WBGene00007178.,11,773,784
WBGene00007179.,6,12,18
WBGene00007180.,65,618,683
WBGene00007181.,15,2,17
WBGene00007182.,4,0,4
WBGene00007183.,2,15,17
WBGene00007184.,218,3742,3960
WBGene00007185.,239,1639,1878
WBGene00007186.,36,931,967
WBGene00007187.,45,286,331
WBGene00007188.,106,674,780
WBGene00007189.,44,561,605
WBGene00007190.,5,24,29
WBGene00007191.,38,233,271
WBGene00007192.,635,8031,8666
WBGene00007193.,249,1828,2077
WBGene00007194.,8,509,517
WBGene00007195.,118,1109,1227
WBGene00007196.,242,614,856
WBGene00007197.,794,3996,4790
WBGene00007198.,0,1,1
WBGene00007199.,10,4,14
WBGene00007200.,687,4689,5376
WBGene00007201.,0,81,81
WBGene00007202.,26,402,428
WBGene00007203.,6,200,206
WBGene00007204.,8,30,38
WBGene00007206.,0,0,0
WBGene00007207.,82,711,793
WBGene00007208.,0,0,0
WBGene00007209.,4,2,6
WBGene00007210.,23,48,71
WBGene00007211.,5,2,7
WBGene00007212.,32,144,176
WBGene00007213.,39,724,763
WBGene00007214.,254,1206,1460
WBGene00007215.,94,393,487
WBGene00007216.,346,931,1277
WBGene00007217.,201,4489,4690
WBGene00007218.,84,23,107
WBGene00007219.,96,2949,3045
WBGene00007220.,7,20,27
WBGene00007221.,58,419,477
WBGene00007222.,4,44,48
WBGene00007223.,141,2691,2832
WBGene00007224.,10,20,30
WBGene00007225.,0,37,37
WBGene00007226.,200,2004,2204
WBGene00007227.,375,6658,7033
WBGene00007228.,12,94,106
WBGene00007229.,16,26,42
WBGene00007230.,2,17,19
WBGene00007231.,5,5,10
WBGene00007232.,1,2,3
WBGene00007233.,4,14,18
WBGene00007234.,0,317,317
WBGene00007235.,340,6789,7129
WBGene00007236.,1,193,194
WBGene00007237.,117,487,604
WBGene00007238.,0,3,3
WBGene00007239.,0,0,0
WBGene00007240.,8,62,70
WBGene00007241.,38,208,246
WBGene00007242.,53,255,308
WBGene00007243.,1,22,23
WBGene00007244.,2,6,8
WBGene00007245.,0,0,0
WBGene00007246.,0,5,5
WBGene00007247.,27,161,188
WBGene00007248.,6,7,13
WBGene00007249.,2,3,5
WBGene00007250.,0,4,4
WBGene00007251.,0,1,1
WBGene00007252.,72,241,313
WBGene00007253.,36,155,191
WBGene00007254.,7,50,57
WBGene00007255.,16,106,122
WBGene00007256.,1298,3682,4980
WBGene00007257.,498,1351,1849
WBGene00007258.,60,768,828
WBGene00007259.,2,0,2
WBGene00007260.,449,586,1035
WBGene00007261.,248,1884,2132
WBGene00007262.,5,18,23
WBGene00007264.,2,4,6
WBGene00007265.,0,1,1
WBGene00007266.,47,355,402
WBGene00007267.,43,501,544
WBGene00007268.,8,29,37
WBGene00007269.,6,6,12
WBGene00007270.,79,1801,1880
WBGene00007271.,60,146,206
WBGene00007273.,72,23,95
WBGene00007274.,17,64,81
WBGene00007275.,156,200,356
WBGene00007277.,31,152,183
WBGene00007278.,21,183,204
WBGene00007279.,4,1,5
WBGene00007281.,2,86,88
WBGene00007282.,10,9,19
WBGene00007283.,4,3,7
WBGene00007284.,162,472,634
WBGene00007285.,39,231,270
WBGene00007286.,57,424,481
WBGene00007287.,21,351,372
WBGene00007288.,103,642,745
WBGene00007289.,0,0,0
WBGene00007290.,2,0,2
WBGene00007291.,3,1,4
WBGene00007292.,2,4,6
WBGene00007293.,0,3,3
WBGene00007294.,1,0,1
WBGene00007295.,23,250,273
WBGene00007296.,77,919,996
WBGene00007297.,31,278,309
WBGene00007299.,20,274,294
WBGene00007300.,0,0,0
WBGene00007301.,1034943,37,1034980
WBGene00007302.,68,1310,1378
WBGene00007303.,9,24,33
WBGene00007304.,206,1210,1416
WBGene00007305.,4,20,24
WBGene00007306.,0,1,1
WBGene00007307.,0,6,6
WBGene00007308.,0,6,6
WBGene00007309.,10,3,13
WBGene00007310.,13,22,35
WBGene00007311.,6,4,10
WBGene00007312.,18,545,563
WBGene00007313.,12,25,37
WBGene00007314.,26,38,64
WBGene00007315.,6,3,9
WBGene00007316.,275,1158,1433
WBGene00007317.,42,1876,1918
WBGene00007319.,2,4,6
WBGene00007320.,0,1,1
WBGene00007321.,50,416,466
WBGene00007322.,6,14,20
WBGene00007323.,6,15,21
WBGene00007324.,260,1675,1935
WBGene00007325.,2,14,16
WBGene00007326.,38,42,80
WBGene00007327.,15,35,50
WBGene00007328.,26,30,56
WBGene00007329.,195,1312,1507
WBGene00007330.,189,3030,3219
WBGene00007331.,195,803,998
WBGene00007332.,2,172,174
WBGene00007333.,93,704,797
WBGene00007334.,102,1504,1606
WBGene00007335.,4,2,6
WBGene00007336.,84,1041,1125
WBGene00007337.,1,6,7
WBGene00007338.,34,217,251
WBGene00007339.,13,87,100
WBGene00007340.,35,119,154
WBGene00007341.,0,0,0
WBGene00007342.,0,5,5
WBGene00007343.,35,229,264
WBGene00007344.,6,20,26
WBGene00007345.,108,796,904
WBGene00007346.,26,59,85
WBGene00007347.,90,255,345
WBGene00007348.,83,388,471
WBGene00007349.,77,682,759
WBGene00007350.,443,5695,6138
WBGene00007351.,52,82,134
WBGene00007352.,317,1824,2141
WBGene00007353.,319,2442,2761
WBGene00007354.,15,118,133
WBGene00007355.,0,2149,2149
WBGene00007356.,0,0,0
WBGene00007357.,174,794,968
WBGene00007358.,7,158,165
WBGene00007359.,14,5,19
WBGene00007360.,17,11,28
WBGene00007361.,21,9,30
WBGene00007362.,25,93,118
WBGene00007363.,76,1960,2036
WBGene00007364.,10,23,33
WBGene00007365.,2871,53584,56455
WBGene00007366.,413,1085,1498
WBGene00007367.,5,57,62
WBGene00007368.,8,18,26
WBGene00007369.,1,0,1
WBGene00007370.,4,8,12
WBGene00007372.,21,159,180
WBGene00007373.,0,0,0
WBGene00007374.,8,15,23
WBGene00007375.,27,58,85
WBGene00007376.,2,6,8
WBGene00007377.,0,18,18
WBGene00007378.,26,20,46
WBGene00007379.,3,3,6
WBGene00007380.,1,6,7
WBGene00007381.,2,7,9
WBGene00007382.,10,41,51
WBGene00007383.,3,7,10
WBGene00007384.,4,196,200
WBGene00007385.,2394,23973,26367
WBGene00007386.,115,1042,1157
WBGene00007387.,97,338,435
WBGene00007388.,48,288,336
WBGene00007389.,50,276,326
WBGene00007390.,24,3098,3122
WBGene00007391.,2,40,42
WBGene00007392.,9,161,170
WBGene00007393.,13,103,116
WBGene00007394.,31,42,73
WBGene00007395.,363,1596,1959
WBGene00007396.,71,283,354
WBGene00007397.,22,137,159
WBGene00007398.,3,70,73
WBGene00007399.,12,12,24
WBGene00007400.,35,1252,1287
WBGene00007401.,3,0,3
WBGene00007402.,23,225,248
WBGene00007403.,59,705,764
WBGene00007404.,31,148,179
WBGene00007405.,141,1420,1561
WBGene00007406.,13,6,19
WBGene00007407.,7,20,27
WBGene00007408.,46,982,1028
WBGene00007409.,148,688,836
WBGene00007410.,43,47,90
WBGene00007411.,18,241,259
WBGene00007412.,62,1120,1182
WBGene00007413.,289,2006,2295
WBGene00007414.,123,863,986
WBGene00007415.,13,48,61
WBGene00007416.,80,221,301
WBGene00007417.,24,351,375
WBGene00007418.,12,38,50
WBGene00007419.,194,1421,1615
WBGene00007420.,1,42,43
WBGene00007421.,97,742,839
WBGene00007422.,11,54,65
WBGene00007423.,0,1,1
WBGene00007424.,8,71,79
WBGene00007425.,7,46,53
WBGene00007426.,6,8,14
WBGene00007427.,17,2,19
WBGene00007428.,140,1695,1835
WBGene00007429.,176,1677,1853
WBGene00007430.,18,349,367
WBGene00007431.,6,70,76
WBGene00007432.,3,6,9
WBGene00007433.,257,3895,4152
WBGene00007434.,8,556,564
WBGene00007435.,5,105,110
WBGene00007436.,8,730,738
WBGene00007437.,4,17,21
WBGene00007438.,4,0,4
WBGene00007439.,5,45,50
WBGene00007440.,82,494,576
WBGene00007441.,0,1,1
WBGene00007442.,0,1,1
WBGene00007443.,475,4782,5257
WBGene00007444.,66,629,695
WBGene00007445.,57,826,883
WBGene00007446.,19,20,39
WBGene00007447.,0,6,6
WBGene00007448.,5,15,20
WBGene00007449.,108,2048,2156
WBGene00007450.,72,474,546
WBGene00007451.,1,4,5
WBGene00007452.,11,100,111
WBGene00007453.,6,62,68
WBGene00007454.,8,30,38
WBGene00007455.,12,22,34
WBGene00007456.,7,16,23
WBGene00007457.,0,3,3
WBGene00007458.,4,0,4
WBGene00007459.,0,0,0
WBGene00007460.,26,1748,1774
WBGene00007461.,4,4,8
WBGene00007462.,9,45,54
WBGene00007463.,33,2634,2667
WBGene00007464.,13,168,181
WBGene00007465.,6,16,22
WBGene00007466.,0,11,11
WBGene00007467.,1,43,44
WBGene00007468.,4,2,6
WBGene00007469.,1,10,11
WBGene00007470.,0,18,18
WBGene00007471.,11,5,16
WBGene00007472.,8,20,28
WBGene00007473.,0,7,7
WBGene00007474.,31,439,470
WBGene00007475.,0,0,0
WBGene00007476.,12,2557,2569
WBGene00007478.,7,4,11
WBGene00007479.,2,7,9
WBGene00007480.,271,482,753
WBGene00007481.,0,0,0
WBGene00007482.,7,18,25
WBGene00007483.,6,57,63
WBGene00007484.,14,104,118
WBGene00007485.,17,9,26
WBGene00007486.,291,297,588
WBGene00007487.,19,206,225
WBGene00007488.,384,1036,1420
WBGene00007489.,6,28,34
WBGene00007490.,82,470,552
WBGene00007492.,350,3062,3412
WBGene00007493.,19,777,796
WBGene00007494.,7,9,16
WBGene00007495.,55,207,262
WBGene00007496.,5,3,8
WBGene00007497.,5,2,7
WBGene00007499.,348,647,995
WBGene00007500.,187,1981,2168
WBGene00007502.,46,180,226
WBGene00007503.,8,16,24
WBGene00007504.,5,339,344
WBGene00007505.,530,2031,2561
WBGene00007506.,26,49,75
WBGene00007507.,7,13,20
WBGene00007508.,2,10,12
WBGene00007509.,0,0,0
WBGene00007511.,99,1097,1196
WBGene00007512.,5,7,12
WBGene00007513.,141,826,967
WBGene00007514.,90,1784,1874
WBGene00007515.,10,210,220
WBGene00007516.,44,1078,1122
WBGene00007517.,56,1402,1458
WBGene00007518.,15,78,93
WBGene00007520.,61,586,647
WBGene00007521.,3,5,8
WBGene00007522.,136,487,623
WBGene00007523.,1,3,4
WBGene00007525.,67,1023,1090
WBGene00007528.,29,227,256
WBGene00007529.,41,364,405
WBGene00007530.,11,24,35
WBGene00007531.,56,558,614
WBGene00007533.,23,128,151
WBGene00007534.,103,8114,8217
WBGene00007535.,0,29,29
WBGene00007536.,14,118,132
WBGene00007537.,7,463,470
WBGene00007538.,2,11,13
WBGene00007539.,0,0,0
WBGene00007540.,1,11,12
WBGene00007541.,11,930,941
WBGene00007542.,5,67,72
WBGene00007543.,0,34,34
WBGene00007544.,11,102,113
WBGene00007545.,167,397,564
WBGene00007546.,44,321,365
WBGene00007547.,81,805,886
WBGene00007548.,57,380,437
WBGene00007549.,11,125,136
WBGene00007550.,21,133,154
WBGene00007551.,62,1356,1418
WBGene00007552.,6,14,20
WBGene00007553.,3,675,678
WBGene00007554.,268,2763,3031
WBGene00007555.,34,18414,18448
WBGene00007556.,38,292,330
WBGene00007557.,22,238,260
WBGene00007558.,37,238,275
WBGene00007559.,1,2,3
WBGene00007560.,1,7,8
WBGene00007561.,28,842,870
WBGene00007562.,181,585,766
WBGene00007563.,8,76,84
WBGene00007564.,2,577,579
WBGene00007565.,7,24,31
WBGene00007567.,0,0,0
WBGene00007569.,0,2,2
WBGene00007570.,4,2,6
WBGene00007571.,1,1,2
WBGene00007572.,1,4,5
WBGene00007573.,21,765,786
WBGene00007574.,65,2205,2270
WBGene00007576.,167,2199,2366
WBGene00007577.,166,1062,1228
WBGene00007578.,2,409,411
WBGene00007579.,76,935,1011
WBGene00007580.,20,283,303
WBGene00007581.,50,689,739
WBGene00007583.,222,340,562
WBGene00007584.,4,35,39
WBGene00007585.,44,350,394
WBGene00007586.,98,8901,8999
WBGene00007587.,46,1252,1298
WBGene00007588.,61,2392,2453
WBGene00007589.,8,286,294
WBGene00007590.,234,2207,2441
WBGene00007591.,74,743,817
WBGene00007592.,524,4310,4834
WBGene00007593.,204,781,985
WBGene00007594.,104,1850,1954
WBGene00007595.,22,117,139
WBGene00007597.,98,175,273
WBGene00007598.,6,40,46
WBGene00007599.,497,2029,2526
WBGene00007600.,0,20,20
WBGene00007601.,5,6,11
WBGene00007602.,489,1395,1884
WBGene00007603.,43,307,350
WBGene00007604.,5,714,719
WBGene00007605.,9,60,69
WBGene00007606.,41,844,885
WBGene00007607.,9,132,141
WBGene00007608.,30,172,202
WBGene00007609.,17,1159,1176
WBGene00007610.,2,1,3
WBGene00007611.,5,7,12
WBGene00007613.,3,7,10
WBGene00007614.,165,525,690
WBGene00007615.,32,300,332
WBGene00007616.,142,1359,1501
WBGene00007617.,580,12529,13109
WBGene00007618.,4,6,10
WBGene00007619.,100,456,556
WBGene00007620.,1326,1618,2944
WBGene00007621.,274,2509,2783
WBGene00007622.,66,129,195
WBGene00007623.,124,1425,1549
WBGene00007624.,5,456,461
WBGene00007625.,77,1284,1361
WBGene00007626.,47,1069,1116
WBGene00007627.,40,1346,1386
WBGene00007628.,312,4763,5075
WBGene00007629.,52,339,391
WBGene00007630.,9,4056,4065
WBGene00007631.,21,4,25
WBGene00007632.,2,24,26
WBGene00007633.,19,18,37
WBGene00007635.,156,226,382
WBGene00007637.,197,142,339
WBGene00007638.,0,0,0
WBGene00007639.,8,22,30
WBGene00007640.,219,731,950
WBGene00007641.,6,8,14
WBGene00007642.,4,66,70
WBGene00007643.,12,217,229
WBGene00007644.,14,141,155
WBGene00007645.,545,2311,2856
WBGene00007646.,217,3011,3228
WBGene00007647.,984,6238,7222
WBGene00007648.,2,17,19
WBGene00007649.,3,7,10
WBGene00007650.,72,342,414
WBGene00007651.,114,1026,1140
WBGene00007652.,90,580,670
WBGene00007653.,112,1751,1863
WBGene00007654.,13,17,30
WBGene00007655.,146,2,148
WBGene00007656.,2,3,5
WBGene00007657.,10,11,21
WBGene00007658.,6,8,14
WBGene00007659.,1,6,7
WBGene00007660.,6,7,13
WBGene00007661.,6,4,10
WBGene00007662.,2,2,4
WBGene00007664.,134,1188,1322
WBGene00007666.,301,2721,3022
WBGene00007667.,58,419,477
WBGene00007668.,56,724,780
WBGene00007669.,16,17,33
WBGene00007670.,30,69,99
WBGene00007672.,7,19,26
WBGene00007673.,0,0,0
WBGene00007674.,5,2,7
WBGene00007675.,58,271,329
WBGene00007676.,1,1,2
WBGene00007677.,5,64,69
WBGene00007678.,3,2,5
WBGene00007679.,59,1173,1232
WBGene00007680.,281,1502,1783
WBGene00007681.,124,792,916
WBGene00007682.,4,47,51
WBGene00007683.,730,7726,8456
WBGene00007684.,667,6627,7294
WBGene00007685.,62,548,610
WBGene00007686.,11,669,680
WBGene00007687.,10,16,26
WBGene00007688.,0,2,2
WBGene00007689.,35,874,909
WBGene00007690.,424,438,862
WBGene00007691.,6,10,16
WBGene00007692.,10,40,50
WBGene00007693.,15,2,17
WBGene00007694.,14,89,103
WBGene00007695.,13,55,68
WBGene00007696.,26,1096,1122
WBGene00007697.,51,455,506
WBGene00007698.,63,594,657
WBGene00007699.,0,0,0
WBGene00007700.,0,0,0
WBGene00007701.,4,7,11
WBGene00007702.,170,632,802
WBGene00007703.,811,2090,2901
WBGene00007704.,16,146,162
WBGene00007705.,23,1200,1223
WBGene00007707.,31,1159,1190
WBGene00007708.,0,0,0
WBGene00007709.,33,2194,2227
WBGene00007710.,44,1116,1160
WBGene00007711.,33,1821,1854
WBGene00007712.,5,1249,1254
WBGene00007713.,0,24,24
WBGene00007714.,0,2,2
WBGene00007715.,0,0,0
WBGene00007716.,6,22,28
WBGene00007717.,6,38,44
WBGene00007718.,5,1925,1930
WBGene00007719.,0,12,12
WBGene00007720.,3,515,518
WBGene00007721.,0,3,3
WBGene00007722.,45,465,510
WBGene00007723.,19,41,60
WBGene00007724.,48,7,55
WBGene00007725.,30,147,177
WBGene00007726.,12,42,54
WBGene00007727.,0,2,2
WBGene00007728.,4,21,25
WBGene00007729.,8,42,50
WBGene00007730.,129,4841,4970
WBGene00007731.,3,688,691
WBGene00007732.,2,169,171
WBGene00007733.,0,16,16
WBGene00007734.,19,59,78
WBGene00007735.,4,0,4
WBGene00007736.,59,1344,1403
WBGene00007739.,64,51,115
WBGene00007740.,3,1,4
WBGene00007741.,38,216,254
WBGene00007742.,17,6,23
WBGene00007743.,24,166,190
WBGene00007744.,222,495,717
WBGene00007745.,145,714,859
WBGene00007746.,31,306,337
WBGene00007747.,1,4,5
WBGene00007748.,14,81,95
WBGene00007749.,68,1775,1843
WBGene00007750.,55,343,398
WBGene00007751.,22,48,70
WBGene00007752.,426,1886,2312
WBGene00007753.,47,110,157
WBGene00007754.,7,8,15
WBGene00007755.,36,126,162
WBGene00007756.,183,589,772
WBGene00007757.,86,231,317
WBGene00007758.,67,460,527
WBGene00007759.,0,4,4
WBGene00007760.,35,584,619
WBGene00007761.,341,2595,2936
WBGene00007762.,22,890,912
WBGene00007763.,46,218,264
WBGene00007764.,402,2140,2542
WBGene00007765.,107,765,872
WBGene00007766.,8,292,300
WBGene00007767.,0,0,0
WBGene00007768.,6,1,7
WBGene00007769.,3,0,3
WBGene00007770.,0,0,0
WBGene00007771.,3,195,198
WBGene00007772.,67,774,841
WBGene00007773.,1,4,5
WBGene00007774.,83,759,842
WBGene00007775.,87,132,219
WBGene00007776.,17,169,186
WBGene00007777.,7,8,15
WBGene00007778.,17,49,66
WBGene00007779.,91,672,763
WBGene00007780.,29,256,285
WBGene00007784.,51,2008,2059
WBGene00007785.,20,1742,1762
WBGene00007786.,229,7367,7596
WBGene00007787.,22,1651,1673
WBGene00007788.,48,326,374
WBGene00007789.,44,235,279
WBGene00007791.,14,57,71
WBGene00007792.,0,0,0
WBGene00007793.,0,2,2
WBGene00007794.,1,2,3
WBGene00007795.,0,1,1
WBGene00007796.,24,268,292
WBGene00007797.,28,268,296
WBGene00007798.,0,4,4
WBGene00007799.,291,586,877
WBGene00007800.,30,52,82
WBGene00007801.,185,444,629
WBGene00007802.,2,2,4
WBGene00007804.,1,38,39
WBGene00007805.,0,0,0
WBGene00007806.,2,0,2
WBGene00007807.,6,44,50
WBGene00007808.,12,13,25
WBGene00007809.,7,87,94
WBGene00007810.,33,110,143
WBGene00007811.,80,814,894
WBGene00007812.,277,2229,2506
WBGene00007813.,13,14,27
WBGene00007816.,166,232,398
WBGene00007817.,156,303,459
WBGene00007818.,126,196,322
WBGene00007819.,5,117,122
WBGene00007820.,104,305,409
WBGene00007821.,14,26,40
WBGene00007822.,8,1,9
WBGene00007823.,9,8,17
WBGene00007824.,1796,5842,7638
WBGene00007825.,31,412,443
WBGene00007826.,13,1147,1160
WBGene00007827.,255,2440,2695
WBGene00007829.,5,5,10
WBGene00007831.,0,5,5
WBGene00007832.,3,25,28
WBGene00007833.,4,7,11
WBGene00007834.,3,11,14
WBGene00007835.,12,63,75
WBGene00007836.,7,743,750
WBGene00007837.,56,517,573
WBGene00007838.,0,37,37
WBGene00007840.,161,51,212
WBGene00007841.,191,3193,3384
WBGene00007842.,0,9,9
WBGene00007844.,21,53,74
WBGene00007846.,38,544,582
WBGene00007847.,51,535,586
WBGene00007848.,498,6858,7356
WBGene00007849.,118,410,528
WBGene00007850.,6,2,8
WBGene00007851.,3,2,5
WBGene00007852.,0,2,2
WBGene00007853.,0,9,9
WBGene00007854.,45,142,187
WBGene00007855.,0,3769,3769
WBGene00007856.,25,315,340
WBGene00007857.,11,66,77
WBGene00007858.,26,160,186
WBGene00007859.,38,506,544
WBGene00007860.,549,1990,2539
WBGene00007861.,3,20,23
WBGene00007862.,105,398,503
WBGene00007863.,2,6,8
WBGene00007864.,7,5,12
WBGene00007865.,0,1,1
WBGene00007866.,5,41,46
WBGene00007867.,27,289,316
WBGene00007868.,1,112,113
WBGene00007869.,0,5,5
WBGene00007870.,3,4,7
WBGene00007871.,0,0,0
WBGene00007872.,0,0,0
WBGene00007873.,0,0,0
WBGene00007874.,0,1,1
WBGene00007875.,9,166,175
WBGene00007876.,0,1,1
WBGene00007877.,549,4636,5185
WBGene00007878.,278,1093,1371
WBGene00007880.,1962,10773,12735
WBGene00007881.,127,2940,3067
WBGene00007882.,90,2483,2573
WBGene00007883.,286,6317,6603
WBGene00007885.,13,18,31
WBGene00007886.,145,764,909
WBGene00007887.,4,2,6
WBGene00007888.,9,7,16
WBGene00007889.,1,0,1
WBGene00007890.,92,875,967
WBGene00007891.,3,15,18
WBGene00007892.,134,429,563
WBGene00007893.,3,2,5
WBGene00007894.,3,11,14
WBGene00007895.,4,3,7
WBGene00007896.,24,24,48
WBGene00007897.,7,12,19
WBGene00007898.,8,221,229
WBGene00007899.,174,677,851
WBGene00007900.,291,1824,2115
WBGene00007901.,15,356,371
WBGene00007902.,0,66,66
WBGene00007903.,9,21,30
WBGene00007904.,19,55,74
WBGene00007905.,5,10,15
WBGene00007906.,54,500,554
WBGene00007907.,813,2030,2843
WBGene00007908.,229,863,1092
WBGene00007909.,50,59,109
WBGene00007910.,2,7,9
WBGene00007911.,18,214,232
WBGene00007912.,74,985,1059
WBGene00007913.,23,68,91
WBGene00007914.,118,1210,1328
WBGene00007916.,8,209,217
WBGene00007917.,67,601,668
WBGene00007918.,52,817,869
WBGene00007919.,2382,19152,21534
WBGene00007920.,0,1,1
WBGene00007921.,172,1772,1944
WBGene00007922.,198,653,851
WBGene00007923.,209,1571,1780
WBGene00007924.,252,4508,4760
WBGene00007925.,11,93,104
WBGene00007926.,60,81,141
WBGene00007927.,83,756,839
WBGene00007928.,14,41,55
WBGene00007929.,109,236,345
WBGene00007931.,312,2311,2623
WBGene00007932.,133,480,613
WBGene00007933.,33,321,354
WBGene00007934.,99,817,916
WBGene00007935.,53,59,112
WBGene00007937.,17,83,100
WBGene00007938.,1,36,37
WBGene00007939.,26,164,190
WBGene00007941.,32,169,201
WBGene00007942.,42,1057,1099
WBGene00007943.,25,406,431
WBGene00007944.,140,788,928
WBGene00007945.,30,153,183
WBGene00007946.,12,42,54
WBGene00007947.,7,54,61
WBGene00007948.,9,14,23
WBGene00007949.,5,75,80
WBGene00007950.,512,2295,2807
WBGene00007951.,139,311,450
WBGene00007952.,64,1337,1401
WBGene00007953.,137,447,584
WBGene00007954.,10,7,17
WBGene00007955.,74,3166,3240
WBGene00007956.,76,638,714
WBGene00007957.,21,146,167
WBGene00007958.,1920,7605,9525
WBGene00007959.,129,1370,1499
WBGene00007960.,1,3,4
WBGene00007961.,0,5,5
WBGene00007962.,4,1,5
WBGene00007963.,8,18,26
WBGene00007964.,35,269,304
WBGene00007965.,25,366,391
WBGene00007966.,13,193,206
WBGene00007967.,25,357,382
WBGene00007969.,18,1665,1683
WBGene00007970.,23,329,352
WBGene00007971.,159,2136,2295
WBGene00007972.,91,622,713
WBGene00007973.,35,421,456
WBGene00007974.,73,887,960
WBGene00007975.,117,876,993
WBGene00007976.,60,556,616
WBGene00007977.,3,6,9
WBGene00007978.,47,564,611
WBGene00007979.,53,854,907
WBGene00007980.,310,8057,8367
WBGene00007981.,108,2387,2495
WBGene00007982.,182,763,945
WBGene00007983.,71,290,361
WBGene00007984.,76,557,633
WBGene00007985.,167,429,596
WBGene00007986.,0,0,0
WBGene00007987.,0,1,1
WBGene00007988.,12,33,45
WBGene00007989.,3,129,132
WBGene00007990.,3,151,154
WBGene00007991.,62,354,416
WBGene00007992.,1,36,37
WBGene00007993.,91,2493,2584
WBGene00007994.,42,154,196
WBGene00007995.,1,2,3
WBGene00007996.,3,3,6
WBGene00007997.,88,35,123
WBGene00007998.,2,4,6
WBGene00007999.,4,7,11
WBGene00008000.,74,1892,1966
WBGene00008001.,1,0,1
WBGene00008002.,51,310,361
WBGene00008003.,12,253,265
WBGene00008005.,41,541,582
WBGene00008006.,138,966,1104
WBGene00008007.,21,65,86
WBGene00008008.,120,513,633
WBGene00008009.,9,5,14
WBGene00008010.,10,26,36
WBGene00008012.,0,2,2
WBGene00008013.,4,10,14
WBGene00008014.,6,22,28
WBGene00008015.,6,1,7
WBGene00008016.,1,5,6
WBGene00008017.,3,27,30
WBGene00008018.,152,503,655
WBGene00008019.,36,570,606
WBGene00008020.,6,104,110
WBGene00008021.,14,151,165
WBGene00008022.,42,240,282
WBGene00008023.,2,135,137
WBGene00008024.,1,9,10
WBGene00008025.,6,141,147
WBGene00008026.,12,12,24
WBGene00008027.,308,3435,3743
WBGene00008028.,97,1221,1318
WBGene00008029.,1,8,9
WBGene00008030.,0,2,2
WBGene00008031.,27,68,95
WBGene00008032.,651,6259,6910
WBGene00008033.,73,170,243
WBGene00008034.,395,5162,5557
WBGene00008035.,49,1265,1314
WBGene00008036.,2,4,6
WBGene00008037.,48,191,239
WBGene00008038.,6,14,20
WBGene00008039.,17,192,209
WBGene00008040.,1261,15215,16476
WBGene00008041.,171,3374,3545
WBGene00008042.,2,16,18
WBGene00008043.,7,36,43
WBGene00008044.,15,67,82
WBGene00008045.,121,214,335
WBGene00008047.,30,106,136
WBGene00008048.,1,5,6
WBGene00008050.,22,486,508
WBGene00008051.,111,522,633
WBGene00008052.,192,2260,2452
WBGene00008053.,44,1341,1385
WBGene00008054.,21,9,30
WBGene00008055.,4,10,14
WBGene00008056.,5,2,7
WBGene00008057.,3,5,8
WBGene00008058.,0,0,0
WBGene00008059.,0,0,0
WBGene00008060.,0,1,1
WBGene00008061.,13,311,324
WBGene00008062.,51,478,529
WBGene00008063.,9,29,38
WBGene00008064.,518,109,627
WBGene00008065.,33,181,214
WBGene00008066.,1,68,69
WBGene00008067.,0,1,1
WBGene00008068.,1,1,2
WBGene00008069.,0,2,2
WBGene00008070.,5,517,522
WBGene00008071.,14,5,19
WBGene00008072.,5,8,13
WBGene00008073.,3,200,203
WBGene00008074.,3,16,19
WBGene00008075.,10,94,104
WBGene00008076.,36,341,377
WBGene00008077.,3,20,23
WBGene00008078.,27,346,373
WBGene00008079.,11,36,47
WBGene00008080.,4,127,131
WBGene00008081.,251,808,1059
WBGene00008082.,102,440,542
WBGene00008083.,9,10,19
WBGene00008084.,2,30,32
WBGene00008085.,49,615,664
WBGene00008086.,3,33,36
WBGene00008087.,2,0,2
WBGene00008088.,0,2,2
WBGene00008089.,115,1174,1289
WBGene00008090.,0,0,0
WBGene00008091.,7,19,26
WBGene00008092.,0,3,3
WBGene00008093.,47,73,120
WBGene00008094.,323,524,847
WBGene00008095.,9,106,115
WBGene00008096.,5,201,206
WBGene00008097.,4,90,94
WBGene00008098.,18,33,51
WBGene00008099.,1,27,28
WBGene00008100.,121,842,963
WBGene00008101.,6,92,98
WBGene00008102.,0,21,21
WBGene00008104.,0,0,0
WBGene00008105.,2,3,5
WBGene00008106.,1,3,4
WBGene00008107.,23,787,810
WBGene00008110.,151,2026,2177
WBGene00008111.,20,21,41
WBGene00008112.,8,5,13
WBGene00008113.,0,5,5
WBGene00008114.,7,63,70
WBGene00008117.,25,1852,1877
WBGene00008118.,189,1024,1213
WBGene00008119.,470,2252,2722
WBGene00008120.,279,1077,1356
WBGene00008121.,137,1771,1908
WBGene00008122.,0,5,5
WBGene00008123.,14,53,67
WBGene00008124.,3,7,10
WBGene00008125.,0,0,0
WBGene00008126.,2,6,8
WBGene00008127.,104,334,438
WBGene00008128.,15,143,158
WBGene00008129.,14,14,28
WBGene00008130.,35,813,848
WBGene00008131.,38,1101,1139
WBGene00008132.,3019,371,3390
WBGene00008133.,101,167,268
WBGene00008134.,80,445,525
WBGene00008135.,0,0,0
WBGene00008136.,93,1092,1185
WBGene00008137.,1,72,73
WBGene00008138.,0,29,29
WBGene00008139.,54,1935,1989
WBGene00008140.,1682,545,2227
WBGene00008141.,1,2,3
WBGene00008142.,70,1380,1450
WBGene00008143.,96,1277,1373
WBGene00008144.,39,459,498
WBGene00008145.,154,708,862
WBGene00008146.,9,25,34
WBGene00008147.,155,1559,1714
WBGene00008148.,26,308,334
WBGene00008149.,149,4114,4263
WBGene00008150.,16,8,24
WBGene00008151.,178,3890,4068
WBGene00008152.,104,1338,1442
WBGene00008153.,10,9,19
WBGene00008154.,3,7,10
WBGene00008155.,366,1250,1616
WBGene00008156.,11,12,23
WBGene00008157.,1,10,11
WBGene00008158.,3,1,4
WBGene00008159.,2,1,3
WBGene00008160.,5,2,7
WBGene00008161.,7,1,8
WBGene00008162.,4,4,8
WBGene00008163.,0,0,0
WBGene00008164.,53,2023,2076
WBGene00008165.,37,1065,1102
WBGene00008166.,48,902,950
WBGene00008167.,17,83,100
WBGene00008168.,27,381,408
WBGene00008169.,23,324,347
WBGene00008170.,92,1017,1109
WBGene00008171.,17,279,296
WBGene00008172.,9,269,278
WBGene00008173.,17,628,645
WBGene00008174.,61,429,490
WBGene00008175.,0,11,11
WBGene00008176.,16,116,132
WBGene00008177.,192,1323,1515
WBGene00008178.,154,89,243
WBGene00008179.,0,0,0
WBGene00008180.,3,8,11
WBGene00008183.,1399,2029,3428
WBGene00008184.,6,17,23
WBGene00008185.,35,7,42
WBGene00008186.,14,4,18
WBGene00008187.,21,14,35
WBGene00008188.,8,18,26
WBGene00008190.,11,3,14
WBGene00008191.,381,13795,14176
WBGene00008192.,2,1,3
WBGene00008193.,6,49,55
WBGene00008194.,78,419,497
WBGene00008195.,151,967,1118
WBGene00008196.,0,132,132
WBGene00008197.,101,779,880
WBGene00008198.,47,1861,1908
WBGene00008199.,7,44,51
WBGene00008200.,5,56,61
WBGene00008201.,1,6,7
WBGene00008202.,3,126,129
WBGene00008203.,29,131,160
WBGene00008204.,42,686,728
WBGene00008205.,348,4369,4717
WBGene00008206.,157,853,1010
WBGene00008207.,1,24,25
WBGene00008208.,15,141,156
WBGene00008209.,5,8,13
WBGene00008210.,26,158,184
WBGene00008211.,848,20987,21835
WBGene00008212.,13,150,163
WBGene00008213.,71,649,720
WBGene00008214.,122,698,820
WBGene00008215.,26,503,529
WBGene00008216.,12,20,32
WBGene00008217.,0,0,0
WBGene00008218.,21,1324,1345
WBGene00008219.,15,1133,1148
WBGene00008220.,11,99,110
WBGene00008221.,36,308,344
WBGene00008222.,19,190,209
WBGene00008223.,13,4,17
WBGene00008224.,421,4420,4841
WBGene00008225.,87,4409,4496
WBGene00008226.,101,894,995
WBGene00008227.,132,701,833
WBGene00008228.,14,257,271
WBGene00008229.,147,3440,3587
WBGene00008230.,154,556,710
WBGene00008231.,2,9,11
WBGene00008232.,33,480,513
WBGene00008233.,15,576,591
WBGene00008234.,6,99,105
WBGene00008235.,25,209,234
WBGene00008236.,31,219,250
WBGene00008237.,115,870,985
WBGene00008238.,29,806,835
WBGene00008239.,17,268,285
WBGene00008240.,5,14,19
WBGene00008241.,1,0,1
WBGene00008242.,4,33,37
WBGene00008243.,4,5,9
WBGene00008244.,0,2,2
WBGene00008245.,0,17,17
WBGene00008246.,3,64,67
WBGene00008247.,116,54,170
WBGene00008248.,9,65,74
WBGene00008249.,16,37,53
WBGene00008250.,9,35,44
WBGene00008251.,18,56,74
WBGene00008252.,13,69,82
WBGene00008253.,0,19,19
WBGene00008254.,194,751,945
WBGene00008255.,112,839,951
WBGene00008256.,38,160,198
WBGene00008257.,7,66,73
WBGene00008258.,16,585,601
WBGene00008259.,1,5,6
WBGene00008260.,14,95,109
WBGene00008261.,8,36,44
WBGene00008262.,996,38148,39144
WBGene00008263.,55,92,147
WBGene00008265.,174,239,413
WBGene00008266.,54,864,918
WBGene00008267.,14,110,124
WBGene00008268.,0,0,0
WBGene00008269.,1,17,18
WBGene00008270.,282,234,516
WBGene00008271.,10,7,17
WBGene00008272.,167,114,281
WBGene00008273.,86,295,381
WBGene00008274.,818,5137,5955
WBGene00008275.,74,826,900
WBGene00008277.,36,6,42
WBGene00008278.,226,170,396
WBGene00008279.,30,2,32
WBGene00008280.,16,67,83
WBGene00008281.,39,541,580
WBGene00008282.,8,5,13
WBGene00008283.,73,488,561
WBGene00008284.,65,263,328
WBGene00008285.,10,4,14
WBGene00008286.,8,0,8
WBGene00008287.,39,282,321
WBGene00008288.,65,884,949
WBGene00008289.,1,2,3
WBGene00008290.,1,1,2
WBGene00008291.,0,0,0
WBGene00008292.,1,7,8
WBGene00008293.,3,4,7
WBGene00008294.,3,20,23
WBGene00008295.,0,0,0
WBGene00008296.,62,408,470
WBGene00008297.,1,4,5
WBGene00008298.,588,6823,7411
WBGene00008299.,2,5,7
WBGene00008300.,15,260,275
WBGene00008301.,16,51,67
WBGene00008302.,4,40,44
WBGene00008303.,22,88,110
WBGene00008304.,21,391,412
WBGene00008306.,0,3,3
WBGene00008307.,256,357,613
WBGene00008308.,2,2,4
WBGene00008309.,15,203,218
WBGene00008310.,158,1210,1368
WBGene00008311.,182,2536,2718
WBGene00008312.,7,2,9
WBGene00008313.,0,9,9
WBGene00008314.,49,102,151
WBGene00008315.,80,512,592
WBGene00008316.,28,199,227
WBGene00008317.,109,1175,1284
WBGene00008318.,10,431,441
WBGene00008319.,0,0,0
WBGene00008320.,57,248,305
WBGene00008321.,6,0,6
WBGene00008322.,0,3,3
WBGene00008323.,11,340,351
WBGene00008324.,0,43,43
WBGene00008325.,11,17,28
WBGene00008326.,0,1,1
WBGene00008327.,2,5,7
WBGene00008328.,9,1,10
WBGene00008330.,13,976,989
WBGene00008331.,320,3066,3386
WBGene00008332.,76,547,623
WBGene00008333.,24,399,423
WBGene00008334.,90,531,621
WBGene00008335.,54,562,616
WBGene00008336.,19,213,232
WBGene00008337.,0,2,2
WBGene00008338.,214,2287,2501
WBGene00008339.,79,1366,1445
WBGene00008340.,6,43,49
WBGene00008341.,33,1412,1445
WBGene00008342.,95,200,295
WBGene00008343.,18,1525,1543
WBGene00008344.,174,1552,1726
WBGene00008345.,101,2464,2565
WBGene00008346.,95,344,439
WBGene00008348.,201,521,722
WBGene00008349.,6,85,91
WBGene00008350.,3,6,9
WBGene00008351.,0,1,1
WBGene00008352.,11,251,262
WBGene00008353.,10,321,331
WBGene00008354.,5,44,49
WBGene00008355.,23,104,127
WBGene00008356.,16,20323,20339
WBGene00008357.,13,6683,6696
WBGene00008358.,56,12451,12507
WBGene00008359.,55,9490,9545
WBGene00008360.,3,7484,7487
WBGene00008361.,42,569,611
WBGene00008362.,86,2034,2120
WBGene00008363.,12,461,473
WBGene00008364.,26,551,577
WBGene00008365.,18,23,41
WBGene00008366.,1172,4556,5728
WBGene00008367.,0,2,2
WBGene00008368.,166,563,729
WBGene00008369.,46,121,167
WBGene00008370.,170,951,1121
WBGene00008371.,243,1974,2217
WBGene00008372.,7,45,52
WBGene00008373.,3,1,4
WBGene00008374.,5,2,7
WBGene00008375.,6,994,1000
WBGene00008376.,5,5,10
WBGene00008377.,1,5,6
WBGene00008378.,0,7,7
WBGene00008379.,13,280,293
WBGene00008380.,72,921,993
WBGene00008381.,8,1,9
WBGene00008382.,42,207,249
WBGene00008383.,2,20,22
WBGene00008384.,9,187,196
WBGene00008385.,40,690,730
WBGene00008386.,286,2665,2951
WBGene00008387.,61,402,463
WBGene00008388.,137,1868,2005
WBGene00008389.,1255,20089,21344
WBGene00008390.,54,138,192
WBGene00008392.,850,4390,5240
WBGene00008393.,5,5,10
WBGene00008394.,2,3,5
WBGene00008395.,374,3455,3829
WBGene00008396.,0,224,224
WBGene00008397.,0,0,0
WBGene00008398.,1546,14840,16386
WBGene00008399.,121,780,901
WBGene00008400.,128,1088,1216
WBGene00008401.,24,36,60
WBGene00008402.,67,1373,1440
WBGene00008403.,62,515,577
WBGene00008404.,33,875,908
WBGene00008405.,22,1030,1052
WBGene00008407.,254,684,938
WBGene00008408.,37,720,757
WBGene00008409.,23,686,709
WBGene00008410.,51,744,795
WBGene00008411.,79,740,819
WBGene00008412.,220,1786,2006
WBGene00008413.,54,928,982
WBGene00008414.,418,9288,9706
WBGene00008415.,161,5913,6074
WBGene00008417.,16,667,683
WBGene00008418.,47,356,403
WBGene00008419.,886,4756,5642
WBGene00008420.,312,1933,2245
WBGene00008421.,244,1274,1518
WBGene00008422.,39,982,1021
WBGene00008423.,5,52,57
WBGene00008424.,29,183,212
WBGene00008425.,18,177,195
WBGene00008426.,25,139,164
WBGene00008427.,10,59,69
WBGene00008428.,38,762,800
WBGene00008429.,116,931,1047
WBGene00008430.,393,1704,2097
WBGene00008431.,159,560,719
WBGene00008432.,62,312,374
WBGene00008433.,7,124,131
WBGene00008434.,7,177,184
WBGene00008435.,256,1392,1648
WBGene00008436.,193,3059,3252
WBGene00008438.,716,1919,2635
WBGene00008439.,888,8135,9023
WBGene00008440.,3,208,211
WBGene00008441.,165,310,475
WBGene00008442.,203,630,833
WBGene00008443.,2479,1313,3792
WBGene00008444.,1020,2106,3126
WBGene00008446.,578,7885,8463
WBGene00008447.,48,551,599
WBGene00008448.,1,17,18
WBGene00008449.,13,40,53
WBGene00008450.,33,999,1032
WBGene00008451.,7,19,26
WBGene00008452.,190,3376,3566
WBGene00008453.,431,2486,2917
WBGene00008454.,25,1264,1289
WBGene00008455.,366,4742,5108
WBGene00008456.,3,271,274
WBGene00008457.,45,242,287
WBGene00008458.,75,674,749
WBGene00008459.,56,483,539
WBGene00008460.,89,44,133
WBGene00008462.,14,98,112
WBGene00008463.,0,13,13
WBGene00008464.,2,2,4
WBGene00008465.,140,0,140
WBGene00008468.,19,11,30
WBGene00008470.,1,1,2
WBGene00008471.,5,5,10
WBGene00008472.,7,3,10
WBGene00008473.,6,1,7
WBGene00008474.,2,4,6
WBGene00008475.,6,14,20
WBGene00008476.,62,203,265
WBGene00008477.,2,509,511
WBGene00008478.,0,1,1
WBGene00008479.,5,2,7
WBGene00008480.,103,3360,3463
WBGene00008481.,40,189,229
WBGene00008482.,2,9,11
WBGene00008483.,5,9,14
WBGene00008484.,26,1618,1644
WBGene00008485.,7,26,33
WBGene00008486.,14,501,515
WBGene00008487.,16,59,75
WBGene00008488.,16,180,196
WBGene00008489.,11,16,27
WBGene00008490.,84,670,754
WBGene00008491.,103,105,208
WBGene00008492.,20,174,194
WBGene00008493.,0,2,2
WBGene00008494.,1,2,3
WBGene00008495.,29,561,590
WBGene00008496.,5,1,6
WBGene00008497.,6,0,6
WBGene00008498.,32,70,102
WBGene00008499.,70,387,457
WBGene00008500.,45,36,81
WBGene00008501.,0,1,1
WBGene00008502.,143,1044,1187
WBGene00008503.,31,998,1029
WBGene00008504.,29,597,626
WBGene00008505.,695,61609,62304
WBGene00008506.,44,2996,3040
WBGene00008507.,0,1,1
WBGene00008508.,4,10,14
WBGene00008509.,2,54,56
WBGene00008510.,356,2894,3250
WBGene00008511.,14,19,33
WBGene00008512.,8,2,10
WBGene00008513.,100,964,1064
WBGene00008514.,64,2113,2177
WBGene00008515.,53,253,306
WBGene00008516.,5,99,104
WBGene00008517.,20,155,175
WBGene00008518.,46,40,86
WBGene00008519.,93,544,637
WBGene00008520.,65,29,94
WBGene00008521.,251,3004,3255
WBGene00008522.,10,1203,1213
WBGene00008523.,3,0,3
WBGene00008524.,15,5,20
WBGene00008526.,2,7,9
WBGene00008527.,1,3,4
WBGene00008528.,113,780,893
WBGene00008529.,8,18,26
WBGene00008530.,344,4938,5282
WBGene00008531.,183,728,911
WBGene00008532.,112,1650,1762
WBGene00008533.,209,735,944
WBGene00008534.,1,1,2
WBGene00008535.,6,20,26
WBGene00008536.,7,4,11
WBGene00008537.,41,38,79
WBGene00008538.,630,5972,6602
WBGene00008539.,7,8,15
WBGene00008540.,6,6,12
WBGene00008541.,4,10,14
WBGene00008542.,10,99,109
WBGene00008543.,17,167,184
WBGene00008545.,20,24,44
WBGene00008546.,54,368,422
WBGene00008547.,178,368,546
WBGene00008548.,58,482,540
WBGene00008549.,652,5179,5831
WBGene00008550.,10,17,27
WBGene00008551.,5,25,30
WBGene00008552.,0,0,0
WBGene00008553.,2,39,41
WBGene00008554.,61,1046,1107
WBGene00008555.,1283,2295,3578
WBGene00008556.,8,16,24
WBGene00008557.,73,333,406
WBGene00008558.,3,85,88
WBGene00008559.,5,12,17
WBGene00008560.,1,2,3
WBGene00008561.,12,84,96
WBGene00008563.,2,530,532
WBGene00008564.,25,221,246
WBGene00008565.,27,35,62
WBGene00008566.,6,3,9
WBGene00008567.,3,17,20
WBGene00008568.,29,53,82
WBGene00008569.,22,513,535
WBGene00008570.,655,834,1489
WBGene00008571.,109,242,351
WBGene00008572.,2036,43041,45077
WBGene00008574.,0,0,0
WBGene00008575.,0,5,5
WBGene00008576.,0,1846,1846
WBGene00008577.,0,435,435
WBGene00008578.,39,209,248
WBGene00008579.,65,245,310
WBGene00008580.,26,243,269
WBGene00008581.,5,35,40
WBGene00008582.,129,1891,2020
WBGene00008583.,220,272,492
WBGene00008584.,12,25,37
WBGene00008585.,49,316,365
WBGene00008586.,127,1779,1906
WBGene00008587.,31,299,330
WBGene00008588.,12,89,101
WBGene00008589.,136,520,656
WBGene00008590.,0,3,3
WBGene00008591.,41,3158,3199
WBGene00008592.,4,495,499
WBGene00008593.,2,3,5
WBGene00008594.,8,41,49
WBGene00008595.,0,18,18
WBGene00008596.,9,63,72
WBGene00008597.,13,64,77
WBGene00008598.,10,10,20
WBGene00008599.,18,65,83
WBGene00008600.,364,116,480
WBGene00008601.,2857,3852,6709
WBGene00008602.,37,258,295
WBGene00008603.,191,1747,1938
WBGene00008604.,90,612,702
WBGene00008605.,16,26,42
WBGene00008606.,71,526,597
WBGene00008607.,123,900,1023
WBGene00008609.,8,28,36
WBGene00008610.,86,1369,1455
WBGene00008611.,1,5,6
WBGene00008612.,37,0,37
WBGene00008613.,11,103,114
WBGene00008615.,4,18,22
WBGene00008616.,2,32,34
WBGene00008617.,1,10,11
WBGene00008618.,3,10,13
WBGene00008619.,2,2,4
WBGene00008620.,1,9,10
WBGene00008621.,24,44,68
WBGene00008622.,171,1950,2121
WBGene00008623.,170,27,197
WBGene00008624.,148,959,1107
WBGene00008625.,50,240,290
WBGene00008626.,60,559,619
WBGene00008627.,4,8,12
WBGene00008628.,69,4377,4446
WBGene00008629.,16,66,82
WBGene00008630.,3,16,19
WBGene00008631.,1,0,1
WBGene00008632.,2,10,12
WBGene00008633.,0,12,12
WBGene00008634.,5,16,21
WBGene00008635.,13,2,15
WBGene00008636.,1,3,4
WBGene00008637.,0,1,1
WBGene00008638.,0,2,2
WBGene00008639.,27,225,252
WBGene00008640.,2,16,18
WBGene00008641.,21,348,369
WBGene00008642.,14,1125,1139
WBGene00008643.,6,90,96
WBGene00008644.,13,70,83
WBGene00008645.,27,784,811
WBGene00008646.,34,364,398
WBGene00008647.,6,16,22
WBGene00008648.,153,1288,1441
WBGene00008649.,3,9,12
WBGene00008650.,5,8,13
WBGene00008651.,5,12,17
WBGene00008652.,13,90,103
WBGene00008654.,62,57,119
WBGene00008655.,12,32,44
WBGene00008656.,9,157,166
WBGene00008657.,7,9,16
WBGene00008658.,0,4,4
WBGene00008659.,4,4,8
WBGene00008660.,0,9,9
WBGene00008661.,2,4,6
WBGene00008662.,70,412,482
WBGene00008663.,47,1019,1066
WBGene00008664.,19,1910,1929
WBGene00008665.,4131,1422,5553
WBGene00008666.,203,1343,1546
WBGene00008667.,151,804,955
WBGene00008669.,27,175,202
WBGene00008670.,179,643,822
WBGene00008671.,0,37,37
WBGene00008672.,0,14,14
WBGene00008673.,3,3,6
WBGene00008675.,0,0,0
WBGene00008676.,5,3,8
WBGene00008677.,35,191,226
WBGene00008678.,1,14,15
WBGene00008679.,4,42,46
WBGene00008680.,14,69,83
WBGene00008681.,87,684,771
WBGene00008682.,112,2925,3037
WBGene00008683.,151,1327,1478
WBGene00008684.,20,407,427
WBGene00008685.,110,630,740
WBGene00008686.,79,585,664
WBGene00008687.,30,559,589
WBGene00008688.,272,2928,3200
WBGene00008690.,166,807,973
WBGene00008691.,21,511,532
WBGene00008692.,14,49,63
WBGene00008693.,10,175,185
WBGene00008694.,261,1328,1589
WBGene00008695.,32,77,109
WBGene00008696.,0,0,0
WBGene00008698.,1,11,12
WBGene00008699.,0,0,0
WBGene00008700.,1,2,3
WBGene00008701.,1,3,4
WBGene00008702.,3,2,5
WBGene00008703.,0,2,2
WBGene00008706.,1338,4257,5595
WBGene00008707.,51,3367,3418
WBGene00008708.,0,7,7
WBGene00008709.,14,82,96
WBGene00008710.,15,682,697
WBGene00008711.,122,192,314
WBGene00008712.,22,272,294
WBGene00008713.,26,90,116
WBGene00008714.,82,118,200
WBGene00008716.,3,6,9
WBGene00008717.,1,0,1
WBGene00008719.,7,14,21
WBGene00008720.,239,1445,1684
WBGene00008722.,44,687,731
WBGene00008723.,5,9,14
WBGene00008724.,5,9,14
WBGene00008725.,1,0,1
WBGene00008726.,78,297,375
WBGene00008727.,5,30,35
WBGene00008728.,2,22,24
WBGene00008729.,275,4678,4953
WBGene00008730.,13,47,60
WBGene00008731.,24,49,73
WBGene00008732.,13,2,15
WBGene00008733.,86,818,904
WBGene00008734.,0,4,4
WBGene00008735.,474,1239,1713
WBGene00008736.,34,90,124
WBGene00008737.,7,49,56
WBGene00008739.,37,245,282
WBGene00008740.,4,467,471
WBGene00008741.,107,878,985
WBGene00008742.,32,466,498
WBGene00008743.,10,64,74
WBGene00008744.,276,2099,2375
WBGene00008745.,83,3976,4059
WBGene00008746.,144,648,792
WBGene00008747.,18,235,253
WBGene00008748.,59,1540,1599
WBGene00008749.,25,262,287
WBGene00008750.,469,720,1189
WBGene00008751.,0,2,2
WBGene00008752.,0,2,2
WBGene00008753.,1,3,4
WBGene00008754.,5,4,9
WBGene00008755.,20,31,51
WBGene00008757.,0,283,283
WBGene00008758.,4,25,29
WBGene00008759.,0,0,0
WBGene00008760.,28,780,808
WBGene00008761.,51,533,584
WBGene00008762.,2,180,182
WBGene00008763.,24,76,100
WBGene00008764.,17,894,911
WBGene00008765.,78,1535,1613
WBGene00008766.,267,2154,2421
WBGene00008767.,28,1142,1170
WBGene00008768.,502,3806,4308
WBGene00008769.,40,1599,1639
WBGene00008770.,64,1238,1302
WBGene00008772.,1,4,5
WBGene00008773.,65,675,740
WBGene00008774.,19,305,324
WBGene00008775.,115,581,696
WBGene00008776.,16,39,55
WBGene00008777.,668,3953,4621
WBGene00008778.,1,2,3
WBGene00008779.,46,211,257
WBGene00008780.,190,925,1115
WBGene00008781.,114,885,999
WBGene00008782.,0,10,10
WBGene00008783.,201,1196,1397
WBGene00008784.,1,8,9
WBGene00008785.,5,9,14
WBGene00008786.,0,1,1
WBGene00008787.,13,85,98
WBGene00008788.,1,3,4
WBGene00008789.,10,25,35
WBGene00008790.,1,0,1
WBGene00008791.,35,373,408
WBGene00008792.,0,1,1
WBGene00008793.,15,11,26
WBGene00008794.,2,3,5
WBGene00008795.,20,106,126
WBGene00008796.,1,3,4
WBGene00008797.,1,6,7
WBGene00008798.,3,53,56
WBGene00008799.,6,20,26
WBGene00008800.,101,1981,2082
WBGene00008801.,11,22,33
WBGene00008802.,52,430,482
WBGene00008803.,546,2638,3184
WBGene00008804.,10,22,32
WBGene00008805.,51,523,574
WBGene00008806.,15,264,279
WBGene00008807.,13,26,39
WBGene00008808.,46,57,103
WBGene00008809.,9,10,19
WBGene00008810.,153,564,717
WBGene00008811.,2,29,31
WBGene00008812.,5,15,20
WBGene00008813.,0,6,6
WBGene00008814.,2,4,6
WBGene00008815.,1,1,2
WBGene00008816.,3,2,5
WBGene00008817.,0,0,0
WBGene00008818.,1,9,10
WBGene00008819.,337,802,1139
WBGene00008820.,53,4045,4098
WBGene00008821.,8,5,13
WBGene00008822.,4,6,10
WBGene00008823.,0,1,1
WBGene00008824.,3,1,4
WBGene00008825.,3,3,6
WBGene00008826.,1,3,4
WBGene00008827.,4,16,20
WBGene00008828.,2,5,7
WBGene00008829.,4,6,10
WBGene00008830.,3,58,61
WBGene00008831.,26,120,146
WBGene00008832.,228,2123,2351
WBGene00008833.,4,861,865
WBGene00008834.,7,307,314
WBGene00008835.,21,718,739
WBGene00008837.,2,24,26
WBGene00008838.,15,47,62
WBGene00008839.,3,6,9
WBGene00008840.,10,368,378
WBGene00008841.,6176,46881,53057
WBGene00008842.,9,52,61
WBGene00008843.,3,0,3
WBGene00008844.,0,4,4
WBGene00008847.,4,9,13
WBGene00008848.,16,383,399
WBGene00008849.,27,8,35
WBGene00008850.,0,14,14
WBGene00008851.,20,57,77
WBGene00008852.,1150,2421,3571
WBGene00008853.,6,0,6
WBGene00008854.,16,3,19
WBGene00008855.,0,4,4
WBGene00008856.,573,1387,1960
WBGene00008857.,48,18565,18613
WBGene00008858.,13,29,42
WBGene00008859.,8,1775,1783
WBGene00008860.,282,2260,2542
WBGene00008861.,52,1127,1179
WBGene00008862.,12,30,42
WBGene00008863.,3,5,8
WBGene00008865.,52,1321,1373
WBGene00008866.,20,3,23
WBGene00008868.,185,436,621
WBGene00008869.,8,10,18
WBGene00008870.,1,3,4
WBGene00008871.,3,3,6
WBGene00008872.,0,3,3
WBGene00008873.,4,1,5
WBGene00008874.,13,39,52
WBGene00008875.,1,13,14
WBGene00008876.,439,1556,1995
WBGene00008877.,56,507,563
WBGene00008878.,2256,3318,5574
WBGene00008879.,170,555,725
WBGene00008880.,55,371,426
WBGene00008881.,2,0,2
WBGene00008882.,85,975,1060
WBGene00008883.,7,49,56
WBGene00008884.,3,7,10
WBGene00008885.,63,398,461
WBGene00008886.,1187,4151,5338
WBGene00008887.,62,887,949
WBGene00008889.,4,8,12
WBGene00008890.,61,181,242
WBGene00008891.,0,25,25
WBGene00008892.,4,9,13
WBGene00008893.,11,0,11
WBGene00008894.,16,13,29
WBGene00008897.,145,1104,1249
WBGene00008898.,6,0,6
WBGene00008899.,7,2,9
WBGene00008900.,14,165,179
WBGene00008901.,766,18,784
WBGene00008902.,40,89,129
WBGene00008903.,13,22,35
WBGene00008904.,1,18,19
WBGene00008905.,19,160,179
WBGene00008906.,3,4,7
WBGene00008907.,0,0,0
WBGene00008908.,3,1,4
WBGene00008909.,1,3,4
WBGene00008910.,242,4077,4319
WBGene00008911.,2,0,2
WBGene00008912.,4,85,89
WBGene00008914.,23,4576,4599
WBGene00008915.,480,22586,23066
WBGene00008916.,115,110,225
WBGene00008917.,11,50,61
WBGene00008918.,4,345,349
WBGene00008919.,288,2660,2948
WBGene00008920.,13830,112481,126311
WBGene00008921.,95,897,992
WBGene00008922.,141,1600,1741
WBGene00008923.,46,131,177
WBGene00008924.,59,417,476
WBGene00008925.,192,1770,1962
WBGene00008926.,613,6967,7580
WBGene00008927.,274,1058,1332
WBGene00008928.,2,1,3
WBGene00008929.,23,128,151
WBGene00008930.,560,2996,3556
WBGene00008932.,440,641,1081
WBGene00008933.,4,28,32
WBGene00008934.,253,1612,1865
WBGene00008935.,37,79,116
WBGene00008936.,14,38,52
WBGene00008937.,4,17,21
WBGene00008939.,333,1989,2322
WBGene00008940.,85,587,672
WBGene00008941.,76,5,81
WBGene00008942.,1,11,12
WBGene00008943.,6,2,8
WBGene00008944.,1,45,46
WBGene00008945.,6,41,47
WBGene00008946.,8,0,8
WBGene00008947.,3,3,6
WBGene00008948.,168,2684,2852
WBGene00008949.,2,27,29
WBGene00008950.,1,4,5
WBGene00008951.,179,1139,1318
WBGene00008952.,55,292,347
WBGene00008953.,195,805,1000
WBGene00008954.,9,38,47
WBGene00008955.,22,37,59
WBGene00008956.,46,144,190
WBGene00008957.,37,347,384
WBGene00008958.,0,2,2
WBGene00008959.,0,1,1
WBGene00008960.,4,2,6
WBGene00008961.,24,2389,2413
WBGene00008963.,16,577,593
WBGene00008964.,62,74,136
WBGene00008965.,11,10,21
WBGene00008966.,0,0,0
WBGene00008967.,1,3,4
WBGene00008968.,9,119,128
WBGene00008969.,119,409,528
WBGene00008970.,0,416,416
WBGene00008971.,114,2521,2635
WBGene00008972.,3,4,7
WBGene00008973.,31,1439,1470
WBGene00008974.,204,1320,1524
WBGene00008975.,38,1674,1712
WBGene00008976.,1,38,39
WBGene00008977.,26,97,123
WBGene00008978.,29,272,301
WBGene00008979.,48,689,737
WBGene00008980.,160,2367,2527
WBGene00008981.,0,0,0
WBGene00008982.,0,3,3
WBGene00008983.,2,1,3
WBGene00008984.,5,1,6
WBGene00008985.,9,62,71
WBGene00008986.,75,603,678
WBGene00008987.,46,244,290
WBGene00008988.,9,26,35
WBGene00008989.,24,226,250
WBGene00008990.,110,1572,1682
WBGene00008991.,113,57,170
WBGene00008992.,0,55,55
WBGene00008993.,60,302,362
WBGene00008994.,4,93,97
WBGene00008995.,89,367,456
WBGene00008996.,15,152,167
WBGene00008997.,113,166,279
WBGene00008998.,77,506,583
WBGene00008999.,1331,3780,5111
WBGene00009000.,27,94,121
WBGene00009001.,8,11,19
WBGene00009002.,81,980,1061
WBGene00009004.,584,10975,11559
WBGene00009005.,22,16,38
WBGene00009006.,12,363,375
WBGene00009007.,34,683,717
WBGene00009008.,45,213,258
WBGene00009009.,6,199,205
WBGene00009010.,61,1086,1147
WBGene00009011.,29,934,963
WBGene00009012.,88,1767,1855
WBGene00009013.,88,1554,1642
WBGene00009014.,3,35,38
WBGene00009015.,18,29,47
WBGene00009016.,20,3,23
WBGene00009017.,0,0,0
WBGene00009018.,39,177,216
WBGene00009019.,0,13,13
WBGene00009020.,1,135,136
WBGene00009021.,0,0,0
WBGene00009023.,30,210,240
WBGene00009024.,2,2,4
WBGene00009025.,71,395,466
WBGene00009026.,16,124,140
WBGene00009027.,102,425,527
WBGene00009028.,58,247,305
WBGene00009029.,25,25,50
WBGene00009030.,43,239,282
WBGene00009031.,4,30,34
WBGene00009032.,3,1,4
WBGene00009033.,71,758,829
WBGene00009035.,29,226,255
WBGene00009036.,3,3,6
WBGene00009038.,36,1,37
WBGene00009039.,8,6,14
WBGene00009041.,0,11,11
WBGene00009042.,10,250,260
WBGene00009043.,4,13,17
WBGene00009044.,2,10,12
WBGene00009045.,11,975,986
WBGene00009046.,0,1,1
WBGene00009047.,1,0,1
WBGene00009048.,27,749,776
WBGene00009049.,119,1919,2038
WBGene00009050.,974,21879,22853
WBGene00009051.,220,3143,3363
WBGene00009052.,87,1074,1161
WBGene00009054.,134,862,996
WBGene00009055.,218,1219,1437
WBGene00009056.,121,1153,1274
WBGene00009057.,85,320,405
WBGene00009058.,85,2118,2203
WBGene00009059.,27,245,272
WBGene00009060.,158,228,386
WBGene00009061.,7,27,34
WBGene00009063.,0,1,1
WBGene00009064.,66,354,420
WBGene00009065.,433,1333,1766
WBGene00009067.,0,28,28
WBGene00009068.,48,346,394
WBGene00009069.,0,747,747
WBGene00009070.,2631,36,2667
WBGene00009071.,7,10,17
WBGene00009073.,10,4,14
WBGene00009075.,14,34,48
WBGene00009076.,0,2,2
WBGene00009077.,1,11,12
WBGene00009078.,518,2348,2866
WBGene00009079.,0,0,0
WBGene00009081.,136,1758,1894
WBGene00009082.,17,2246,2263
WBGene00009084.,75,2039,2114
WBGene00009085.,12,8,20
WBGene00009086.,3,7,10
WBGene00009087.,5,119,124
WBGene00009088.,0,0,0
WBGene00009089.,18,144,162
WBGene00009090.,12,338,350
WBGene00009091.,132,3678,3810
WBGene00009092.,62,2438,2500
WBGene00009093.,105,567,672
WBGene00009094.,18,86,104
WBGene00009095.,31,176,207
WBGene00009096.,43,3879,3922
WBGene00009097.,74,8619,8693
WBGene00009098.,570,2057,2627
WBGene00009099.,12,17,29
WBGene00009100.,96,595,691
WBGene00009101.,14,203,217
WBGene00009102.,8,330,338
WBGene00009103.,220,4110,4330
WBGene00009104.,3,9,12
WBGene00009106.,122,1453,1575
WBGene00009107.,69,175,244
WBGene00009108.,6,21,27
WBGene00009109.,113,290,403
WBGene00009110.,3,81,84
WBGene00009112.,33,1460,1493
WBGene00009113.,4,59,63
WBGene00009114.,11,5,16
WBGene00009115.,27,27,54
WBGene00009116.,93,1261,1354
WBGene00009117.,7,8,15
WBGene00009118.,44,913,957
WBGene00009119.,608,94231,94839
WBGene00009120.,194,1698,1892
WBGene00009121.,21,542,563
WBGene00009122.,2,143,145
WBGene00009123.,54,3159,3213
WBGene00009124.,97,455,552
WBGene00009125.,22,78,100
WBGene00009126.,337,5901,6238
WBGene00009127.,189,1823,2012
WBGene00009128.,0,551,551
WBGene00009129.,5,9,14
WBGene00009130.,7,4,11
WBGene00009131.,71,781,852
WBGene00009132.,16,1196,1212
WBGene00009133.,30,244,274
WBGene00009134.,6,11,17
WBGene00009135.,15,151,166
WBGene00009136.,10,26,36
WBGene00009137.,21,562,583
WBGene00009138.,10,574,584
WBGene00009139.,209,2878,3087
WBGene00009140.,381,2822,3203
WBGene00009141.,651,4071,4722
WBGene00009142.,155,10998,11153
WBGene00009143.,15,53,68
WBGene00009144.,12,39,51
WBGene00009145.,222,971,1193
WBGene00009146.,19,73,92
WBGene00009147.,25,7,32
WBGene00009148.,6,5,11
WBGene00009149.,5,2,7
WBGene00009150.,2,0,2
WBGene00009151.,0,1,1
WBGene00009152.,0,2,2
WBGene00009153.,21,156,177
WBGene00009154.,0,2,2
WBGene00009155.,10,45,55
WBGene00009156.,10,67,77
WBGene00009157.,75,247,322
WBGene00009158.,162,659,821
WBGene00009159.,75,1827,1902
WBGene00009160.,10,4,14
WBGene00009161.,1000,28950,29950
WBGene00009162.,73,134,207
WBGene00009163.,83,343,426
WBGene00009164.,74,2834,2908
WBGene00009165.,15,588,603
WBGene00009166.,12,24,36
WBGene00009167.,0,0,0
WBGene00009168.,3,28,31
WBGene00009169.,2,7,9
WBGene00009170.,3,19,22
WBGene00009171.,10,2,12
WBGene00009172.,332,679,1011
WBGene00009173.,9,170,179
WBGene00009174.,411,1791,2202
WBGene00009176.,26,1035,1061
WBGene00009177.,38,475,513
WBGene00009178.,18,8,26
WBGene00009179.,228,1293,1521
WBGene00009180.,2169,29593,31762
WBGene00009182.,27,143,170
WBGene00009183.,8,149,157
WBGene00009184.,4,56,60
WBGene00009185.,4,6,10
WBGene00009186.,6,82,88
WBGene00009187.,276,1468,1744
WBGene00009188.,540,1688,2228
WBGene00009189.,286,2767,3053
WBGene00009190.,170,585,755
WBGene00009191.,6,777,783
WBGene00009192.,136,400,536
WBGene00009193.,5,8,13
WBGene00009194.,21,49,70
WBGene00009195.,0,2,2
WBGene00009196.,8,0,8
WBGene00009197.,3,9,12
WBGene00009200.,168,1622,1790
WBGene00009201.,86,1314,1400
WBGene00009202.,1,29,30
WBGene00009203.,7,223,230
WBGene00009204.,61,190,251
WBGene00009205.,22,124,146
WBGene00009206.,0,0,0
WBGene00009207.,19,579,598
WBGene00009208.,24,88,112
WBGene00009209.,1,2,3
WBGene00009210.,0,2,2
WBGene00009211.,27,1799,1826
WBGene00009212.,0,50,50
WBGene00009213.,0,49,49
WBGene00009214.,0,0,0
WBGene00009215.,0,5,5
WBGene00009216.,0,464,464
WBGene00009217.,35,33,68
WBGene00009218.,54,381,435
WBGene00009219.,142,2247,2389
WBGene00009220.,320,211,531
WBGene00009221.,246,4714,4960
WBGene00009222.,217,2031,2248
WBGene00009223.,62,599,661
WBGene00009224.,112,111,223
WBGene00009225.,23,240,263
WBGene00009226.,22,564,586
WBGene00009227.,17,135,152
WBGene00009228.,7,10,17
WBGene00009229.,7,23,30
WBGene00009230.,7,8,15
WBGene00009231.,57,166,223
WBGene00009232.,1,26,27
WBGene00009233.,88,493,581
WBGene00009234.,122,408,530
WBGene00009235.,3,4,7
WBGene00009236.,14,169,183
WBGene00009237.,2,160,162
WBGene00009238.,0,3,3
WBGene00009239.,37,236,273
WBGene00009240.,25,78,103
WBGene00009241.,20,519,539
WBGene00009242.,17,49,66
WBGene00009243.,56,1432,1488
WBGene00009245.,180,811,991
WBGene00009246.,91,3181,3272
WBGene00009247.,13,43,56
WBGene00009248.,0,132,132
WBGene00009249.,0,0,0
WBGene00009250.,4,76,80
WBGene00009251.,4,7,11
WBGene00009252.,6,4,10
WBGene00009254.,68,1574,1642
WBGene00009255.,6,4,10
WBGene00009256.,144,1374,1518
WBGene00009257.,53,120,173
WBGene00009258.,176,1102,1278
WBGene00009259.,67,1084,1151
WBGene00009260.,110,1243,1353
WBGene00009261.,1,6,7
WBGene00009262.,72,1459,1531
WBGene00009263.,24,38,62
WBGene00009264.,250,2026,2276
WBGene00009266.,462,17499,17961
WBGene00009267.,149,1715,1864
WBGene00009268.,3,17,20
WBGene00009269.,2,5,7
WBGene00009270.,16,641,657
WBGene00009271.,157,481,638
WBGene00009272.,9,383,392
WBGene00009274.,50,525,575
WBGene00009276.,36,512,548
WBGene00009277.,246,556,802
WBGene00009278.,27,92,119
WBGene00009279.,3,2,5
WBGene00009280.,5,263,268
WBGene00009281.,1,1,2
WBGene00009283.,11,115,126
WBGene00009284.,164,813,977
WBGene00009285.,81,1481,1562
WBGene00009286.,59,376,435
WBGene00009287.,114,715,829
WBGene00009288.,124,384,508
WBGene00009289.,69,2407,2476
WBGene00009290.,75,1024,1099
WBGene00009291.,375,3637,4012
WBGene00009292.,17,59,76
WBGene00009293.,9,37,46
WBGene00009294.,422,5812,6234
WBGene00009295.,1,6,7
WBGene00009296.,4,67,71
WBGene00009297.,1,10,11
WBGene00009298.,1,4,5
WBGene00009299.,30,178,208
WBGene00009300.,1,0,1
WBGene00009301.,1,2,3
WBGene00009302.,0,0,0
WBGene00009303.,12,1,13
WBGene00009304.,421,1173,1594
WBGene00009305.,100,1135,1235
WBGene00009306.,27,1938,1965
WBGene00009307.,64,3807,3871
WBGene00009308.,5,17,22
WBGene00009309.,0,1,1
WBGene00009310.,4,0,4
WBGene00009311.,15,25,40
WBGene00009312.,759,33,792
WBGene00009313.,5,5,10
WBGene00009314.,358,771,1129
WBGene00009315.,172,542,714
WBGene00009316.,1,2,3
WBGene00009318.,8,2,10
WBGene00009319.,76,1428,1504
WBGene00009320.,221,1020,1241
WBGene00009321.,2,4,6
WBGene00009322.,107,1151,1258
WBGene00009323.,20,335,355
WBGene00009324.,12,10,22
WBGene00009325.,197,843,1040
WBGene00009326.,12,36,48
WBGene00009327.,5,7,12
WBGene00009328.,0,14,14
WBGene00009329.,63,471,534
WBGene00009330.,24,846,870
WBGene00009331.,8,78,86
WBGene00009332.,5,103,108
WBGene00009333.,58,1326,1384
WBGene00009334.,108,247,355
WBGene00009335.,42,203,245
WBGene00009336.,25,908,933
WBGene00009337.,504,1988,2492
WBGene00009338.,16,6,22
WBGene00009339.,8,141,149
WBGene00009340.,340,3214,3554
WBGene00009341.,16,534,550
WBGene00009342.,131,1007,1138
WBGene00009343.,38,414,452
WBGene00009344.,1,2,3
WBGene00009345.,16,3,19
WBGene00009346.,66,396,462
WBGene00009347.,119,714,833
WBGene00009349.,2,2326,2328
WBGene00009350.,47,119,166
WBGene00009352.,33,937,970
WBGene00009353.,83,4071,4154
WBGene00009354.,156,373,529
WBGene00009355.,10,255,265
WBGene00009356.,16,9,25
WBGene00009357.,30,93,123
WBGene00009358.,162,1611,1773
WBGene00009359.,3,7,10
WBGene00009360.,10,9,19
WBGene00009361.,22,244,266
WBGene00009362.,5,9,14
WBGene00009363.,0,2,2
WBGene00009364.,14,1053,1067
WBGene00009365.,101,853,954
WBGene00009366.,42,347,389
WBGene00009367.,63,1346,1409
WBGene00009368.,72,895,967
WBGene00009369.,72,552,624
WBGene00009370.,66,185,251
WBGene00009371.,8,11,19
WBGene00009372.,248,1183,1431
WBGene00009373.,69,687,756
WBGene00009374.,170,2366,2536
WBGene00009375.,157,696,853
WBGene00009377.,2,1,3
WBGene00009378.,0,1,1
WBGene00009380.,67,2075,2142
WBGene00009381.,4,29,33
WBGene00009382.,5,6,11
WBGene00009383.,383,3781,4164
WBGene00009384.,4,137,141
WBGene00009385.,70,1491,1561
WBGene00009386.,3,347,350
WBGene00009387.,38,181,219
WBGene00009388.,460,5660,6120
WBGene00009389.,164,870,1034
WBGene00009390.,38,84,122
WBGene00009391.,1,2,3
WBGene00009392.,0,0,0
WBGene00009393.,16,224,240
WBGene00009394.,288,3775,4063
WBGene00009395.,2,0,2
WBGene00009396.,76,775,851
WBGene00009397.,11,82,93
WBGene00009398.,3,53,56
WBGene00009399.,32,222,254
WBGene00009400.,4,14,18
WBGene00009401.,4,48,52
WBGene00009402.,1,9,10
WBGene00009403.,16,207,223
WBGene00009404.,15,284,299
WBGene00009405.,46,963,1009
WBGene00009406.,67,522,589
WBGene00009408.,0,114,114
WBGene00009409.,2,0,2
WBGene00009410.,1,0,1
WBGene00009411.,1,3,4
WBGene00009412.,5,3,8
WBGene00009413.,9,5,14
WBGene00009414.,6,5,11
WBGene00009415.,0,1,1
WBGene00009416.,14,131,145
WBGene00009417.,6,4,10
WBGene00009418.,0,2,2
WBGene00009419.,0,0,0
WBGene00009420.,0,0,0
WBGene00009421.,3,5,8
WBGene00009422.,0,0,0
WBGene00009423.,0,7,7
WBGene00009424.,20,15,35
WBGene00009425.,11,5,16
WBGene00009426.,5,0,5
WBGene00009427.,1,15,16
WBGene00009428.,5,15,20
WBGene00009429.,3,7,10
WBGene00009430.,35,466,501
WBGene00009431.,10,29,39
WBGene00009432.,12,188,200
WBGene00009433.,96,449,545
WBGene00009434.,141,1950,2091
WBGene00009435.,147,1176,1323
WBGene00009436.,17,2998,3015
WBGene00009437.,15,42,57
WBGene00009438.,7,3,10
WBGene00009439.,200,1349,1549
WBGene00009440.,149,4398,4547
WBGene00009441.,37,532,569
WBGene00009442.,35,287,322
WBGene00009443.,47,747,794
WBGene00009444.,36,749,785
WBGene00009445.,45,1298,1343
WBGene00009446.,11,78,89
WBGene00009447.,47,729,776
WBGene00009448.,47,1346,1393
WBGene00009449.,10,26,36
WBGene00009450.,14,631,645
WBGene00009451.,164,2255,2419
WBGene00009452.,385,2574,2959
WBGene00009453.,116,560,676
WBGene00009454.,3264,36722,39986
WBGene00009455.,262,2578,2840
WBGene00009456.,141,917,1058
WBGene00009457.,12,162,174
WBGene00009458.,5,3,8
WBGene00009459.,10,50,60
WBGene00009460.,317,3545,3862
WBGene00009461.,97,325,422
WBGene00009462.,223,180,403
WBGene00009463.,0,0,0
WBGene00009464.,1119,705,1824
WBGene00009465.,11,19,30
WBGene00009466.,125,1307,1432
WBGene00009467.,3,6,9
WBGene00009468.,25,105,130
WBGene00009469.,45,337,382
WBGene00009470.,0,4,4
WBGene00009471.,7,2,9
WBGene00009472.,4,4,8
WBGene00009473.,2,0,2
WBGene00009474.,0,0,0
WBGene00009475.,602,4945,5547
WBGene00009476.,370,4259,4629
WBGene00009477.,1336,5581,6917
WBGene00009478.,101,1934,2035
WBGene00009479.,86,1231,1317
WBGene00009480.,11,47,58
WBGene00009481.,0,243,243
WBGene00009482.,75,308,383
WBGene00009483.,2,68,70
WBGene00009484.,146,386,532
WBGene00009485.,14,62,76
WBGene00009486.,54,537,591
WBGene00009487.,4,22,26
WBGene00009488.,5,1,6
WBGene00009489.,5,10,15
WBGene00009490.,3,36,39
WBGene00009491.,6,4,10
WBGene00009492.,6,7,13
WBGene00009493.,4,61,65
WBGene00009494.,2,19,21
WBGene00009495.,12,19,31
WBGene00009496.,3,35,38
WBGene00009497.,0,2,2
WBGene00009498.,476,1483,1959
WBGene00009499.,245,1211,1456
WBGene00009500.,46,836,882
WBGene00009501.,5,6,11
WBGene00009502.,6,8,14
WBGene00009503.,261,3511,3772
WBGene00009504.,7,106,113
WBGene00009505.,17,878,895
WBGene00009507.,146,872,1018
WBGene00009508.,134,1193,1327
WBGene00009509.,18,115,133
WBGene00009510.,3,2,5
WBGene00009511.,26,47,73
WBGene00009512.,14,416,430
WBGene00009513.,7,11,18
WBGene00009514.,601,4981,5582
WBGene00009515.,13,10,23
WBGene00009517.,4,1,5
WBGene00009518.,13,44,57
WBGene00009519.,0,1,1
WBGene00009520.,5,6,11
WBGene00009521.,388,1429,1817
WBGene00009522.,4,5,9
WBGene00009523.,2,2,4
WBGene00009524.,3,0,3
WBGene00009525.,6,2,8
WBGene00009526.,6,6,12
WBGene00009527.,13,0,13
WBGene00009528.,36,112,148
WBGene00009529.,5,216,221
WBGene00009530.,158,333,491
WBGene00009531.,339,2732,3071
WBGene00009532.,3594,7833,11427
WBGene00009533.,27,373,400
WBGene00009534.,192,3644,3836
WBGene00009535.,67,1,68
WBGene00009536.,61,214,275
WBGene00009537.,0,17,17
WBGene00009538.,2,0,2
WBGene00009539.,0,3,3
WBGene00009540.,6,9,15
WBGene00009541.,38,33,71
WBGene00009542.,28,850,878
WBGene00009543.,27,128,155
WBGene00009544.,149,990,1139
WBGene00009546.,1,15,16
WBGene00009547.,43,285,328
WBGene00009548.,4,2,6
WBGene00009549.,0,3,3
WBGene00009550.,2,4,6
WBGene00009551.,14,198,212
WBGene00009552.,104,681,785
WBGene00009553.,19,395,414
WBGene00009554.,13,619,632
WBGene00009555.,0,0,0
WBGene00009556.,52,354,406
WBGene00009557.,54,266,320
WBGene00009558.,174,822,996
WBGene00009559.,4,924,928
WBGene00009560.,77,164,241
WBGene00009561.,12,49,61
WBGene00009562.,395,6000,6395
WBGene00009563.,91,839,930
WBGene00009565.,129,1373,1502
WBGene00009566.,1,1,2
WBGene00009567.,2,4,6
WBGene00009568.,2,1,3
WBGene00009569.,2,5,7
WBGene00009570.,2,5,7
WBGene00009571.,3,4,7
WBGene00009572.,0,31,31
WBGene00009573.,0,3,3
WBGene00009574.,398,2207,2605
WBGene00009575.,5,1581,1586
WBGene00009576.,2,98,100
WBGene00009577.,530,6016,6546
WBGene00009578.,736,17212,17948
WBGene00009579.,120,237,357
WBGene00009580.,144,4462,4606
WBGene00009581.,5,30,35
WBGene00009582.,112,837,949
WBGene00009583.,117,2297,2414
WBGene00009584.,1088,10182,11270
WBGene00009585.,33,50,83
WBGene00009586.,48,1095,1143
WBGene00009587.,289,3433,3722
WBGene00009588.,3653,1684,5337
WBGene00009589.,1920,687,2607
WBGene00009590.,0,0,0
WBGene00009592.,1,3,4
WBGene00009593.,7,4,11
WBGene00009594.,1195,2807,4002
WBGene00009595.,82,574,656
WBGene00009596.,4,17,21
WBGene00009597.,3,7,10
WBGene00009598.,1,17,18
WBGene00009599.,0,1,1
WBGene00009600.,58,6806,6864
WBGene00009601.,53,370,423
WBGene00009602.,87,56,143
WBGene00009603.,4,1,5
WBGene00009604.,0,1,1
WBGene00009605.,4,0,4
WBGene00009606.,0,5,5
WBGene00009607.,1,2,3
WBGene00009608.,1,0,1
WBGene00009609.,2,2,4
WBGene00009610.,0,1,1
WBGene00009611.,116,327,443
WBGene00009612.,0,48,48
WBGene00009613.,0,1,1
WBGene00009614.,39,91,130
WBGene00009615.,1,0,1
WBGene00009616.,7,4,11
WBGene00009617.,37,288,325
WBGene00009618.,14,143,157
WBGene00009619.,46,216,262
WBGene00009620.,120,582,702
WBGene00009621.,0,3687,3687
WBGene00009622.,35,103,138
WBGene00009623.,1270,837,2107
WBGene00009624.,675,1470,2145
WBGene00009625.,8,38,46
WBGene00009626.,48,495,543
WBGene00009627.,18,291,309
WBGene00009628.,61,3976,4037
WBGene00009629.,112,188,300
WBGene00009630.,10,36,46
WBGene00009631.,0,2,2
WBGene00009632.,259,2547,2806
WBGene00009633.,5,4,9
WBGene00009634.,16,932,948
WBGene00009635.,44,695,739
WBGene00009636.,27,251,278
WBGene00009637.,4,1606,1610
WBGene00009638.,177,18525,18702
WBGene00009639.,3,1555,1558
WBGene00009640.,4,978,982
WBGene00009641.,3,6,9
WBGene00009642.,38,89,127
WBGene00009643.,0,10,10
WBGene00009644.,1,26,27
WBGene00009645.,82,640,722
WBGene00009646.,2,0,2
WBGene00009647.,58,58,116
WBGene00009648.,6,699,705
WBGene00009649.,51,57,108
WBGene00009650.,40,1358,1398
WBGene00009651.,7,8,15
WBGene00009652.,5,13,18
WBGene00009653.,39,29,68
WBGene00009654.,208,424,632
WBGene00009656.,9,180,189
WBGene00009657.,201,868,1069
WBGene00009658.,0,3,3
WBGene00009659.,0,0,0
WBGene00009660.,1406,12389,13795
WBGene00009661.,71,1751,1822
WBGene00009662.,1,5,6
WBGene00009663.,6,138,144
WBGene00009664.,277,13913,14190
WBGene00009665.,5,531,536
WBGene00009666.,55,1072,1127
WBGene00009667.,309,194,503
WBGene00009668.,118,1264,1382
WBGene00009670.,1,8,9
WBGene00009671.,173,3092,3265
WBGene00009672.,213,1850,2063
WBGene00009673.,46,219,265
WBGene00009674.,81,958,1039
WBGene00009675.,5,22,27
WBGene00009676.,167,1453,1620
WBGene00009677.,12,355,367
WBGene00009678.,247,1353,1600
WBGene00009679.,16,107,123
WBGene00009680.,0,0,0
WBGene00009681.,0,6,6
WBGene00009682.,0,0,0
WBGene00009683.,6,58,64
WBGene00009684.,0,0,0
WBGene00009685.,4,12,16
WBGene00009686.,24,20,44
WBGene00009687.,0,1,1
WBGene00009688.,1891,16039,17930
WBGene00009689.,3,2,5
WBGene00009690.,9,4,13
WBGene00009691.,0,4498,4498
WBGene00009692.,0,1910,1910
WBGene00009693.,2,1,3
WBGene00009695.,3,7,10
WBGene00009696.,17,82,99
WBGene00009697.,0,138,138
WBGene00009698.,3,10,13
WBGene00009700.,145,1145,1290
WBGene00009701.,2,324,326
WBGene00009702.,31,347,378
WBGene00009704.,0,0,0
WBGene00009705.,0,0,0
WBGene00009706.,18,54,72
WBGene00009707.,2,4,6
WBGene00009708.,9,6,15
WBGene00009709.,57,49,106
WBGene00009710.,2,6,8
WBGene00009711.,725,5624,6349
WBGene00009712.,6,4206,4212
WBGene00009713.,131,734,865
WBGene00009714.,0,41,41
WBGene00009715.,52,1239,1291
WBGene00009716.,19,124,143
WBGene00009717.,262,1412,1674
WBGene00009720.,4,18,22
WBGene00009721.,31,56,87
WBGene00009722.,18,957,975
WBGene00009723.,54,4919,4973
WBGene00009724.,59,7031,7090
WBGene00009725.,4,8,12
WBGene00009726.,56,199,255
WBGene00009727.,27,92,119
WBGene00009728.,2,6,8
WBGene00009729.,39,196,235
WBGene00009730.,383,1568,1951
WBGene00009731.,79,845,924
WBGene00009732.,161,2292,2453
WBGene00009733.,5,391,396
WBGene00009734.,57,848,905
WBGene00009735.,29,150,179
WBGene00009736.,206,922,1128
WBGene00009738.,188,340,528
WBGene00009739.,1117,5141,6258
WBGene00009740.,489,9180,9669
WBGene00009741.,53,404,457
WBGene00009742.,3,314,317
WBGene00009743.,25,316,341
WBGene00009744.,65,493,558
WBGene00009745.,29,364,393
WBGene00009746.,0,1,1
WBGene00009747.,1,2,3
WBGene00009748.,1,6,7
WBGene00009749.,3,0,3
WBGene00009750.,0,2,2
WBGene00009751.,1,4,5
WBGene00009752.,2,12,14
WBGene00009753.,3,8,11
WBGene00009754.,1,7,8
WBGene00009755.,2,1,3
WBGene00009756.,2,1,3
WBGene00009757.,3,2,5
WBGene00009758.,10,5,15
WBGene00009759.,2,0,2
WBGene00009760.,0,15,15
WBGene00009761.,0,1,1
WBGene00009762.,2,1,3
WBGene00009763.,2,2,4
WBGene00009764.,0,5,5
WBGene00009765.,0,0,0
WBGene00009766.,4,0,4
WBGene00009767.,0,0,0
WBGene00009768.,16,43,59
WBGene00009769.,43,923,966
WBGene00009770.,196,1867,2063
WBGene00009771.,135,1440,1575
WBGene00009772.,889,60841,61730
WBGene00009773.,20,1811,1831
WBGene00009774.,5,325,330
WBGene00009775.,0,6,6
WBGene00009776.,212,2882,3094
WBGene00009777.,17,40,57
WBGene00009778.,2,23,25
WBGene00009779.,96,862,958
WBGene00009780.,57,232,289
WBGene00009781.,278,1824,2102
WBGene00009782.,13,156,169
WBGene00009783.,80,1898,1978
WBGene00009784.,25,1301,1326
WBGene00009785.,115,1117,1232
WBGene00009786.,0,13,13
WBGene00009787.,106,9670,9776
WBGene00009788.,0,3,3
WBGene00009789.,85,117,202
WBGene00009790.,38,282,320
WBGene00009791.,8,29,37
WBGene00009793.,51,2463,2514
WBGene00009796.,210,2954,3164
WBGene00009797.,326,2473,2799
WBGene00009798.,43,30,73
WBGene00009799.,92,361,453
WBGene00009800.,126,820,946
WBGene00009801.,114,1232,1346
WBGene00009802.,1,17,18
WBGene00009803.,473,5302,5775
WBGene00009804.,301,5537,5838
WBGene00009805.,4,286,290
WBGene00009806.,3,15,18
WBGene00009807.,29,207,236
WBGene00009808.,3,81,84
WBGene00009809.,434,3981,4415
WBGene00009810.,3,98,101
WBGene00009811.,12,292,304
WBGene00009812.,68,2176,2244
WBGene00009813.,848,10943,11791
WBGene00009814.,0,65,65
WBGene00009815.,0,10,10
WBGene00009816.,6,4,10
WBGene00009817.,1,5,6
WBGene00009818.,42,176,218
WBGene00009819.,122,602,724
WBGene00009820.,17,341,358
WBGene00009822.,25,10,35
WBGene00009823.,34,166,200
WBGene00009824.,10,199,209
WBGene00009825.,84,359,443
WBGene00009826.,9,53,62
WBGene00009827.,10,14,24
WBGene00009828.,5,0,5
WBGene00009829.,56,2366,2422
WBGene00009830.,6,52,58
WBGene00009831.,31,514,545
WBGene00009833.,2,3,5
WBGene00009834.,2,8,10
WBGene00009835.,38,174,212
WBGene00009836.,66,12,78
WBGene00009837.,1,6,7
WBGene00009838.,3,4,7
WBGene00009839.,9,35,44
WBGene00009840.,13,110,123
WBGene00009841.,10,5,15
WBGene00009842.,20,225,245
WBGene00009843.,94,559,653
WBGene00009844.,26,115,141
WBGene00009846.,67,54,121
WBGene00009848.,347,1558,1905
WBGene00009849.,11,9,20
WBGene00009850.,66,1286,1352
WBGene00009851.,31,2013,2044
WBGene00009852.,2,38,40
WBGene00009853.,0,1,1
WBGene00009854.,3,12,15
WBGene00009855.,0,1,1
WBGene00009856.,1,8,9
WBGene00009857.,0,17,17
WBGene00009858.,0,2,2
WBGene00009859.,6,5,11
WBGene00009860.,4,3,7
WBGene00009861.,0,11,11
WBGene00009862.,0,40,40
WBGene00009863.,1,0,1
WBGene00009864.,2,0,2
WBGene00009865.,47,320,367
WBGene00009866.,0,1,1
WBGene00009867.,32,27,59
WBGene00009868.,0,0,0
WBGene00009869.,6,2,8
WBGene00009871.,3,5,8
WBGene00009872.,2,3,5
WBGene00009873.,3,0,3
WBGene00009874.,7,10,17
WBGene00009875.,8,1,9
WBGene00009876.,69,468,537
WBGene00009877.,26,298,324
WBGene00009878.,16,1305,1321
WBGene00009879.,18,120,138
WBGene00009880.,146,1938,2084
WBGene00009881.,163,4223,4386
WBGene00009882.,95,7011,7106
WBGene00009883.,13,54,67
WBGene00009884.,6,15,21
WBGene00009885.,21,91,112
WBGene00009886.,120,855,975
WBGene00009887.,63,1040,1103
WBGene00009888.,3467,27453,30920
WBGene00009889.,50,100,150
WBGene00009890.,6,13,19
WBGene00009891.,3,5,8
WBGene00009892.,0,3,3
WBGene00009893.,3,1,4
WBGene00009894.,0,2,2
WBGene00009895.,88,962,1050
WBGene00009896.,364,5520,5884
WBGene00009897.,7,15,22
WBGene00009898.,0,2,2
WBGene00009899.,76,555,631
WBGene00009900.,0,60,60
WBGene00009901.,50,475,525
WBGene00009902.,6,18,24
WBGene00009903.,12,90,102
WBGene00009904.,10,59,69
WBGene00009905.,5,0,5
WBGene00009906.,6,1,7
WBGene00009907.,6,2,8
WBGene00009908.,8,81,89
WBGene00009909.,0,0,0
WBGene00009910.,2,5,7
WBGene00009911.,1,3,4
WBGene00009912.,9,6,15
WBGene00009913.,1,0,1
WBGene00009914.,5,29,34
WBGene00009915.,34,3273,3307
WBGene00009916.,91,233,324
WBGene00009917.,215,1190,1405
WBGene00009918.,35,2424,2459
WBGene00009919.,161,1882,2043
WBGene00009920.,1396,6950,8346
WBGene00009921.,11,126,137
WBGene00009922.,73,825,898
WBGene00009923.,16,129,145
WBGene00009924.,108,1334,1442
WBGene00009925.,12,1337,1349
WBGene00009926.,11,10,21
WBGene00009927.,52,443,495
WBGene00009929.,25,61,86
WBGene00009930.,17,603,620
WBGene00009931.,12,86,98
WBGene00009933.,4,11,15
WBGene00009935.,86,596,682
WBGene00009936.,0,0,0
WBGene00009937.,121,778,899
WBGene00009938.,2,2,4
WBGene00009939.,99,724,823
WBGene00009940.,96,1533,1629
WBGene00009941.,1,5,6
WBGene00009942.,7,14,21
WBGene00009943.,49,125,174
WBGene00009944.,40,717,757
WBGene00009945.,445,4547,4992
WBGene00009946.,44,318,362
WBGene00009947.,118,1282,1400
WBGene00009948.,14,261,275
WBGene00009949.,26,60,86
WBGene00009950.,1,9,10
WBGene00009951.,29,118,147
WBGene00009952.,134,1905,2039
WBGene00009953.,61,596,657
WBGene00009954.,2,1,3
WBGene00009955.,14,3201,3215
WBGene00009956.,3,2,5
WBGene00009957.,273,5336,5609
WBGene00009958.,170,1025,1195
WBGene00009959.,0,15,15
WBGene00009960.,0,1,1
WBGene00009961.,1,4,5
WBGene00009962.,27,14,41
WBGene00009963.,22,38,60
WBGene00009964.,10,42,52
WBGene00009965.,28,165,193
WBGene00009966.,42,1644,1686
WBGene00009967.,7,36,43
WBGene00009968.,87,806,893
WBGene00009969.,38,471,509
WBGene00009971.,12,44,56
WBGene00009972.,59,51,110
WBGene00009973.,1059,13766,14825
WBGene00009974.,291,4620,4911
WBGene00009975.,1526,2460,3986
WBGene00009976.,98,883,981
WBGene00009977.,194,897,1091
WBGene00009978.,5102,6621,11723
WBGene00009979.,62,8,70
WBGene00009980.,46,872,918
WBGene00009981.,14,181,195
WBGene00009982.,0,213,213
WBGene00009983.,1,42,43
WBGene00009984.,101,214,315
WBGene00009985.,122,1637,1759
WBGene00009986.,16,114,130
WBGene00009987.,97,1461,1558
WBGene00009988.,37,50,87
WBGene00009990.,3,3,6
WBGene00009991.,6,18,24
WBGene00009992.,343,7043,7386
WBGene00009993.,26,9725,9751
WBGene00009994.,30,802,832
WBGene00009995.,3156,19051,22207
WBGene00009996.,365,8294,8659
WBGene00009997.,1,2,3
WBGene00009998.,4,5,9
WBGene00009999.,23,2,25
WBGene00010000.,0,18,18
WBGene00010001.,73,5950,6023
WBGene00010002.,100,642,742
WBGene00010003.,125,259,384
WBGene00010004.,22,29,51
WBGene00010005.,8,9,17
WBGene00010006.,1508,793,2301
WBGene00010007.,1,3,4
WBGene00010008.,9,44,53
WBGene00010009.,34,465,499
WBGene00010010.,17,103,120
WBGene00010011.,19,107,126
WBGene00010012.,1425,6570,7995
WBGene00010013.,234,2932,3166
WBGene00010014.,2,13,15
WBGene00010015.,12,779,791
WBGene00010016.,2,4,6
WBGene00010017.,0,1,1
WBGene00010018.,80,1645,1725
WBGene00010019.,156,886,1042
WBGene00010020.,2,1,3
WBGene00010021.,0,0,0
WBGene00010022.,0,6,6
WBGene00010023.,0,21,21
WBGene00010024.,1,3,4
WBGene00010025.,6,24,30
WBGene00010026.,0,2,2
WBGene00010027.,6,8,14
WBGene00010028.,55,1491,1546
WBGene00010030.,0,3,3
WBGene00010031.,52,1829,1881
WBGene00010032.,8,20,28
WBGene00010033.,16,150,166
WBGene00010034.,2,4,6
WBGene00010035.,8,46,54
WBGene00010036.,9,252,261
WBGene00010037.,417,8367,8784
WBGene00010038.,110,1662,1772
WBGene00010039.,186,1043,1229
WBGene00010040.,37,1227,1264
WBGene00010041.,0,890,890
WBGene00010042.,13,290,303
WBGene00010043.,86,702,788
WBGene00010044.,246,2712,2958
WBGene00010045.,367,1923,2290
WBGene00010046.,5,25,30
WBGene00010047.,45,650,695
WBGene00010048.,69,798,867
WBGene00010049.,551,3357,3908
WBGene00010050.,38,164,202
WBGene00010051.,55,710,765
WBGene00010052.,36,2327,2363
WBGene00010053.,0,17,17
WBGene00010054.,0,588,588
WBGene00010055.,467,1057,1524
WBGene00010056.,17,2060,2077
WBGene00010057.,40,133,173
WBGene00010058.,11,6,17
WBGene00010059.,57,1028,1085
WBGene00010060.,17,59,76
WBGene00010061.,57,1143,1200
WBGene00010062.,8,40,48
WBGene00010063.,35,134,169
WBGene00010064.,49,2135,2184
WBGene00010065.,0,17,17
WBGene00010066.,0,4,4
WBGene00010067.,3,0,3
WBGene00010068.,7,89,96
WBGene00010069.,39,26,65
WBGene00010070.,292,1702,1994
WBGene00010071.,162,42,204
WBGene00010072.,82,511,593
WBGene00010073.,238,257,495
WBGene00010074.,96,374,470
WBGene00010075.,12,1314,1326
WBGene00010077.,163,536,699
WBGene00010079.,296,612,908
WBGene00010080.,38,205,243
WBGene00010081.,13,486,499
WBGene00010082.,3,147,150
WBGene00010083.,137,433,570
WBGene00010084.,0,1,1
WBGene00010085.,1,1,2
WBGene00010086.,576,507,1083
WBGene00010087.,0,0,0
WBGene00010088.,14,35,49
WBGene00010089.,80,794,874
WBGene00010091.,0,2,2
WBGene00010092.,7,5,12
WBGene00010093.,14,633,647
WBGene00010094.,24,1236,1260
WBGene00010095.,3,11,14
WBGene00010096.,225,1224,1449
WBGene00010097.,65,1924,1989
WBGene00010098.,2,4,6
WBGene00010099.,2,0,2
WBGene00010100.,1,0,1
WBGene00010101.,1,7,8
WBGene00010102.,0,5,5
WBGene00010103.,7,1,8
WBGene00010104.,1,0,1
WBGene00010105.,0,7,7
WBGene00010106.,0,6,6
WBGene00010107.,1,34,35
WBGene00010108.,0,10,10
WBGene00010109.,40,800,840
WBGene00010110.,177,1384,1561
WBGene00010111.,131,491,622
WBGene00010112.,4,35,39
WBGene00010113.,259,1865,2124
WBGene00010114.,2,1,3
WBGene00010115.,162,1164,1326
WBGene00010116.,47,213,260
WBGene00010117.,163,1285,1448
WBGene00010118.,12,6,18
WBGene00010119.,3,19,22
WBGene00010120.,5,4,9
WBGene00010121.,8,4,12
WBGene00010122.,4,21,25
WBGene00010123.,0,1,1
WBGene00010124.,3,1,4
WBGene00010125.,16,92,108
WBGene00010126.,4,1,5
WBGene00010127.,2,4,6
WBGene00010128.,4,35,39
WBGene00010129.,1,1,2
WBGene00010130.,118,5040,5158
WBGene00010131.,27,636,663
WBGene00010132.,186,799,985
WBGene00010133.,7181,3602,10783
WBGene00010134.,39,45,84
WBGene00010135.,4,2331,2335
WBGene00010136.,26,60,86
WBGene00010137.,164,273,437
WBGene00010138.,37,95,132
WBGene00010139.,134,1604,1738
WBGene00010140.,41,364,405
WBGene00010141.,241,1500,1741
WBGene00010142.,17,166,183
WBGene00010143.,18,131,149
WBGene00010144.,12,36,48
WBGene00010145.,16,4,20
WBGene00010146.,381,1031,1412
WBGene00010147.,1,3,4
WBGene00010148.,18,70,88
WBGene00010149.,0,1,1
WBGene00010150.,256,751,1007
WBGene00010152.,0,5,5
WBGene00010153.,1,3,4
WBGene00010155.,8,10,18
WBGene00010157.,5,5,10
WBGene00010158.,0,2,2
WBGene00010159.,298,1025,1323
WBGene00010160.,215,349,564
WBGene00010161.,336,485,821
WBGene00010162.,0,2,2
WBGene00010163.,8,14,22
WBGene00010165.,4,4,8
WBGene00010166.,1,4,5
WBGene00010167.,3,5,8
WBGene00010168.,9,4,13
WBGene00010169.,9,2,11
WBGene00010170.,3,0,3
WBGene00010171.,1,2,3
WBGene00010172.,3,0,3
WBGene00010173.,7,6,13
WBGene00010174.,11179,155007,166186
WBGene00010175.,198,1000,1198
WBGene00010176.,10,28,38
WBGene00010177.,700,6046,6746
WBGene00010178.,179,1111,1290
WBGene00010179.,45,280,325
WBGene00010180.,2,1,3
WBGene00010181.,4,3,7
WBGene00010182.,2,8,10
WBGene00010183.,2,18,20
WBGene00010184.,8,64,72
WBGene00010185.,10,134,144
WBGene00010186.,7,45,52
WBGene00010187.,12,31,43
WBGene00010188.,14,275,289
WBGene00010189.,8,42,50
WBGene00010191.,60,1437,1497
WBGene00010192.,12,394,406
WBGene00010193.,17,801,818
WBGene00010194.,5,250,255
WBGene00010195.,29,382,411
WBGene00010196.,7,24,31
WBGene00010197.,34,958,992
WBGene00010198.,90,479,569
WBGene00010199.,146,2541,2687
WBGene00010200.,117,232,349
WBGene00010202.,11,215,226
WBGene00010203.,1,17,18
WBGene00010204.,11,1230,1241
WBGene00010205.,14,120,134
WBGene00010206.,1,2,3
WBGene00010209.,4,24,28
WBGene00010212.,294,68,362
WBGene00010214.,25,102,127
WBGene00010215.,9,63,72
WBGene00010216.,4,30,34
WBGene00010217.,4,9,13
WBGene00010218.,4,9,13
WBGene00010219.,0,1,1
WBGene00010220.,7,4,11
WBGene00010221.,118,4840,4958
WBGene00010222.,27,73,100
WBGene00010223.,12,75,87
WBGene00010224.,144,651,795
WBGene00010225.,33,554,587
WBGene00010226.,1,5,6
WBGene00010227.,134,1008,1142
WBGene00010228.,45,14,59
WBGene00010229.,145,958,1103
WBGene00010230.,81,2286,2367
WBGene00010231.,186,2619,2805
WBGene00010232.,207,6066,6273
WBGene00010233.,41,474,515
WBGene00010234.,1,274,275
WBGene00010235.,45,607,652
WBGene00010236.,120,3134,3254
WBGene00010237.,5,11,16
WBGene00010238.,18,268,286
WBGene00010239.,31,1293,1324
WBGene00010240.,7,9,16
WBGene00010241.,10,63,73
WBGene00010242.,81,349,430
WBGene00010243.,22,107,129
WBGene00010244.,612,33362,33974
WBGene00010245.,1,8,9
WBGene00010246.,1,3,4
WBGene00010247.,2,1,3
WBGene00010248.,80,329,409
WBGene00010249.,16,6,22
WBGene00010250.,50,99,149
WBGene00010251.,576,2018,2594
WBGene00010253.,0,2,2
WBGene00010254.,1,3,4
WBGene00010255.,0,3,3
WBGene00010256.,1,2,3
WBGene00010257.,0,7,7
WBGene00010258.,30,266,296
WBGene00010259.,768,1385,2153
WBGene00010260.,304,23828,24132
WBGene00010261.,1,6,7
WBGene00010262.,228,4637,4865
WBGene00010263.,5,84,89
WBGene00010264.,75,400,475
WBGene00010265.,1,0,1
WBGene00010266.,47,517,564
WBGene00010267.,2,7,9
WBGene00010268.,14,115,129
WBGene00010269.,33,472,505
WBGene00010270.,1,0,1
WBGene00010271.,3,9,12
WBGene00010272.,232,1408,1640
WBGene00010273.,6,13,19
WBGene00010274.,5,2,7
WBGene00010275.,90,204,294
WBGene00010276.,0,0,0
WBGene00010277.,1,23,24
WBGene00010278.,3,137,140
WBGene00010279.,57,1760,1817
WBGene00010280.,83,1544,1627
WBGene00010281.,20,688,708
WBGene00010282.,20,42,62
WBGene00010283.,50,409,459
WBGene00010284.,121,2140,2261
WBGene00010285.,3,52,55
WBGene00010286.,65,1120,1185
WBGene00010288.,65,866,931
WBGene00010289.,8,22,30
WBGene00010290.,100,3388,3488
WBGene00010291.,248,501,749
WBGene00010292.,0,0,0
WBGene00010293.,59,843,902
WBGene00010294.,30,235,265
WBGene00010295.,70,481,551
WBGene00010296.,0,118,118
WBGene00010297.,7,25,32
WBGene00010298.,3,4,7
WBGene00010299.,8,1,9
WBGene00010300.,3,2,5
WBGene00010301.,0,0,0
WBGene00010303.,46,2393,2439
WBGene00010304.,80,503,583
WBGene00010305.,118,1563,1681
WBGene00010306.,765,1932,2697
WBGene00010307.,4,292,296
WBGene00010308.,83,656,739
WBGene00010309.,204,928,1132
WBGene00010310.,18,283,301
WBGene00010311.,10,160,170
WBGene00010313.,15,19,34
WBGene00010314.,0,3,3
WBGene00010315.,110,713,823
WBGene00010316.,174,416,590
WBGene00010317.,78,1291,1369
WBGene00010318.,46,259,305
WBGene00010319.,24,40,64
WBGene00010320.,269,1476,1745
WBGene00010321.,51,736,787
WBGene00010322.,38,19,57
WBGene00010323.,3,4,7
WBGene00010324.,0,3,3
WBGene00010325.,17,1210,1227
WBGene00010326.,1836,12398,14234
WBGene00010327.,101,170,271
WBGene00010328.,48,399,447
WBGene00010329.,59,395,454
WBGene00010330.,416516,22,416538
WBGene00010331.,61,153,214
WBGene00010332.,9,298,307
WBGene00010333.,319,4930,5249
WBGene00010334.,55,280,335
WBGene00010335.,170,534,704
WBGene00010336.,18,141,159
WBGene00010337.,1495,8964,10459
WBGene00010338.,81,379,460
WBGene00010339.,22,672,694
WBGene00010340.,18,79,97
WBGene00010341.,11,44,55
WBGene00010342.,42,72,114
WBGene00010343.,4,12,16
WBGene00010344.,26,164,190
WBGene00010345.,25,27,52
WBGene00010348.,8,330,338
WBGene00010349.,34,210,244
WBGene00010350.,417,1015,1432
WBGene00010351.,11,198,209
WBGene00010352.,5,9,14
WBGene00010353.,1,215,216
WBGene00010354.,20,120,140
WBGene00010355.,1,3,4
WBGene00010356.,59,696,755
WBGene00010357.,165,1511,1676
WBGene00010358.,1,0,1
WBGene00010359.,1,1,2
WBGene00010360.,4,1,5
WBGene00010361.,1,16,17
WBGene00010362.,2,146,148
WBGene00010363.,53,311,364
WBGene00010364.,2,49,51
WBGene00010365.,16,18,34
WBGene00010366.,25,11,36
WBGene00010367.,82,605,687
WBGene00010368.,9,19,28
WBGene00010369.,157,2421,2578
WBGene00010370.,577,3183,3760
WBGene00010371.,0,29,29
WBGene00010372.,32,46,78
WBGene00010373.,6,14,20
WBGene00010374.,308,820,1128
WBGene00010375.,15,353,368
WBGene00010376.,0,0,0
WBGene00010377.,0,0,0
WBGene00010378.,11,60,71
WBGene00010379.,0,0,0
WBGene00010380.,6,9,15
WBGene00010381.,1,0,1
WBGene00010382.,0,72,72
WBGene00010383.,54,389,443
WBGene00010385.,219,391,610
WBGene00010386.,95,111,206
WBGene00010387.,0,39,39
WBGene00010388.,0,3,3
WBGene00010389.,9,6,15
WBGene00010390.,2,29,31
WBGene00010391.,5,7,12
WBGene00010392.,13,1,14
WBGene00010394.,17,5,22
WBGene00010395.,0,0,0
WBGene00010396.,28,72,100
WBGene00010397.,18,609,627
WBGene00010399.,0,0,0
WBGene00010400.,0,0,0
WBGene00010401.,5,72,77
WBGene00010402.,19,77,96
WBGene00010403.,5,4,9
WBGene00010404.,0,0,0
WBGene00010405.,55,1210,1265
WBGene00010406.,63,2611,2674
WBGene00010407.,104,1630,1734
WBGene00010408.,136,2332,2468
WBGene00010409.,60,642,702
WBGene00010410.,0,1,1
WBGene00010411.,2,3,5
WBGene00010412.,0,5,5
WBGene00010413.,0,0,0
WBGene00010414.,9,14,23
WBGene00010415.,2,10,12
WBGene00010416.,227,1092,1319
WBGene00010417.,0,0,0
WBGene00010418.,34,688,722
WBGene00010419.,1460,34774,36234
WBGene00010420.,127,664,791
WBGene00010421.,30,124,154
WBGene00010422.,14,205,219
WBGene00010423.,44,38,82
WBGene00010424.,6,31,37
WBGene00010425.,459,19290,19749
WBGene00010426.,14,31,45
WBGene00010427.,1294,2015,3309
WBGene00010428.,159,1260,1419
WBGene00010430.,0,0,0
WBGene00010431.,0,0,0
WBGene00010432.,42,272,314
WBGene00010433.,52,506,558
WBGene00010434.,19,25,44
WBGene00010435.,256,4394,4650
WBGene00010436.,0,204,204
WBGene00010437.,96,157,253
WBGene00010439.,44,467,511
WBGene00010440.,905,15869,16774
WBGene00010442.,48,237,285
WBGene00010444.,628,2121,2749
WBGene00010446.,1,14,15
WBGene00010447.,46,39,85
WBGene00010448.,75,158,233
WBGene00010449.,69,428,497
WBGene00010450.,237,2662,2899
WBGene00010451.,73,9,82
WBGene00010453.,39,194,233
WBGene00010454.,12,92,104
WBGene00010455.,17,48,65
WBGene00010456.,134,1169,1303
WBGene00010457.,3,49,52
WBGene00010458.,20,697,717
WBGene00010459.,7,583,590
WBGene00010460.,12,32,44
WBGene00010461.,0,3,3
WBGene00010463.,17,6,23
WBGene00010464.,0,1,1
WBGene00010465.,98,1120,1218
WBGene00010466.,0,2,2
WBGene00010467.,0,4,4
WBGene00010468.,1,12,13
WBGene00010469.,3,21,24
WBGene00010470.,76,451,527
WBGene00010471.,195,1630,1825
WBGene00010472.,6,38,44
WBGene00010473.,25,115,140
WBGene00010474.,0,0,0
WBGene00010475.,341,439,780
WBGene00010476.,37,1095,1132
WBGene00010477.,3,116,119
WBGene00010478.,42,4655,4697
WBGene00010479.,166,1352,1518
WBGene00010480.,1280,10741,12021
WBGene00010481.,26,452,478
WBGene00010483.,2,12,14
WBGene00010484.,666,11005,11671
WBGene00010485.,3,40,43
WBGene00010486.,1,0,1
WBGene00010487.,14,11,25
WBGene00010488.,499,3369,3868
WBGene00010491.,2,353,355
WBGene00010492.,1,4,5
WBGene00010493.,3,7,10
WBGene00010494.,8,34,42
WBGene00010495.,3,12,15
WBGene00010496.,63,977,1040
WBGene00010497.,14,47,61
WBGene00010498.,121,731,852
WBGene00010499.,1,3,4
WBGene00010500.,258,2096,2354
WBGene00010501.,6,142,148
WBGene00010502.,101,761,862
WBGene00010503.,107,633,740
WBGene00010504.,9,67,76
WBGene00010505.,30,121,151
WBGene00010506.,59,137,196
WBGene00010507.,142,2612,2754
WBGene00010508.,7,24,31
WBGene00010509.,3,3,6
WBGene00010510.,7,3,10
WBGene00010511.,3,3,6
WBGene00010512.,21,193,214
WBGene00010513.,77,412,489
WBGene00010514.,332,2649,2981
WBGene00010515.,48,400,448
WBGene00010516.,339,3506,3845
WBGene00010517.,0,0,0
WBGene00010518.,0,0,0
WBGene00010519.,6,23,29
WBGene00010520.,99,637,736
WBGene00010521.,9,9,18
WBGene00010522.,73,393,466
WBGene00010523.,1,1,2
WBGene00010524.,7,98,105
WBGene00010525.,20,194,214
WBGene00010526.,0,0,0
WBGene00010527.,2,2,4
WBGene00010528.,57,712,769
WBGene00010529.,1,5,6
WBGene00010530.,7,5,12
WBGene00010531.,0,1,1
WBGene00010534.,72,9,81
WBGene00010535.,3,2,5
WBGene00010536.,1,1,2
WBGene00010537.,203,244,447
WBGene00010538.,0,10,10
WBGene00010539.,119,1085,1204
WBGene00010540.,44,394,438
WBGene00010541.,2534,18304,20838
WBGene00010542.,10,854,864
WBGene00010543.,1,2,3
WBGene00010544.,1,5,6
WBGene00010545.,0,52,52
WBGene00010546.,11,272,283
WBGene00010547.,5,2,7
WBGene00010550.,114,1416,1530
WBGene00010551.,165,1146,1311
WBGene00010552.,48,611,659
WBGene00010553.,11,329,340
WBGene00010554.,3,12,15
WBGene00010555.,1,3,4
WBGene00010556.,1460,151713,153173
WBGene00010557.,18,224,242
WBGene00010558.,69,173,242
WBGene00010559.,11,183,194
WBGene00010560.,228,4366,4594
WBGene00010562.,88,1573,1661
WBGene00010563.,19,17,36
WBGene00010564.,139,1264,1403
WBGene00010565.,15,221,236
WBGene00010566.,98,166,264
WBGene00010567.,84,865,949
WBGene00010568.,0,29,29
WBGene00010569.,64,536,600
WBGene00010570.,0,2,2
WBGene00010571.,12,39,51
WBGene00010572.,28,450,478
WBGene00010573.,137,333,470
WBGene00010574.,2,31,33
WBGene00010575.,75,1212,1287
WBGene00010576.,2,13,15
WBGene00010577.,4,1,5
WBGene00010578.,4,0,4
WBGene00010579.,45,6437,6482
WBGene00010580.,16,21,37
WBGene00010581.,9,149,158
WBGene00010582.,127,884,1011
WBGene00010583.,1,1248,1249
WBGene00010584.,0,8,8
WBGene00010585.,244,486,730
WBGene00010586.,0,3,3
WBGene00010587.,84,183,267
WBGene00010588.,0,1,1
WBGene00010589.,2,14,16
WBGene00010590.,1,4,5
WBGene00010591.,3,16,19
WBGene00010592.,48,188,236
WBGene00010593.,93,851,944
WBGene00010594.,17,42,59
WBGene00010595.,17,62,79
WBGene00010596.,0,8,8
WBGene00010597.,217,168,385
WBGene00010598.,0,0,0
WBGene00010599.,15,39,54
WBGene00010600.,0,2,2
WBGene00010601.,0,2,2
WBGene00010602.,1,9,10
WBGene00010603.,5,49,54
WBGene00010604.,9,127,136
WBGene00010605.,99,343,442
WBGene00010606.,6,21,27
WBGene00010607.,17,10,27
WBGene00010608.,124,1383,1507
WBGene00010609.,157,1217,1374
WBGene00010610.,220,1447,1667
WBGene00010611.,0,4,4
WBGene00010612.,0,4,4
WBGene00010613.,3,0,3
WBGene00010614.,14,15,29
WBGene00010615.,103,1271,1374
WBGene00010616.,68,1536,1604
WBGene00010617.,7,46,53
WBGene00010618.,0,0,0
WBGene00010619.,119,866,985
WBGene00010620.,82,1320,1402
WBGene00010621.,9,162,171
WBGene00010622.,36,548,584
WBGene00010623.,10,40,50
WBGene00010624.,105,1000,1105
WBGene00010625.,38,505,543
WBGene00010626.,499,2628,3127
WBGene00010627.,339,4717,5056
WBGene00010628.,35,278,313
WBGene00010629.,116,1980,2096
WBGene00010630.,13,91,104
WBGene00010631.,185,2184,2369
WBGene00010632.,119,514,633
WBGene00010633.,0,0,0
WBGene00010634.,3,17,20
WBGene00010635.,16,131,147
WBGene00010636.,10,32,42
WBGene00010637.,14,102,116
WBGene00010638.,193,1255,1448
WBGene00010639.,633,9442,10075
WBGene00010640.,2,508,510
WBGene00010641.,62,1207,1269
WBGene00010642.,57,515,572
WBGene00010643.,15,61,76
WBGene00010644.,21,191,212
WBGene00010645.,72,613,685
WBGene00010646.,39,53,92
WBGene00010647.,11,571,582
WBGene00010648.,221,1367,1588
WBGene00010649.,100,537,637
WBGene00010650.,1,9,10
WBGene00010651.,5,36,41
WBGene00010652.,1,14,15
WBGene00010653.,0,0,0
WBGene00010654.,17,37,54
WBGene00010655.,2,17,19
WBGene00010656.,0,2,2
WBGene00010657.,10,7,17
WBGene00010658.,5,30,35
WBGene00010659.,5,16,21
WBGene00010660.,8,61,69
WBGene00010661.,13,223,236
WBGene00010662.,4,6,10
WBGene00010663.,146,596,742
WBGene00010664.,48,871,919
WBGene00010665.,231,2802,3033
WBGene00010666.,3,408,411
WBGene00010667.,80,483,563
WBGene00010669.,58,72,130
WBGene00010670.,12,1041,1053
WBGene00010671.,28,815,843
WBGene00010672.,3,6,9
WBGene00010673.,4,5,9
WBGene00010674.,16,309,325
WBGene00010675.,95,722,817
WBGene00010676.,129,1644,1773
WBGene00010677.,85,4083,4168
WBGene00010678.,71,1078,1149
WBGene00010679.,4,20,24
WBGene00010680.,14,33,47
WBGene00010681.,903,19814,20717
WBGene00010682.,19,1728,1747
WBGene00010683.,0,46,46
WBGene00010684.,44,21,65
WBGene00010685.,86,738,824
WBGene00010686.,12,127,139
WBGene00010687.,77,1931,2008
WBGene00010688.,2,8,10
WBGene00010689.,2,11,13
WBGene00010690.,0,5,5
WBGene00010691.,5,115,120
WBGene00010692.,0,11,11
WBGene00010693.,39,109,148
WBGene00010694.,20,17,37
WBGene00010697.,45,888,933
WBGene00010698.,2,12,14
WBGene00010699.,271,1613,1884
WBGene00010700.,258,3218,3476
WBGene00010701.,75,1957,2032
WBGene00010702.,75,239,314
WBGene00010703.,357,1887,2244
WBGene00010704.,5,185,190
WBGene00010705.,5,11,16
WBGene00010706.,2,5,7
WBGene00010707.,2,24,26
WBGene00010708.,26,97,123
WBGene00010709.,163,475,638
WBGene00010711.,0,9,9
WBGene00010712.,5,25,30
WBGene00010713.,204,623,827
WBGene00010714.,46,26,72
WBGene00010715.,1,3,4
WBGene00010716.,19,111,130
WBGene00010717.,37,358,395
WBGene00010718.,7,102,109
WBGene00010719.,2,23,25
WBGene00010720.,43,597,640
WBGene00010721.,55,372,427
WBGene00010722.,71,612,683
WBGene00010723.,2,77,79
WBGene00010724.,87,369,456
WBGene00010725.,58,325,383
WBGene00010726.,12,1015,1027
WBGene00010727.,81,810,891
WBGene00010728.,3,1,4
WBGene00010730.,49,4293,4342
WBGene00010731.,699,3108,3807
WBGene00010732.,349,1919,2268
WBGene00010733.,0,0,0
WBGene00010734.,63,364,427
WBGene00010735.,81,95,176
WBGene00010736.,268,2529,2797
WBGene00010737.,17,212,229
WBGene00010738.,27,110,137
WBGene00010740.,0,588,588
WBGene00010741.,8,131,139
WBGene00010742.,78,3320,3398
WBGene00010743.,12,17,29
WBGene00010744.,134,680,814
WBGene00010745.,2,19,21
WBGene00010746.,27,6,33
WBGene00010747.,15,26,41
WBGene00010748.,1,0,1
WBGene00010749.,5,18,23
WBGene00010750.,5,24,29
WBGene00010752.,8,52,60
WBGene00010753.,5,7,12
WBGene00010754.,2,10,12
WBGene00010755.,4,137,141
WBGene00010756.,88,576,664
WBGene00010757.,28,260,288
WBGene00010758.,68,369,437
WBGene00010759.,30,275,305
WBGene00010760.,1,9,10
WBGene00010761.,2,0,2
WBGene00010762.,9,20,29
WBGene00010763.,0,3,3
WBGene00010764.,4,4,8
WBGene00010765.,16,58,74
WBGene00010766.,58,1417,1475
WBGene00010767.,8,351,359
WBGene00010768.,52,77,129
WBGene00010769.,161,2627,2788
WBGene00010770.,215,345,560
WBGene00010771.,36,225,261
WBGene00010772.,425,650,1075
WBGene00010773.,127,1119,1246
WBGene00010774.,12,98,110
WBGene00010775.,13,11,24
WBGene00010776.,117,397,514
WBGene00010777.,0,0,0
WBGene00010778.,212,1944,2156
WBGene00010779.,15,34,49
WBGene00010780.,62,1057,1119
WBGene00010781.,22,204,226
WBGene00010782.,12,70,82
WBGene00010783.,200,1895,2095
WBGene00010784.,100,375,475
WBGene00010785.,124,1565,1689
WBGene00010786.,15,30,45
WBGene00010787.,15,268,283
WBGene00010788.,25,67,92
WBGene00010789.,239,1099,1338
WBGene00010790.,873,78953,79826
WBGene00010791.,16,187,203
WBGene00010792.,31,106,137
WBGene00010793.,270,1249,1519
WBGene00010794.,402,8104,8506
WBGene00010795.,24,346,370
WBGene00010796.,516,2671,3187
WBGene00010797.,1,5,6
WBGene00010798.,0,0,0
WBGene00010799.,8,47,55
WBGene00010800.,5,13,18
WBGene00010801.,2,2,4
WBGene00010802.,5,1,6
WBGene00010803.,37,621,658
WBGene00010804.,4,21,25
WBGene00010805.,24,316,340
WBGene00010806.,268,2709,2977
WBGene00010807.,19,1317,1336
WBGene00010808.,3,7,10
WBGene00010809.,90,7150,7240
WBGene00010810.,272,1728,2000
WBGene00010811.,112,735,847
WBGene00010812.,129,1974,2103
WBGene00010813.,346,718,1064
WBGene00010814.,51,276,327
WBGene00010815.,100,220,320
WBGene00010817.,0,0,0
WBGene00010818.,24,28,52
WBGene00010819.,0,2,2
WBGene00010820.,0,0,0
WBGene00010821.,2,5,7
WBGene00010822.,25,212,237
WBGene00010823.,2,9,11
WBGene00010824.,0,0,0
WBGene00010825.,6,27,33
WBGene00010827.,96,853,949
WBGene00010828.,652,2111,2763
WBGene00010829.,5,3,8
WBGene00010830.,26,7,33
WBGene00010831.,5,12,17
WBGene00010832.,0,9,9
WBGene00010833.,67,379,446
WBGene00010834.,26,1050,1076
WBGene00010835.,7,28,35
WBGene00010836.,17,131,148
WBGene00010837.,117,2487,2604
WBGene00010838.,355,2546,2901
WBGene00010839.,73,293,366
WBGene00010840.,526,1485,2011
WBGene00010842.,335,1646,1981
WBGene00010843.,27,70,97
WBGene00010844.,121,1790,1911
WBGene00010845.,153,1423,1576
WBGene00010846.,64,364,428
WBGene00010847.,66,374,440
WBGene00010848.,10,910,920
WBGene00010849.,242,237,479
WBGene00010850.,87,354,441
WBGene00010851.,6,22,28
WBGene00010854.,0,10,10
WBGene00010855.,60,22,82
WBGene00010856.,779,1906,2685
WBGene00010857.,109,309,418
WBGene00010858.,12,93,105
WBGene00010859.,24,33,57
WBGene00010862.,4,24,28
WBGene00010863.,14,29,43
WBGene00010864.,64,615,679
WBGene00010865.,100,604,704
WBGene00010866.,0,1,1
WBGene00010867.,318,695,1013
WBGene00010868.,173,4109,4282
WBGene00010869.,1,15,16
WBGene00010870.,19,398,417
WBGene00010871.,58,189,247
WBGene00010872.,66,3697,3763
WBGene00010873.,75,676,751
WBGene00010874.,4,8,12
WBGene00010875.,62,979,1041
WBGene00010876.,3,15,18
WBGene00010877.,61,252,313
WBGene00010878.,66,758,824
WBGene00010879.,119,2308,2427
WBGene00010880.,28,39,67
WBGene00010881.,58,283,341
WBGene00010882.,72,1551,1623
WBGene00010883.,2,3,5
WBGene00010884.,66,565,631
WBGene00010885.,0,0,0
WBGene00010886.,0,4,4
WBGene00010887.,87,716,803
WBGene00010888.,461,3053,3514
WBGene00010889.,27,564,591
WBGene00010890.,214,3140,3354
WBGene00010891.,16,1115,1131
WBGene00010892.,8,514,522
WBGene00010893.,3,14,17
WBGene00010894.,12,0,12
WBGene00010895.,4,3,7
WBGene00010896.,67,6069,6136
WBGene00010897.,100,475,575
WBGene00010898.,102,484,586
WBGene00010899.,21,64,85
WBGene00010900.,6,4,10
WBGene00010901.,2,56,58
WBGene00010902.,94,640,734
WBGene00010904.,11,145,156
WBGene00010905.,58,938,996
WBGene00010906.,6,49,55
WBGene00010907.,14,102,116
WBGene00010908.,170,2014,2184
WBGene00010909.,112,796,908
WBGene00010910.,215,480,695
WBGene00010911.,216,1529,1745
WBGene00010912.,147,1609,1756
WBGene00010913.,106,1276,1382
WBGene00010915.,7,5,12
WBGene00010916.,15,31,46
WBGene00010917.,8,19,27
WBGene00010918.,234,849,1083
WBGene00010919.,247,145,392
WBGene00010920.,7,23,30
WBGene00010921.,3,24,27
WBGene00010922.,4,336,340
WBGene00010923.,272,749,1021
WBGene00010924.,17,4,21
WBGene00010925.,9,8,17
WBGene00010926.,0,1,1
WBGene00010927.,5,2,7
WBGene00010928.,0,3,3
WBGene00010929.,4,1,5
WBGene00010930.,4,1,5
WBGene00010931.,10,62,72
WBGene00010932.,1,0,1
WBGene00010933.,5,7,12
WBGene00010934.,13,103,116
WBGene00010935.,0,1749,1749
WBGene00010936.,28,203,231
WBGene00010937.,6,34,40
WBGene00010938.,2,0,2
WBGene00010939.,1,0,1
WBGene00010940.,16,2206,2222
WBGene00010941.,76,535,611
WBGene00010942.,416,4552,4968
WBGene00010943.,27,591,618
WBGene00010944.,58,1092,1150
WBGene00010945.,25,1462,1487
WBGene00010946.,16,7,23
WBGene00010947.,1,288,289
WBGene00010948.,11,10,21
WBGene00010949.,6,9,15
WBGene00010950.,3,5,8
WBGene00010951.,40,214,254
WBGene00010952.,5,1,6
WBGene00010953.,4,1,5
WBGene00010954.,2,0,2
WBGene00010955.,7,29,36
WBGene00010956.,0,5,5
WBGene00010957.,0,885817,885817
WBGene00010958.,0,186361,186361
WBGene00010959.,0,352717,352717
WBGene00010960.,0,1203361,1203361
WBGene00010961.,0,76388,76388
WBGene00010962.,0,1139846,1139846
WBGene00010963.,0,101704,101704
WBGene00010964.,0,457287,457287
WBGene00010965.,0,672097,672097
WBGene00010966.,0,27167,27167
WBGene00010967.,0,121060,121060
WBGene00010968.,5,64,69
WBGene00010969.,0,8,8
WBGene00010970.,107,591,698
WBGene00010971.,31,157,188
WBGene00010972.,18,445,463
WBGene00010973.,17,77,94
WBGene00010974.,116,518,634
WBGene00010975.,117,497,614
WBGene00010976.,32,872,904
WBGene00010977.,42,580,622
WBGene00010978.,3,31,34
WBGene00010979.,143,125,268
WBGene00010980.,4,26,30
WBGene00010981.,74,1034,1108
WBGene00010982.,132,1536,1668
WBGene00010983.,56,65,121
WBGene00010984.,12,468,480
WBGene00010985.,98,430,528
WBGene00010986.,45,238,283
WBGene00010987.,1,9,10
WBGene00010988.,35,454,489
WBGene00010989.,6,123,129
WBGene00010990.,395,1359,1754
WBGene00010991.,11,47,58
WBGene00010992.,4,6,10
WBGene00010993.,79,4267,4346
WBGene00010994.,1146,8403,9549
WBGene00010995.,3,9,12
WBGene00010996.,2,4,6
WBGene00010998.,15,14,29
WBGene00010999.,5,4,9
WBGene00011000.,25,10,35
WBGene00011001.,1,1,2
WBGene00011002.,13,60,73
WBGene00011003.,53,446,499
WBGene00011004.,990,1291,2281
WBGene00011005.,2,2,4
WBGene00011006.,1,11,12
WBGene00011007.,2,0,2
WBGene00011008.,3,2,5
WBGene00011009.,2,25,27
WBGene00011010.,0,19,19
WBGene00011011.,1,0,1
WBGene00011012.,3,4,7
WBGene00011013.,4,11,15
WBGene00011014.,22,111,133
WBGene00011015.,3144,30137,33281
WBGene00011016.,49,1308,1357
WBGene00011017.,6,1097,1103
WBGene00011018.,323,5605,5928
WBGene00011019.,330,3800,4130
WBGene00011020.,60,512,572
WBGene00011021.,467,4182,4649
WBGene00011022.,4,4,8
WBGene00011023.,3,4,7
WBGene00011024.,0,0,0
WBGene00011025.,8,6,14
WBGene00011026.,3130,10901,14031
WBGene00011027.,72,289,361
WBGene00011028.,342,825,1167
WBGene00011029.,196,980,1176
WBGene00011030.,129,356,485
WBGene00011032.,79,1230,1309
WBGene00011033.,17,500,517
WBGene00011034.,41,729,770
WBGene00011035.,123,1134,1257
WBGene00011036.,71,705,776
WBGene00011037.,35,392,427
WBGene00011038.,114,2353,2467
WBGene00011039.,6,112,118
WBGene00011040.,57,530,587
WBGene00011041.,0,5,5
WBGene00011042.,19,736,755
WBGene00011043.,506,1181,1687
WBGene00011044.,137,183,320
WBGene00011045.,268,1075,1343
WBGene00011046.,3,25,28
WBGene00011047.,20,613,633
WBGene00011049.,5,13,18
WBGene00011050.,211,2296,2507
WBGene00011051.,79,2148,2227
WBGene00011052.,22,71,93
WBGene00011053.,12,1,13
WBGene00011054.,85,1168,1253
WBGene00011055.,243,1948,2191
WBGene00011056.,3,1,4
WBGene00011058.,265,580,845
WBGene00011059.,338,3317,3655
WBGene00011060.,308,4737,5045
WBGene00011061.,44,1015,1059
WBGene00011062.,2,373,375
WBGene00011063.,24,337,361
WBGene00011064.,109,1166,1275
WBGene00011065.,8,123,131
WBGene00011066.,50,471,521
WBGene00011067.,75,549,624
WBGene00011068.,50,711,761
WBGene00011069.,32,196,228
WBGene00011070.,436,9992,10428
WBGene00011071.,85,652,737
WBGene00011072.,1323,9750,11073
WBGene00011073.,17,194,211
WBGene00011074.,31,102,133
WBGene00011075.,24,18,42
WBGene00011076.,13,38,51
WBGene00011077.,4,37,41
WBGene00011078.,7,6,13
WBGene00011079.,0,0,0
WBGene00011081.,7,31,38
WBGene00011082.,27,232,259
WBGene00011083.,46,33,79
WBGene00011084.,3,4,7
WBGene00011087.,42,377,419
WBGene00011088.,19,580,599
WBGene00011089.,54,1239,1293
WBGene00011090.,35,186,221
WBGene00011092.,19,120,139
WBGene00011093.,57,242,299
WBGene00011094.,13,72,85
WBGene00011095.,3,143,146
WBGene00011096.,4,4,8
WBGene00011097.,199,1154,1353
WBGene00011098.,5,30,35
WBGene00011099.,27,223,250
WBGene00011100.,44,165,209
WBGene00011101.,40,52,92
WBGene00011102.,89,2515,2604
WBGene00011103.,2,115,117
WBGene00011104.,7,11,18
WBGene00011105.,153,1157,1310
WBGene00011106.,53,822,875
WBGene00011107.,3,9,12
WBGene00011108.,90,256,346
WBGene00011109.,64,1190,1254
WBGene00011110.,347,2120,2467
WBGene00011111.,56,2770,2826
WBGene00011112.,12,447,459
WBGene00011113.,43,128,171
WBGene00011114.,2,16,18
WBGene00011115.,49,1653,1702
WBGene00011116.,134,6470,6604
WBGene00011117.,11,219,230
WBGene00011119.,235,2143,2378
WBGene00011120.,0,9,9
WBGene00011121.,18,209,227
WBGene00011122.,268,1612,1880
WBGene00011123.,162,523,685
WBGene00011124.,101,2867,2968
WBGene00011127.,0,1,1
WBGene00011128.,63,3363,3426
WBGene00011129.,10,47,57
WBGene00011130.,3706,6,3712
WBGene00011131.,171,422,593
WBGene00011132.,0,1,1
WBGene00011133.,6,42,48
WBGene00011134.,0,1,1
WBGene00011135.,0,1,1
WBGene00011136.,6,25,31
WBGene00011137.,8,126,134
WBGene00011139.,63,438,501
WBGene00011140.,102,547,649
WBGene00011141.,77,638,715
WBGene00011142.,77,1124,1201
WBGene00011143.,94,1231,1325
WBGene00011144.,8,1958,1966
WBGene00011145.,67,1055,1122
WBGene00011146.,772,2755,3527
WBGene00011147.,38,177,215
WBGene00011149.,4,3,7
WBGene00011150.,4,2,6
WBGene00011151.,4,0,4
WBGene00011152.,8,5,13
WBGene00011153.,10,4,14
WBGene00011154.,75,1505,1580
WBGene00011155.,583,8009,8592
WBGene00011156.,6917,96064,102981
WBGene00011157.,0,65,65
WBGene00011158.,4,133,137
WBGene00011159.,0,14,14
WBGene00011160.,0,6,6
WBGene00011161.,2,41,43
WBGene00011162.,2,2,4
WBGene00011163.,1,4,5
WBGene00011164.,1,0,1
WBGene00011165.,1,2,3
WBGene00011166.,8,100,108
WBGene00011167.,4,36,40
WBGene00011168.,9,28,37
WBGene00011169.,5,2,7
WBGene00011170.,0,1,1
WBGene00011171.,27,182,209
WBGene00011172.,1,12,13
WBGene00011173.,1,2,3
WBGene00011174.,3,0,3
WBGene00011175.,11,13,24
WBGene00011176.,3,22,25
WBGene00011177.,1,0,1
WBGene00011178.,1,0,1
WBGene00011179.,7,51,58
WBGene00011180.,24,78,102
WBGene00011181.,25,715,740
WBGene00011182.,184,430,614
WBGene00011183.,10,5,15
WBGene00011184.,4,40,44
WBGene00011185.,5,94,99
WBGene00011186.,2,3,5
WBGene00011187.,0,2,2
WBGene00011188.,6,61,67
WBGene00011189.,30,233,263
WBGene00011190.,19,52,71
WBGene00011191.,6,24,30
WBGene00011192.,13,10,23
WBGene00011193.,39,897,936
WBGene00011194.,146,549,695
WBGene00011195.,39,1412,1451
WBGene00011196.,0,0,0
WBGene00011197.,37,298,335
WBGene00011198.,100,3277,3377
WBGene00011200.,3,25,28
WBGene00011201.,18,194,212
WBGene00011202.,3,6,9
WBGene00011203.,3,32,35
WBGene00011205.,216,2527,2743
WBGene00011206.,52,436,488
WBGene00011207.,72,55,127
WBGene00011208.,0,0,0
WBGene00011209.,5,14,19
WBGene00011210.,4,6,10
WBGene00011211.,9,2,11
WBGene00011212.,43,110,153
WBGene00011213.,31,86,117
WBGene00011214.,10,88,98
WBGene00011215.,98,217,315
WBGene00011216.,158,1380,1538
WBGene00011217.,115,539,654
WBGene00011218.,48,466,514
WBGene00011219.,8,19,27
WBGene00011220.,6,74,80
WBGene00011221.,290,1636,1926
WBGene00011222.,47,428,475
WBGene00011223.,28,240,268
WBGene00011224.,38,195,233
WBGene00011225.,38,365,403
WBGene00011226.,343,1965,2308
WBGene00011227.,5,232,237
WBGene00011228.,8,14,22
WBGene00011229.,0,1,1
WBGene00011230.,128,4288,4416
WBGene00011231.,25,1002,1027
WBGene00011232.,2557,46456,49013
WBGene00011234.,0,13,13
WBGene00011235.,42,203,245
WBGene00011236.,36,684,720
WBGene00011237.,90,2413,2503
WBGene00011238.,8,60,68
WBGene00011239.,61,900,961
WBGene00011240.,448,4508,4956
WBGene00011241.,10,64,74
WBGene00011242.,80,1178,1258
WBGene00011243.,6,41,47
WBGene00011244.,28,1709,1737
WBGene00011245.,1,0,1
WBGene00011246.,12,25,37
WBGene00011247.,193,2318,2511
WBGene00011248.,68,922,990
WBGene00011249.,7,8,15
WBGene00011250.,62,1748,1810
WBGene00011251.,112,343,455
WBGene00011252.,18,151,169
WBGene00011253.,27,936,963
WBGene00011254.,105,3809,3914
WBGene00011255.,8,73,81
WBGene00011257.,9,24,33
WBGene00011258.,17,81,98
WBGene00011259.,444,2648,3092
WBGene00011260.,17,43,60
WBGene00011261.,488,471,959
WBGene00011262.,26,149,175
WBGene00011263.,15,1359,1374
WBGene00011264.,9,5,14
WBGene00011265.,6,256,262
WBGene00011266.,5,556,561
WBGene00011267.,1,56,57
WBGene00011268.,160,729,889
WBGene00011269.,40,41,81
WBGene00011270.,342,5323,5665
WBGene00011271.,63,540,603
WBGene00011272.,27,327,354
WBGene00011273.,2092,58632,60724
WBGene00011274.,145,1054,1199
WBGene00011275.,32,454,486
WBGene00011276.,128,1415,1543
WBGene00011277.,4,10,14
WBGene00011278.,0,59,59
WBGene00011279.,290,3185,3475
WBGene00011280.,57,624,681
WBGene00011281.,87,934,1021
WBGene00011282.,342,2452,2794
WBGene00011283.,540,3613,4153
WBGene00011284.,24,1638,1662
WBGene00011285.,58,466,524
WBGene00011286.,125,1092,1217
WBGene00011287.,79,564,643
WBGene00011288.,3,446,449
WBGene00011289.,18,9010,9028
WBGene00011290.,4,27,31
WBGene00011291.,50,299,349
WBGene00011292.,967,10779,11746
WBGene00011293.,56,81,137
WBGene00011294.,7,7,14
WBGene00011295.,0,0,0
WBGene00011296.,4,33,37
WBGene00011297.,3,14,17
WBGene00011298.,122,661,783
WBGene00011299.,240,2282,2522
WBGene00011300.,112,4883,4995
WBGene00011302.,400,1422,1822
WBGene00011303.,384,2062,2446
WBGene00011304.,5643,22411,28054
WBGene00011305.,20,442,462
WBGene00011306.,37,556,593
WBGene00011307.,89,19,108
WBGene00011308.,200,2797,2997
WBGene00011309.,257,964,1221
WBGene00011310.,34,252,286
WBGene00011311.,481,6859,7340
WBGene00011312.,4,739,743
WBGene00011313.,1,16,17
WBGene00011314.,33,285,318
WBGene00011315.,9,180,189
WBGene00011317.,38,494,532
WBGene00011318.,22,688,710
WBGene00011319.,85,916,1001
WBGene00011320.,5,156,161
WBGene00011321.,4,101,105
WBGene00011322.,3,8,11
WBGene00011323.,124,1569,1693
WBGene00011324.,5,583,588
WBGene00011325.,14,91,105
WBGene00011326.,143,1215,1358
WBGene00011327.,0,11,11
WBGene00011328.,501,6608,7109
WBGene00011329.,75,1557,1632
WBGene00011330.,35,440,475
WBGene00011331.,68,2133,2201
WBGene00011333.,209,2999,3208
WBGene00011334.,155,1699,1854
WBGene00011335.,21,46,67
WBGene00011336.,2,3,5
WBGene00011337.,154,5106,5260
WBGene00011338.,141,706,847
WBGene00011339.,22,70,92
WBGene00011340.,14,29,43
WBGene00011341.,0,9,9
WBGene00011342.,3,8,11
WBGene00011344.,587,2974,3561
WBGene00011345.,6,277,283
WBGene00011346.,0,0,0
WBGene00011348.,130,633,763
WBGene00011349.,103,1047,1150
WBGene00011350.,0,117,117
WBGene00011351.,10,62,72
WBGene00011352.,295,3360,3655
WBGene00011353.,42,193,235
WBGene00011354.,9,32,41
WBGene00011355.,1,12,13
WBGene00011356.,9,3,12
WBGene00011357.,1,6,7
WBGene00011358.,5,12,17
WBGene00011359.,23,6,29
WBGene00011360.,2,1,3
WBGene00011361.,27,107,134
WBGene00011362.,6,5,11
WBGene00011363.,2,346,348
WBGene00011364.,24,217,241
WBGene00011365.,5,3,8
WBGene00011366.,8,77,85
WBGene00011367.,90,1263,1353
WBGene00011368.,80,679,759
WBGene00011369.,6,13,19
WBGene00011371.,28,178,206
WBGene00011372.,306,244,550
WBGene00011373.,0,1,1
WBGene00011374.,665,5307,5972
WBGene00011375.,168,952,1120
WBGene00011376.,37,423,460
WBGene00011378.,8,10,18
WBGene00011379.,3,1,4
WBGene00011380.,33,218,251
WBGene00011381.,23,220,243
WBGene00011382.,52,539,591
WBGene00011383.,145,2689,2834
WBGene00011386.,3,12,15
WBGene00011387.,5,0,5
WBGene00011388.,3,8,11
WBGene00011389.,0,0,0
WBGene00011390.,0,1,1
WBGene00011391.,191,1087,1278
WBGene00011392.,343,28254,28597
WBGene00011393.,36,370,406
WBGene00011394.,14,206,220
WBGene00011395.,4,0,4
WBGene00011396.,2,9,11
WBGene00011397.,13,75,88
WBGene00011398.,351,3656,4007
WBGene00011399.,2,549,551
WBGene00011400.,158,802,960
WBGene00011401.,4,24,28
WBGene00011402.,12,14,26
WBGene00011403.,3,7,10
WBGene00011404.,253,1438,1691
WBGene00011405.,0,31,31
WBGene00011407.,85,689,774
WBGene00011408.,71,1167,1238
WBGene00011409.,32,1719,1751
WBGene00011410.,12,1477,1489
WBGene00011411.,1,594,595
WBGene00011412.,76,1150,1226
WBGene00011414.,2,11,13
WBGene00011415.,55,703,758
WBGene00011416.,0,216,216
WBGene00011417.,0,0,0
WBGene00011418.,0,0,0
WBGene00011419.,0,0,0
WBGene00011420.,0,0,0
WBGene00011421.,9,52,61
WBGene00011422.,35,107,142
WBGene00011423.,347,2026,2373
WBGene00011424.,60,572,632
WBGene00011425.,11,20,31
WBGene00011426.,25,58,83
WBGene00011427.,21,48,69
WBGene00011428.,738,11535,12273
WBGene00011429.,12,90,102
WBGene00011430.,24,190,214
WBGene00011431.,9,43,52
WBGene00011432.,0,6,6
WBGene00011433.,289,1255,1544
WBGene00011434.,20,335,355
WBGene00011435.,3,17,20
WBGene00011436.,87,1405,1492
WBGene00011437.,16,218,234
WBGene00011438.,2,4,6
WBGene00011439.,42,392,434
WBGene00011440.,81,1935,2016
WBGene00011441.,85,543,628
WBGene00011442.,47,476,523
WBGene00011443.,13,87,100
WBGene00011444.,73,435,508
WBGene00011445.,28,213,241
WBGene00011446.,8,517,525
WBGene00011447.,53,84,137
WBGene00011448.,20,139,159
WBGene00011449.,111,2497,2608
WBGene00011450.,13,225,238
WBGene00011451.,42,397,439
WBGene00011452.,90,822,912
WBGene00011453.,9,105,114
WBGene00011454.,40,132,172
WBGene00011456.,80,86,166
WBGene00011458.,8,8,16
WBGene00011459.,5,4,9
WBGene00011460.,72,125,197
WBGene00011462.,23,55,78
WBGene00011463.,69,539,608
WBGene00011464.,65,860,925
WBGene00011465.,15,148,163
WBGene00011466.,4,34,38
WBGene00011467.,0,2,2
WBGene00011468.,11,11,22
WBGene00011469.,1,1,2
WBGene00011470.,0,0,0
WBGene00011471.,43,268,311
WBGene00011472.,0,1,1
WBGene00011473.,12,332,344
WBGene00011474.,54,23516,23570
WBGene00011475.,2,17,19
WBGene00011476.,8,95,103
WBGene00011478.,3,8,11
WBGene00011479.,84,1184,1268
WBGene00011480.,245,3805,4050
WBGene00011481.,11,2683,2694
WBGene00011482.,16,114,130
WBGene00011483.,5,6,11
WBGene00011484.,7,298,305
WBGene00011485.,0,1,1
WBGene00011486.,2,1,3
WBGene00011487.,9,1,10
WBGene00011488.,112,999,1111
WBGene00011489.,117,944,1061
WBGene00011490.,63,896,959
WBGene00011491.,5,0,5
WBGene00011492.,26,35,61
WBGene00011493.,3,52,55
WBGene00011494.,0,2,2
WBGene00011495.,34,486,520
WBGene00011497.,87,511,598
WBGene00011498.,271,1393,1664
WBGene00011499.,5,6,11
WBGene00011500.,69,994,1063
WBGene00011501.,5,293,298
WBGene00011502.,25,397,422
WBGene00011503.,309,1137,1446
WBGene00011505.,1,12,13
WBGene00011506.,0,1,1
WBGene00011507.,63,2196,2259
WBGene00011508.,5,9,14
WBGene00011509.,0,37,37
WBGene00011510.,200,3711,3911
WBGene00011511.,490,2605,3095
WBGene00011512.,21,102,123
WBGene00011513.,4,467,471
WBGene00011514.,35,419,454
WBGene00011515.,5,2,7
WBGene00011516.,0,2,2
WBGene00011517.,31,182,213
WBGene00011518.,8,9,17
WBGene00011519.,1,11,12
WBGene00011520.,60,302,362
WBGene00011521.,3,3236,3239
WBGene00011522.,515,7393,7908
WBGene00011523.,28,63,91
WBGene00011524.,20,29,49
WBGene00011526.,108,1486,1594
WBGene00011527.,19,1495,1514
WBGene00011528.,91,1332,1423
WBGene00011529.,43,1573,1616
WBGene00011530.,16,13,29
WBGene00011531.,248,4672,4920
WBGene00011532.,261,1958,2219
WBGene00011533.,1,0,1
WBGene00011534.,11,60,71
WBGene00011535.,1,2,3
WBGene00011536.,0,2,2
WBGene00011537.,0,5,5
WBGene00011538.,73,2942,3015
WBGene00011539.,0,15,15
WBGene00011540.,129,648,777
WBGene00011541.,2,13,15
WBGene00011542.,5,1,6
WBGene00011543.,120,987,1107
WBGene00011544.,7,0,7
WBGene00011545.,25,267,292
WBGene00011546.,31,249,280
WBGene00011547.,1,15,16
WBGene00011548.,0,1,1
WBGene00011549.,0,2,2
WBGene00011550.,2,4,6
WBGene00011551.,19,132,151
WBGene00011554.,2,1,3
WBGene00011556.,8,14,22
WBGene00011557.,1,5,6
WBGene00011558.,0,1212,1212
WBGene00011559.,51,503,554
WBGene00011560.,18,883,901
WBGene00011561.,337,16721,17058
WBGene00011562.,127,925,1052
WBGene00011563.,15,24,39
WBGene00011564.,567,2593,3160
WBGene00011565.,7,11,18
WBGene00011566.,5,13,18
WBGene00011567.,0,1,1
WBGene00011568.,3,23,26
WBGene00011570.,2,3,5
WBGene00011571.,344,6590,6934
WBGene00011572.,16,100,116
WBGene00011573.,29,1313,1342
WBGene00011574.,1,21,22
WBGene00011575.,15,179,194
WBGene00011576.,442,1047,1489
WBGene00011577.,0,5,5
WBGene00011578.,24,85,109
WBGene00011579.,705,5386,6091
WBGene00011580.,92,1343,1435
WBGene00011581.,15,63,78
WBGene00011582.,39,33,72
WBGene00011583.,23,258,281
WBGene00011584.,0,0,0
WBGene00011585.,0,0,0
WBGene00011586.,66,1763,1829
WBGene00011587.,17,134,151
WBGene00011589.,34,714,748
WBGene00011590.,205,206,411
WBGene00011591.,31,228,259
WBGene00011592.,47,43,90
WBGene00011593.,5,51,56
WBGene00011594.,1,4,5
WBGene00011595.,1,2,3
WBGene00011596.,13,192,205
WBGene00011597.,142,446,588
WBGene00011599.,0,726,726
WBGene00011600.,43,498,541
WBGene00011601.,72,407,479
WBGene00011604.,275,994,1269
WBGene00011605.,139,2491,2630
WBGene00011606.,13,22,35
WBGene00011607.,54,63,117
WBGene00011608.,3,34,37
WBGene00011609.,0,3,3
WBGene00011610.,1,92,93
WBGene00011611.,6,42,48
WBGene00011612.,25,22,47
WBGene00011613.,40,186,226
WBGene00011614.,4,153,157
WBGene00011615.,7,184,191
WBGene00011616.,5,17,22
WBGene00011617.,2,0,2
WBGene00011618.,1,0,1
WBGene00011619.,13,1,14
WBGene00011620.,3,6,9
WBGene00011621.,4,2,6
WBGene00011622.,5,9,14
WBGene00011623.,2,31,33
WBGene00011624.,27,142,169
WBGene00011625.,40,861,901
WBGene00011626.,0,0,0
WBGene00011627.,0,0,0
WBGene00011628.,0,0,0
WBGene00011629.,539,11570,12109
WBGene00011630.,35,63,98
WBGene00011631.,545,3692,4237
WBGene00011633.,38,173,211
WBGene00011634.,139,1236,1375
WBGene00011635.,41,794,835
WBGene00011636.,389,3027,3416
WBGene00011637.,74,692,766
WBGene00011638.,22,1893,1915
WBGene00011639.,758,4348,5106
WBGene00011640.,9,149,158
WBGene00011641.,0,805,805
WBGene00011642.,1,24,25
WBGene00011643.,18,126,144
WBGene00011644.,53,728,781
WBGene00011645.,32,379,411
WBGene00011646.,4,13,17
WBGene00011647.,1249,5660,6909
WBGene00011648.,83,640,723
WBGene00011649.,10,8,18
WBGene00011650.,0,0,0
WBGene00011651.,9,4,13
WBGene00011652.,0,1,1
WBGene00011653.,4,3,7
WBGene00011654.,1,3,4
WBGene00011655.,3,6,9
WBGene00011656.,4,6,10
WBGene00011657.,1,10,11
WBGene00011658.,0,0,0
WBGene00011659.,0,2,2
WBGene00011660.,33,66,99
WBGene00011661.,93,956,1049
WBGene00011662.,212,2852,3064
WBGene00011663.,195,523,718
WBGene00011664.,21,334,355
WBGene00011665.,2,3,5
WBGene00011666.,3,11,14
WBGene00011668.,0,10,10
WBGene00011669.,6,4,10
WBGene00011670.,4,17,21
WBGene00011671.,6,17,23
WBGene00011672.,120,1022,1142
WBGene00011673.,1,78,79
WBGene00011674.,2,22,24
WBGene00011675.,16,61,77
WBGene00011676.,24,134,158
WBGene00011677.,19,78,97
WBGene00011678.,25,480,505
WBGene00011679.,65,1631,1696
WBGene00011680.,26,511,537
WBGene00011681.,264,1957,2221
WBGene00011682.,38,190,228
WBGene00011683.,497,3571,4068
WBGene00011684.,33,149,182
WBGene00011685.,0,8,8
WBGene00011686.,0,0,0
WBGene00011687.,27,3242,3269
WBGene00011688.,31,832,863
WBGene00011689.,23,40,63
WBGene00011690.,2,0,2
WBGene00011691.,7,8,15
WBGene00011692.,1855,11552,13407
WBGene00011693.,8,28,36
WBGene00011694.,62,174,236
WBGene00011695.,26,57,83
WBGene00011696.,434,3103,3537
WBGene00011697.,5,13,18
WBGene00011698.,11,24,35
WBGene00011699.,3,60,63
WBGene00011701.,3,1,4
WBGene00011702.,50,53,103
WBGene00011703.,6,2,8
WBGene00011704.,0,1,1
WBGene00011705.,32,294,326
WBGene00011706.,9,146,155
WBGene00011707.,9,106,115
WBGene00011708.,473,4040,4513
WBGene00011709.,26,92,118
WBGene00011710.,0,1,1
WBGene00011712.,1,41,42
WBGene00011713.,8,107,115
WBGene00011714.,0,1,1
WBGene00011715.,0,0,0
WBGene00011716.,1,2,3
WBGene00011717.,41,527,568
WBGene00011718.,30,109,139
WBGene00011719.,32,221,253
WBGene00011720.,447,2256,2703
WBGene00011721.,3,6,9
WBGene00011722.,127,1491,1618
WBGene00011723.,229,1840,2069
WBGene00011724.,7,2,9
WBGene00011725.,45,78,123
WBGene00011726.,434,4625,5059
WBGene00011727.,91,1093,1184
WBGene00011728.,17,76,93
WBGene00011729.,199,2029,2228
WBGene00011730.,39,4254,4293
WBGene00011731.,20,372,392
WBGene00011732.,932,3126,4058
WBGene00011733.,146,9075,9221
WBGene00011734.,158,3743,3901
WBGene00011735.,498,3880,4378
WBGene00011736.,235,6073,6308
WBGene00011737.,398,9996,10394
WBGene00011738.,123,739,862
WBGene00011739.,19,782,801
WBGene00011740.,178,1704,1882
WBGene00011741.,8,68,76
WBGene00011742.,55,870,925
WBGene00011743.,322,3743,4065
WBGene00011744.,10,47,57
WBGene00011745.,59,174,233
WBGene00011746.,49,1074,1123
WBGene00011747.,92,1303,1395
WBGene00011748.,2,6,8
WBGene00011749.,0,1,1
WBGene00011750.,1,4,5
WBGene00011751.,0,16,16
WBGene00011752.,27,154,181
WBGene00011753.,0,2,2
WBGene00011754.,18,116,134
WBGene00011755.,958,3314,4272
WBGene00011756.,11,204,215
WBGene00011757.,5,9,14
WBGene00011758.,81,1893,1974
WBGene00011759.,10,2230,2240
WBGene00011760.,32,338,370
WBGene00011761.,20,594,614
WBGene00011762.,21,137,158
WBGene00011763.,199,6477,6676
WBGene00011765.,100,409,509
WBGene00011767.,463,1649,2112
WBGene00011768.,25,450,475
WBGene00011770.,1,3,4
WBGene00011771.,173,956,1129
WBGene00011772.,16,154,170
WBGene00011773.,10,434,444
WBGene00011774.,341,2744,3085
WBGene00011775.,107,1110,1217
WBGene00011776.,16,643,659
WBGene00011777.,1,110,111
WBGene00011778.,2,0,2
WBGene00011779.,3,0,3
WBGene00011780.,5,1,6
WBGene00011781.,3,0,3
WBGene00011782.,4,2,6
WBGene00011783.,0,1,1
WBGene00011784.,3,4,7
WBGene00011785.,8,8,16
WBGene00011786.,2,2,4
WBGene00011788.,34,486,520
WBGene00011789.,6,12,18
WBGene00011790.,2,10,12
WBGene00011791.,0,5,5
WBGene00011793.,24,118,142
WBGene00011794.,172,777,949
WBGene00011795.,4,42,46
WBGene00011796.,15,17,32
WBGene00011797.,5,17,22
WBGene00011798.,31,236,267
WBGene00011799.,7,99,106
WBGene00011800.,46,225,271
WBGene00011801.,129,1205,1334
WBGene00011802.,26,531,557
WBGene00011803.,8,8,16
WBGene00011804.,37,60,97
WBGene00011805.,0,86,86
WBGene00011806.,60,1000,1060
WBGene00011807.,161,763,924
WBGene00011808.,0,0,0
WBGene00011809.,0,2,2
WBGene00011810.,5,6,11
WBGene00011811.,16,232,248
WBGene00011812.,7,61,68
WBGene00011813.,70,783,853
WBGene00011814.,36,262,298
WBGene00011815.,292,3714,4006
WBGene00011816.,5,4,9
WBGene00011817.,193,1069,1262
WBGene00011818.,32,3,35
WBGene00011819.,23,549,572
WBGene00011820.,19,417,436
WBGene00011821.,16,150,166
WBGene00011822.,12,114,126
WBGene00011823.,5,1305,1310
WBGene00011824.,367,915,1282
WBGene00011826.,70,134,204
WBGene00011827.,969,1506,2475
WBGene00011828.,6,475,481
WBGene00011829.,41,80,121
WBGene00011830.,63,803,866
WBGene00011831.,1,52,53
WBGene00011832.,78,1123,1201
WBGene00011833.,6,50,56
WBGene00011834.,17,633,650
WBGene00011835.,26,832,858
WBGene00011836.,5,19,24
WBGene00011837.,4,25,29
WBGene00011838.,2,58,60
WBGene00011839.,29,1865,1894
WBGene00011840.,0,3,3
WBGene00011841.,0,1,1
WBGene00011842.,0,0,0
WBGene00011844.,6,28,34
WBGene00011846.,4,26,30
WBGene00011847.,1,8,9
WBGene00011848.,1,4,5
WBGene00011849.,25,2966,2991
WBGene00011850.,62,173,235
WBGene00011851.,0,2,2
WBGene00011852.,10,10,20
WBGene00011853.,3,7,10
WBGene00011854.,679,933,1612
WBGene00011855.,1,12,13
WBGene00011856.,158,1788,1946
WBGene00011857.,183,3015,3198
WBGene00011858.,65,1917,1982
WBGene00011859.,123,2836,2959
WBGene00011860.,8,387,395
WBGene00011864.,166,2866,3032
WBGene00011867.,69,3188,3257
WBGene00011868.,66,321,387
WBGene00011869.,145,126594,126739
WBGene00011870.,30,4258,4288
WBGene00011871.,62,742,804
WBGene00011872.,47,394,441
WBGene00011873.,193,257,450
WBGene00011874.,1,25,26
WBGene00011875.,27,106,133
WBGene00011876.,2,20,22
WBGene00011877.,2,7,9
WBGene00011878.,55,111,166
WBGene00011879.,94,625,719
WBGene00011880.,195,3152,3347
WBGene00011882.,21,2,23
WBGene00011883.,134,1370,1504
WBGene00011884.,137,21341,21478
WBGene00011885.,463,1600,2063
WBGene00011886.,14,295,309
WBGene00011887.,565,838,1403
WBGene00011888.,184,419,603
WBGene00011890.,23,557,580
WBGene00011891.,50,1372,1422
WBGene00011892.,148,2308,2456
WBGene00011893.,14,135,149
WBGene00011894.,153,1986,2139
WBGene00011895.,8,13,21
WBGene00011896.,4,287,291
WBGene00011897.,163,2346,2509
WBGene00011898.,1,215,216
WBGene00011899.,36,568,604
WBGene00011900.,35,12,47
WBGene00011902.,0,15,15
WBGene00011903.,1,5,6
WBGene00011904.,323,969,1292
WBGene00011906.,2,37,39
WBGene00011908.,83,361,444
WBGene00011909.,11,6,17
WBGene00011910.,1,13,14
WBGene00011911.,0,6,6
WBGene00011912.,169,2258,2427
WBGene00011913.,307,1872,2179
WBGene00011914.,26,569,595
WBGene00011915.,40,411,451
WBGene00011916.,83,450,533
WBGene00011917.,213,4196,4409
WBGene00011918.,4,6,10
WBGene00011919.,10,9,19
WBGene00011920.,56,501,557
WBGene00011921.,2,6,8
WBGene00011922.,3,13,16
WBGene00011923.,22,72,94
WBGene00011924.,58,583,641
WBGene00011925.,46,670,716
WBGene00011926.,28,111,139
WBGene00011927.,14,307,321
WBGene00011928.,15,47,62
WBGene00011929.,0,2,2
WBGene00011930.,68,234,302
WBGene00011931.,18,1115,1133
WBGene00011932.,50,523,573
WBGene00011933.,1,2,3
WBGene00011934.,0,0,0
WBGene00011935.,9,1030,1039
WBGene00011936.,48,732,780
WBGene00011937.,0,3,3
WBGene00011938.,8,22,30
WBGene00011939.,141,718,859
WBGene00011940.,338,451,789
WBGene00011941.,114,496,610
WBGene00011942.,0,0,0
WBGene00011943.,0,2,2
WBGene00011944.,950,8655,9605
WBGene00011945.,101,308,409
WBGene00011947.,0,1,1
WBGene00011948.,0,15,15
WBGene00011949.,4,7,11
WBGene00011950.,2,2,4
WBGene00011951.,5,31,36
WBGene00011952.,40,100,140
WBGene00011953.,638,5144,5782
WBGene00011954.,2,1,3
WBGene00011955.,75,885,960
WBGene00011956.,21,509,530
WBGene00011957.,91,751,842
WBGene00011958.,11,118,129
WBGene00011959.,4,554,558
WBGene00011960.,23,137,160
WBGene00011961.,7,6,13
WBGene00011962.,120,1185,1305
WBGene00011963.,116,613,729
WBGene00011964.,72,673,745
WBGene00011965.,94,806,900
WBGene00011966.,1716,23654,25370
WBGene00011967.,219,3511,3730
WBGene00011968.,0,39,39
WBGene00011969.,4,1016,1020
WBGene00011970.,258,813,1071
WBGene00011971.,214,2653,2867
WBGene00011972.,87,971,1058
WBGene00011973.,5,8,13
WBGene00011974.,31,375,406
WBGene00011975.,183,1542,1725
WBGene00011976.,270,1033,1303
WBGene00011977.,315,15049,15364
WBGene00011978.,552,3777,4329
WBGene00011979.,2,5,7
WBGene00011980.,276,2270,2546
WBGene00011981.,1,19,20
WBGene00011982.,3,3,6
WBGene00011983.,4,11,15
WBGene00011984.,35,333,368
WBGene00011985.,65,949,1014
WBGene00011986.,3,121,124
WBGene00011988.,60,382,442
WBGene00011989.,1,0,1
WBGene00011990.,9,191,200
WBGene00011991.,15,1,16
WBGene00011992.,0,1,1
WBGene00011993.,1,1,2
WBGene00011994.,17,637,654
WBGene00011995.,351,1749,2100
WBGene00011996.,17,225,242
WBGene00011997.,11,444,455
WBGene00011999.,4,13,17
WBGene00012000.,31,918,949
WBGene00012002.,53,668,721
WBGene00012003.,52,7,59
WBGene00012004.,124,1594,1718
WBGene00012005.,2309,902,3211
WBGene00012007.,37,1303,1340
WBGene00012008.,0,3,3
WBGene00012009.,39,122,161
WBGene00012010.,0,4,4
WBGene00012011.,1,0,1
WBGene00012012.,3,7,10
WBGene00012013.,27,176,203
WBGene00012014.,117,1410,1527
WBGene00012015.,258,2096,2354
WBGene00012016.,80,338,418
WBGene00012017.,33,19,52
WBGene00012018.,139,727,866
WBGene00012019.,2681,1290,3971
WBGene00012020.,1,74,75
WBGene00012021.,4,19,23
WBGene00012022.,11,3,14
WBGene00012023.,8,15,23
WBGene00012024.,0,0,0
WBGene00012025.,1,8,9
WBGene00012026.,2,9,11
WBGene00012027.,1,2,3
WBGene00012028.,3,14,17
WBGene00012029.,120,1091,1211
WBGene00012030.,414,11005,11419
WBGene00012031.,84,2638,2722
WBGene00012032.,4,28,32
WBGene00012033.,312,844,1156
WBGene00012034.,84,910,994
WBGene00012035.,12,341,353
WBGene00012036.,1,4,5
WBGene00012037.,901,6033,6934
WBGene00012038.,0,1,1
WBGene00012039.,0,1,1
WBGene00012040.,6,9,15
WBGene00012041.,5,1,6
WBGene00012042.,18,223,241
WBGene00012043.,0,16,16
WBGene00012044.,0,7,7
WBGene00012045.,9,2,11
WBGene00012046.,2,2,4
WBGene00012047.,7,0,7
WBGene00012048.,3,2,5
WBGene00012049.,0,3,3
WBGene00012050.,3,0,3
WBGene00012051.,17,7,24
WBGene00012052.,1,2,3
WBGene00012053.,0,0,0
WBGene00012054.,6,0,6
WBGene00012055.,2,2,4
WBGene00012056.,1,12,13
WBGene00012057.,0,0,0
WBGene00012058.,4,6,10
WBGene00012059.,194,2768,2962
WBGene00012060.,0,0,0
WBGene00012061.,0,3,3
WBGene00012062.,33,277,310
WBGene00012063.,0,0,0
WBGene00012064.,0,2,2
WBGene00012065.,0,0,0
WBGene00012066.,6,0,6
WBGene00012067.,0,4,4
WBGene00012068.,12,35,47
WBGene00012069.,5,45,50
WBGene00012070.,30,80,110
WBGene00012072.,3,6,9
WBGene00012073.,45,367,412
WBGene00012074.,5,11,16
WBGene00012075.,0,1,1
WBGene00012077.,19,4,23
WBGene00012078.,1,2,3
WBGene00012079.,0,0,0
WBGene00012080.,0,1,1
WBGene00012081.,2,2,4
WBGene00012083.,2,0,2
WBGene00012084.,232,324,556
WBGene00012085.,194,4004,4198
WBGene00012086.,17,12,29
WBGene00012087.,1,6,7
WBGene00012088.,0,2,2
WBGene00012089.,4,8,12
WBGene00012090.,0,0,0
WBGene00012091.,9,1,10
WBGene00012093.,8,2,10
WBGene00012094.,0,5479,5479
WBGene00012095.,118,825,943
WBGene00012096.,0,2,2
WBGene00012097.,502,30505,31007
WBGene00012098.,0,0,0
WBGene00012099.,110,158,268
WBGene00012100.,409,3129,3538
WBGene00012101.,1,1145,1146
WBGene00012102.,5,29,34
WBGene00012103.,3,60,63
WBGene00012104.,326,2141,2467
WBGene00012105.,65,306,371
WBGene00012106.,52,525,577
WBGene00012107.,17,117,134
WBGene00012108.,5,5,10
WBGene00012109.,27,214,241
WBGene00012110.,32,180,212
WBGene00012111.,16,174,190
WBGene00012112.,72,558,630
WBGene00012113.,60,22937,22997
WBGene00012114.,23,91,114
WBGene00012115.,13,44,57
WBGene00012116.,37,86,123
WBGene00012117.,997,8501,9498
WBGene00012118.,79,656,735
WBGene00012119.,0,67,67
WBGene00012120.,3,19,22
WBGene00012121.,383,3578,3961
WBGene00012122.,19,839,858
WBGene00012123.,5,27,32
WBGene00012124.,19,351,370
WBGene00012125.,145,867,1012
WBGene00012126.,588,925,1513
WBGene00012127.,11,364,375
WBGene00012128.,311,3992,4303
WBGene00012130.,43,401,444
WBGene00012131.,18,246,264
WBGene00012132.,67,489,556
WBGene00012133.,1,1,2
WBGene00012134.,42,331,373
WBGene00012135.,100,395,495
WBGene00012136.,1254,3040,4294
WBGene00012137.,57,123,180
WBGene00012138.,15,56,71
WBGene00012139.,943,1114,2057
WBGene00012140.,947,52374,53321
WBGene00012142.,85,485,570
WBGene00012143.,61,563,624
WBGene00012144.,93,1676,1769
WBGene00012145.,36,553,589
WBGene00012146.,0,0,0
WBGene00012147.,10,34,44
WBGene00012148.,1028,166271,167299
WBGene00012149.,245,880,1125
WBGene00012150.,68,345,413
WBGene00012151.,6,77,83
WBGene00012152.,141,1605,1746
WBGene00012155.,18,168,186
WBGene00012156.,1,728,729
WBGene00012157.,169,815,984
WBGene00012158.,1435,11803,13238
WBGene00012159.,2,7,9
WBGene00012162.,4,69,73
WBGene00012163.,4,24,28
WBGene00012164.,125,177,302
WBGene00012165.,110,232,342
WBGene00012166.,21,4915,4936
WBGene00012167.,23,762,785
WBGene00012168.,133,255,388
WBGene00012169.,0,0,0
WBGene00012170.,5,4,9
WBGene00012171.,0,0,0
WBGene00012172.,10,29,39
WBGene00012173.,3,1,4
WBGene00012174.,0,3,3
WBGene00012175.,5,10,15
WBGene00012176.,14,10,24
WBGene00012177.,1,5,6
WBGene00012178.,86,318,404
WBGene00012179.,2113,127943,130056
WBGene00012180.,92,32,124
WBGene00012181.,7,3,10
WBGene00012182.,17,1263,1280
WBGene00012183.,0,64,64
WBGene00012184.,28,162,190
WBGene00012185.,83,1035,1118
WBGene00012186.,3,26,29
WBGene00012187.,74,1250,1324
WBGene00012188.,148,811,959
WBGene00012189.,5,76,81
WBGene00012190.,27,64,91
WBGene00012191.,44,83,127
WBGene00012192.,130,433,563
WBGene00012193.,952,5710,6662
WBGene00012194.,76,1552,1628
WBGene00012195.,53,64,117
WBGene00012196.,9,104,113
WBGene00012197.,109,1687,1796
WBGene00012198.,14,256,270
WBGene00012199.,6,4,10
WBGene00012200.,3,2,5
WBGene00012201.,31,127,158
WBGene00012202.,10,9,19
WBGene00012203.,131,2174,2305
WBGene00012204.,47,2553,2600
WBGene00012205.,47,1048,1095
WBGene00012206.,32,873,905
WBGene00012207.,4,0,4
WBGene00012208.,66,547,613
WBGene00012209.,9,374,383
WBGene00012210.,4,497,501
WBGene00012211.,2,3,5
WBGene00012212.,0,4,4
WBGene00012213.,0,2,2
WBGene00012214.,1,0,1
WBGene00012215.,4,3,7
WBGene00012216.,69,4484,4553
WBGene00012217.,18,50,68
WBGene00012218.,2,2,4
WBGene00012219.,10,31,41
WBGene00012220.,58,338,396
WBGene00012221.,299,5077,5376
WBGene00012222.,73,220,293
WBGene00012223.,1,0,1
WBGene00012224.,8,7,15
WBGene00012225.,86,207,293
WBGene00012226.,203,1487,1690
WBGene00012227.,5,44,49
WBGene00012228.,22,92,114
WBGene00012230.,426,1071,1497
WBGene00012231.,5,2,7
WBGene00012232.,2,0,2
WBGene00012233.,19,14,33
WBGene00012234.,311,1268,1579
WBGene00012235.,129,624,753
WBGene00012236.,79,357,436
WBGene00012237.,5,156,161
WBGene00012238.,27,9,36
WBGene00012239.,283,7027,7310
WBGene00012240.,3,6,9
WBGene00012241.,132,273,405
WBGene00012242.,2,17,19
WBGene00012243.,55,1055,1110
WBGene00012244.,50,7393,7443
WBGene00012245.,677,5299,5976
WBGene00012246.,1,3,4
WBGene00012247.,0,2,2
WBGene00012248.,0,0,0
WBGene00012249.,4,1,5
WBGene00012250.,3,1,4
WBGene00012251.,6,26,32
WBGene00012252.,496,2580,3076
WBGene00012253.,34,1124,1158
WBGene00012254.,24,47,71
WBGene00012255.,2,8,10
WBGene00012256.,0,6,6
WBGene00012257.,1,12,13
WBGene00012258.,35,1040,1075
WBGene00012259.,126,667,793
WBGene00012260.,0,1,1
WBGene00012261.,4,25,29
WBGene00012264.,4,19,23
WBGene00012265.,14,74,88
WBGene00012266.,19,23,42
WBGene00012267.,1,5,6
WBGene00012268.,7,89,96
WBGene00012269.,11,5,16
WBGene00012270.,14,18,32
WBGene00012271.,13,30,43
WBGene00012272.,116,81,197
WBGene00012274.,815,3260,4075
WBGene00012275.,73,144,217
WBGene00012276.,150,2364,2514
WBGene00012277.,107,937,1044
WBGene00012278.,0,1,1
WBGene00012279.,5,417,422
WBGene00012280.,9,68,77
WBGene00012281.,86,344,430
WBGene00012282.,41,417,458
WBGene00012283.,3,2,5
WBGene00012284.,0,2,2
WBGene00012285.,5,9,14
WBGene00012286.,1,4,5
WBGene00012287.,1,1,2
WBGene00012288.,1,10,11
WBGene00012289.,330,2045,2375
WBGene00012290.,16,54,70
WBGene00012291.,657,2961,3618
WBGene00012292.,0,0,0
WBGene00012293.,90,45,135
WBGene00012294.,0,3,3
WBGene00012295.,26,58,84
WBGene00012296.,8,20,28
WBGene00012297.,7,19,26
WBGene00012298.,76,1541,1617
WBGene00012299.,3,33,36
WBGene00012300.,0,0,0
WBGene00012301.,1,1,2
WBGene00012302.,1,0,1
WBGene00012303.,1,1,2
WBGene00012304.,36,2,38
WBGene00012305.,1,1,2
WBGene00012306.,177,390,567
WBGene00012307.,13,84,97
WBGene00012308.,11,4,15
WBGene00012309.,4,6,10
WBGene00012310.,14,0,14
WBGene00012311.,0,5,5
WBGene00012312.,0,1,1
WBGene00012313.,0,1,1
WBGene00012314.,0,0,0
WBGene00012315.,101,1273,1374
WBGene00012316.,212,1210,1422
WBGene00012317.,178,1710,1888
WBGene00012318.,1,3,4
WBGene00012319.,325,1463,1788
WBGene00012320.,0,1,1
WBGene00012321.,2,10,12
WBGene00012322.,164,966,1130
WBGene00012323.,3,2,5
WBGene00012324.,4,61,65
WBGene00012325.,16,65,81
WBGene00012326.,233,978,1211
WBGene00012328.,20,69,89
WBGene00012329.,11,15,26
WBGene00012330.,47,269,316
WBGene00012332.,17,158,175
WBGene00012333.,9,31,40
WBGene00012334.,12,7,19
WBGene00012335.,4,18,22
WBGene00012336.,23,42,65
WBGene00012337.,172,2398,2570
WBGene00012339.,271,2790,3061
WBGene00012340.,55,238,293
WBGene00012341.,134,1338,1472
WBGene00012342.,116,1510,1626
WBGene00012343.,129,1277,1406
WBGene00012344.,250,3859,4109
WBGene00012345.,11,32,43
WBGene00012346.,3,1,4
WBGene00012347.,1119,559,1678
WBGene00012348.,1373,4023,5396
WBGene00012349.,2,0,2
WBGene00012350.,0,0,0
WBGene00012351.,4247,29937,34184
WBGene00012352.,141,617,758
WBGene00012353.,102,1206,1308
WBGene00012354.,677,36334,37011
WBGene00012355.,74,0,74
WBGene00012356.,14,293,307
WBGene00012357.,1,22,23
WBGene00012358.,278,2123,2401
WBGene00012359.,55,637,692
WBGene00012360.,170,790,960
WBGene00012361.,41,2016,2057
WBGene00012362.,812,2285,3097
WBGene00012363.,101,531,632
WBGene00012364.,180,804,984
WBGene00012365.,74,820,894
WBGene00012366.,158,1841,1999
WBGene00012368.,6,119,125
WBGene00012369.,121,724,845
WBGene00012370.,217,368,585
WBGene00012371.,600,625,1225
WBGene00012372.,49,125,174
WBGene00012373.,0,0,0
WBGene00012374.,546,229,775
WBGene00012375.,39,1629,1668
WBGene00012376.,545,12454,12999
WBGene00012377.,0,0,0
WBGene00012378.,0,0,0
WBGene00012379.,2,3,5
WBGene00012381.,91,698,789
WBGene00012382.,11915,158968,170883
WBGene00012383.,5408,61303,66711
WBGene00012384.,38,110,148
WBGene00012385.,84,627,711
WBGene00012386.,136925,876,137801
WBGene00012387.,96,303,399
WBGene00012388.,26,3,29
WBGene00012389.,336,1100,1436
WBGene00012390.,204,519,723
WBGene00012391.,18,181,199
WBGene00012393.,127,567,694
WBGene00012394.,18,24,42
WBGene00012395.,3,823,826
WBGene00012396.,9,82,91
WBGene00012397.,0,10,10
WBGene00012398.,83,756,839
WBGene00012399.,137,195,332
WBGene00012400.,5,34,39
WBGene00012401.,1,16,17
WBGene00012402.,1,0,1
WBGene00012403.,1,3,4
WBGene00012404.,8,144,152
WBGene00012405.,0,1,1
WBGene00012406.,4,2,6
WBGene00012407.,18,138,156
WBGene00012408.,22,103,125
WBGene00012409.,0,8,8
WBGene00012411.,2,2,4
WBGene00012412.,0,86,86
WBGene00012413.,8,21,29
WBGene00012414.,2,8,10
WBGene00012415.,7,16,23
WBGene00012416.,15,45,60
WBGene00012418.,62,34,96
WBGene00012419.,0,0,0
WBGene00012420.,7,2758,2765
WBGene00012421.,158,1930,2088
WBGene00012423.,303,998,1301
WBGene00012424.,2020,11761,13781
WBGene00012425.,27,49,76
WBGene00012426.,7,4,11
WBGene00012428.,23,1,24
WBGene00012429.,1,2,3
WBGene00012431.,12,304,316
WBGene00012432.,15,111,126
WBGene00012433.,5,12,17
WBGene00012434.,210,3204,3414
WBGene00012435.,6,730,736
WBGene00012436.,0,81,81
WBGene00012437.,314,2082,2396
WBGene00012439.,29,901,930
WBGene00012440.,3,638,641
WBGene00012441.,43,153,196
WBGene00012442.,17,29,46
WBGene00012443.,728,9258,9986
WBGene00012444.,280,5494,5774
WBGene00012445.,11,37,48
WBGene00012446.,54,155,209
WBGene00012448.,22,9,31
WBGene00012449.,16,70,86
WBGene00012450.,11,38,49
WBGene00012451.,6,6,12
WBGene00012452.,0,1757,1757
WBGene00012453.,2,3,5
WBGene00012454.,1,3,4
WBGene00012455.,15,42,57
WBGene00012456.,15,45,60
WBGene00012457.,50,113,163
WBGene00012458.,401,1610,2011
WBGene00012459.,51,686,737
WBGene00012460.,61,486,547
WBGene00012461.,182,181,363
WBGene00012462.,350,525,875
WBGene00012463.,314,1047,1361
WBGene00012464.,18,58,76
WBGene00012465.,144,1324,1468
WBGene00012466.,458,815,1273
WBGene00012467.,14,26,40
WBGene00012468.,343,2528,2871
WBGene00012469.,59,342,401
WBGene00012470.,4,3,7
WBGene00012471.,136,5916,6052
WBGene00012472.,146,871,1017
WBGene00012473.,78,139,217
WBGene00012474.,243,1311,1554
WBGene00012475.,11,9,20
WBGene00012476.,6,258,264
WBGene00012477.,63,67,130
WBGene00012478.,96,513,609
WBGene00012479.,172,1058,1230
WBGene00012480.,6,22,28
WBGene00012481.,17,275,292
WBGene00012482.,1,4,5
WBGene00012483.,0,932,932
WBGene00012484.,16,2045,2061
WBGene00012485.,2,122,124
WBGene00012486.,4,2,6
WBGene00012487.,9,21,30
WBGene00012488.,2,1,3
WBGene00012489.,0,0,0
WBGene00012490.,0,3,3
WBGene00012491.,56,29,85
WBGene00012492.,1,5,6
WBGene00012493.,0,1,1
WBGene00012494.,73,268,341
WBGene00012496.,100,1088,1188
WBGene00012497.,69,2054,2123
WBGene00012498.,0,43,43
WBGene00012499.,0,1,1
WBGene00012500.,4,13,17
WBGene00012501.,0,1,1
WBGene00012502.,5,4,9
WBGene00012503.,10,46,56
WBGene00012504.,1,8,9
WBGene00012505.,1,2,3
WBGene00012509.,0,1,1
WBGene00012512.,7,132,139
WBGene00012513.,15,82,97
WBGene00012514.,41,376,417
WBGene00012515.,7,2,9
WBGene00012516.,0,0,0
WBGene00012517.,0,1,1
WBGene00012518.,2,5,7
WBGene00012519.,0,1,1
WBGene00012520.,5,0,5
WBGene00012521.,1,8,9
WBGene00012522.,493,1567,2060
WBGene00012523.,0,2,2
WBGene00012524.,112,620,732
WBGene00012525.,7,20,27
WBGene00012526.,2,9,11
WBGene00012527.,85,634,719
WBGene00012528.,134,3517,3651
WBGene00012529.,42,342,384
WBGene00012530.,600,471,1071
WBGene00012531.,43,200,243
WBGene00012532.,109,388,497
WBGene00012533.,0,34,34
WBGene00012535.,17,13,30
WBGene00012536.,54,228,282
WBGene00012537.,5,9,14
WBGene00012538.,29,118,147
WBGene00012540.,8,20,28
WBGene00012541.,13,23,36
WBGene00012542.,19,26,45
WBGene00012543.,554,1936,2490
WBGene00012544.,789,9410,10199
WBGene00012545.,13,9,22
WBGene00012546.,40,1365,1405
WBGene00012547.,2,7,9
WBGene00012548.,281,1352,1633
WBGene00012549.,6,3,9
WBGene00012550.,10,2222,2232
WBGene00012551.,7,782,789
WBGene00012552.,5,171,176
WBGene00012553.,4381,32785,37166
WBGene00012554.,148,2674,2822
WBGene00012555.,26,402,428
WBGene00012556.,90,1066,1156
WBGene00012557.,5,10,15
WBGene00012558.,234,1564,1798
WBGene00012559.,156,460,616
WBGene00012560.,385,980,1365
WBGene00012561.,5,6,11
WBGene00012562.,128,972,1100
WBGene00012564.,66,936,1002
WBGene00012565.,52,677,729
WBGene00012566.,23,236,259
WBGene00012567.,5,42,47
WBGene00012568.,10,63,73
WBGene00012569.,8,190,198
WBGene00012570.,2,17,19
WBGene00012571.,1,0,1
WBGene00012572.,10,1,11
WBGene00012573.,27,130,157
WBGene00012574.,0,10,10
WBGene00012575.,0,0,0
WBGene00012576.,120,349,469
WBGene00012577.,4,4,8
WBGene00012578.,294,772,1066
WBGene00012579.,0,0,0
WBGene00012580.,0,0,0
WBGene00012581.,0,1,1
WBGene00012582.,3,33,36
WBGene00012583.,9,6,15
WBGene00012584.,1329,3257,4586
WBGene00012585.,580,1136,1716
WBGene00012586.,5,12,17
WBGene00012587.,4,4,8
WBGene00012588.,0,9,9
WBGene00012589.,25,336,361
WBGene00012590.,1,5,6
WBGene00012591.,0,3949,3949
WBGene00012592.,0,64,64
WBGene00012593.,3,68,71
WBGene00012594.,13,175,188
WBGene00012595.,3,28,31
WBGene00012596.,1,13,14
WBGene00012597.,5,4,9
WBGene00012600.,99,418,517
WBGene00012602.,318,5762,6080
WBGene00012603.,8,134,142
WBGene00012604.,0,1088,1088
WBGene00012605.,53,454,507
WBGene00012606.,49,391,440
WBGene00012607.,16,56,72
WBGene00012608.,132,1218,1350
WBGene00012609.,2,3,5
WBGene00012610.,38,249,287
WBGene00012612.,2,4,6
WBGene00012614.,9,15,24
WBGene00012615.,106,1171,1277
WBGene00012616.,6,115,121
WBGene00012617.,0,1,1
WBGene00012618.,13,7,20
WBGene00012620.,0,1,1
WBGene00012621.,3,42,45
WBGene00012622.,39,76,115
WBGene00012623.,15,107,122
WBGene00012624.,97,540,637
WBGene00012625.,3,9,12
WBGene00012626.,29,137,166
WBGene00012627.,28,31,59
WBGene00012628.,76,805,881
WBGene00012629.,45,214,259
WBGene00012630.,3,3,6
WBGene00012631.,3,2,5
WBGene00012632.,11,67,78
WBGene00012633.,11,12,23
WBGene00012634.,3,35,38
WBGene00012635.,8,21,29
WBGene00012636.,4,3,7
WBGene00012637.,2,24,26
WBGene00012638.,0,3,3
WBGene00012639.,26,58,84
WBGene00012640.,3,108,111
WBGene00012641.,450,3650,4100
WBGene00012642.,15,15,30
WBGene00012643.,32,2864,2896
WBGene00012644.,473,531,1004
WBGene00012645.,148,1337,1485
WBGene00012646.,191,2291,2482
WBGene00012647.,68,428,496
WBGene00012648.,72,794,866
WBGene00012649.,0,7,7
WBGene00012650.,23,643,666
WBGene00012651.,65,350,415
WBGene00012652.,12,593,605
WBGene00012653.,0,0,0
WBGene00012654.,31,34,65
WBGene00012655.,0,0,0
WBGene00012656.,9,12,21
WBGene00012657.,47,195,242
WBGene00012658.,108,488,596
WBGene00012659.,34,13,47
WBGene00012660.,0,57,57
WBGene00012661.,2,1,3
WBGene00012662.,103,1129,1232
WBGene00012663.,180,945,1125
WBGene00012664.,1,214,215
WBGene00012665.,103,525,628
WBGene00012666.,785,5797,6582
WBGene00012668.,1379,5690,7069
WBGene00012669.,14,68,82
WBGene00012670.,12,6,18
WBGene00012671.,4,12,16
WBGene00012672.,1,9,10
WBGene00012673.,21,142,163
WBGene00012674.,384,1478,1862
WBGene00012675.,246,1252,1498
WBGene00012676.,341,931,1272
WBGene00012678.,38,212,250
WBGene00012679.,6,25,31
WBGene00012680.,0,14,14
WBGene00012681.,1,0,1
WBGene00012682.,9,4,13
WBGene00012683.,1,5,6
WBGene00012684.,1,2,3
WBGene00012686.,3,4,7
WBGene00012688.,12,13,25
WBGene00012689.,4,20,24
WBGene00012690.,3,1,4
WBGene00012692.,904,8583,9487
WBGene00012693.,217,1738,1955
WBGene00012694.,116,802,918
WBGene00012695.,27,2080,2107
WBGene00012696.,35,189,224
WBGene00012697.,80,849,929
WBGene00012698.,28,461,489
WBGene00012699.,12,15,27
WBGene00012700.,30,454,484
WBGene00012701.,116,729,845
WBGene00012702.,10,51,61
WBGene00012703.,72,197,269
WBGene00012704.,65,315,380
WBGene00012705.,2,10,12
WBGene00012706.,3,0,3
WBGene00012707.,4,13,17
WBGene00012708.,4,8,12
WBGene00012709.,23,40,63
WBGene00012710.,14,438,452
WBGene00012711.,8,42,50
WBGene00012712.,203,282,485
WBGene00012713.,162,1426,1588
WBGene00012714.,55,549,604
WBGene00012715.,42,500,542
WBGene00012716.,11,161,172
WBGene00012717.,1093,4595,5688
WBGene00012718.,619,212,831
WBGene00012719.,205,398,603
WBGene00012720.,3,16,19
WBGene00012721.,26,22,48
WBGene00012722.,87,735,822
WBGene00012723.,20,436,456
WBGene00012724.,10,7,17
WBGene00012725.,0,2,2
WBGene00012726.,5,7,12
WBGene00012727.,1,0,1
WBGene00012728.,6,167,173
WBGene00012729.,11,12,23
WBGene00012730.,886,1323,2209
WBGene00012731.,2,22,24
WBGene00012732.,291,647,938
WBGene00012734.,427,574,1001
WBGene00012735.,678,1563,2241
WBGene00012738.,58,2163,2221
WBGene00012739.,2916,12420,15336
WBGene00012740.,91,375,466
WBGene00012741.,10,9,19
WBGene00012742.,2,0,2
WBGene00012743.,28,20,48
WBGene00012744.,241,325,566
WBGene00012745.,5,17,22
WBGene00012746.,0,1,1
WBGene00012747.,20,26,46
WBGene00012748.,2,42,44
WBGene00012749.,11,9,20
WBGene00012750.,170,511,681
WBGene00012752.,0,0,0
WBGene00012753.,25,386,411
WBGene00012754.,9,35,44
WBGene00012755.,35,476,511
WBGene00012756.,301,858,1159
WBGene00012757.,41,563,604
WBGene00012758.,26,120,146
WBGene00012759.,328,6998,7326
WBGene00012760.,5549,648,6197
WBGene00012761.,1,0,1
WBGene00012762.,129,1422,1551
WBGene00012763.,280,781,1061
WBGene00012764.,0,296,296
WBGene00012765.,389,1530,1919
WBGene00012766.,40,2701,2741
WBGene00012767.,360,828,1188
WBGene00012768.,29,22730,22759
WBGene00012769.,361,2847,3208
WBGene00012770.,186,32,218
WBGene00012771.,3,3,6
WBGene00012772.,37,6,43
WBGene00012773.,10,4,14
WBGene00012775.,38,10,48
WBGene00012776.,226,970,1196
WBGene00012777.,17,138,155
WBGene00012778.,75,577,652
WBGene00012779.,92,289,381
WBGene00012780.,13,27,40
WBGene00012781.,0,37,37
WBGene00012782.,57,510,567
WBGene00012783.,332,21668,22000
WBGene00012784.,15,44,59
WBGene00012785.,0,2,2
WBGene00012786.,4,26,30
WBGene00012787.,0,0,0
WBGene00012788.,94,5,99
WBGene00012789.,2,0,2
WBGene00012790.,0,0,0
WBGene00012791.,42,115,157
WBGene00012792.,3,6,9
WBGene00012793.,4,2,6
WBGene00012794.,121,1932,2053
WBGene00012795.,10,296,306
WBGene00012796.,72,337,409
WBGene00012798.,7,26,33
WBGene00012799.,0,5,5
WBGene00012802.,124,455,579
WBGene00012803.,24,1015,1039
WBGene00012804.,204,571,775
WBGene00012806.,58,481,539
WBGene00012807.,74,835,909
WBGene00012808.,20,133,153
WBGene00012809.,12,6,18
WBGene00012810.,10,42,52
WBGene00012811.,51,194,245
WBGene00012812.,395,7992,8387
WBGene00012813.,1615,9021,10636
WBGene00012814.,52,43,95
WBGene00012815.,13,120,133
WBGene00012816.,2,9,11
WBGene00012817.,0,0,0
WBGene00012818.,5,0,5
WBGene00012819.,50,437,487
WBGene00012820.,38,8,46
WBGene00012821.,150,1452,1602
WBGene00012822.,0,4,4
WBGene00012823.,5,62,67
WBGene00012824.,20,57,77
WBGene00012825.,981,5926,6907
WBGene00012826.,81,275,356
WBGene00012827.,2,1,3
WBGene00012828.,655,284,939
WBGene00012829.,373,1882,2255
WBGene00012830.,28,603,631
WBGene00012831.,3,8,11
WBGene00012832.,254,6,260
WBGene00012833.,43,422,465
WBGene00012834.,26,53,79
WBGene00012835.,173,641,814
WBGene00012836.,1,0,1
WBGene00012837.,0,5,5
WBGene00012838.,2,10,12
WBGene00012839.,0,0,0
WBGene00012840.,53,80,133
WBGene00012841.,0,0,0
WBGene00012844.,0,0,0
WBGene00012845.,93,297,390
WBGene00012846.,3,5,8
WBGene00012847.,24,26,50
WBGene00012848.,3,4,7
WBGene00012849.,1,6,7
WBGene00012850.,1982,12159,14141
WBGene00012851.,1,28,29
WBGene00012852.,214,79,293
WBGene00012853.,78,6567,6645
WBGene00012854.,237,2601,2838
WBGene00012855.,2,11,13
WBGene00012856.,34,73,107
WBGene00012857.,355,1140,1495
WBGene00012858.,70,652,722
WBGene00012859.,34,71,105
WBGene00012860.,67,427,494
WBGene00012861.,24,408,432
WBGene00012862.,2,0,2
WBGene00012863.,7,5,12
WBGene00012864.,50,161,211
WBGene00012866.,101,283,384
WBGene00012867.,59,391,450
WBGene00012868.,1098,2051,3149
WBGene00012869.,69,650,719
WBGene00012870.,6,6,12
WBGene00012871.,0,0,0
WBGene00012872.,0,0,0
WBGene00012873.,1,0,1
WBGene00012874.,0,0,0
WBGene00012875.,549,3208,3757
WBGene00012876.,2,1,3
WBGene00012877.,11,4,15
WBGene00012878.,1,0,1
WBGene00012879.,11,259,270
WBGene00012880.,11,7,18
WBGene00012883.,10,256,266
WBGene00012885.,679,7889,8568
WBGene00012886.,430,3715,4145
WBGene00012887.,272,1263,1535
WBGene00012888.,46,792,838
WBGene00012889.,156,452,608
WBGene00012890.,136,250,386
WBGene00012891.,376,1640,2016
WBGene00012892.,12,8,20
WBGene00012893.,13,41,54
WBGene00012894.,1158,991,2149
WBGene00012895.,220,571,791
WBGene00012896.,91,2330,2421
WBGene00012897.,11,1197,1208
WBGene00012898.,4,22,26
WBGene00012899.,9,135,144
WBGene00012900.,4,122,126
WBGene00012901.,41,79,120
WBGene00012903.,272,2757,3029
WBGene00012904.,74,463,537
WBGene00012905.,1,12,13
WBGene00012906.,99,1027,1126
WBGene00012907.,3261,6749,10010
WBGene00012908.,370,1120,1490
WBGene00012909.,127,206,333
WBGene00012910.,10,70,80
WBGene00012911.,66,372,438
WBGene00012912.,0,3,3
WBGene00012913.,0,0,0
WBGene00012914.,1,4,5
WBGene00012915.,71,255,326
WBGene00012916.,0,1,1
WBGene00012917.,20,15,35
WBGene00012919.,205,418,623
WBGene00012920.,115,217,332
WBGene00012921.,0,433,433
WBGene00012922.,3,106,109
WBGene00012923.,37,246,283
WBGene00012924.,15,53,68
WBGene00012925.,3,18,21
WBGene00012926.,2,55,57
WBGene00012927.,71,520,591
WBGene00012928.,68,2213,2281
WBGene00012929.,692,2962,3654
WBGene00012930.,522,1000,1522
WBGene00012931.,147,875,1022
WBGene00012932.,91,803,894
WBGene00012933.,0,132,132
WBGene00012934.,255,421,676
WBGene00012935.,218,503,721
WBGene00012936.,229,1427,1656
WBGene00012937.,0,0,0
WBGene00012938.,259,338,597
WBGene00012939.,11,5,16
WBGene00012940.,17,4,21
WBGene00012941.,11,53,64
WBGene00012942.,3,76,79
WBGene00012943.,129,494,623
WBGene00012945.,0,0,0
WBGene00012946.,16,2,18
WBGene00012947.,4,24,28
WBGene00012948.,414,387,801
WBGene00012950.,77,533,610
WBGene00012951.,228,1379,1607
WBGene00012952.,2,8,10
WBGene00012953.,8,101,109
WBGene00012954.,27,284,311
WBGene00012955.,9,45,54
WBGene00012956.,58,32,90
WBGene00012958.,17,17,34
WBGene00012959.,13,102,115
WBGene00012960.,1031,2785,3816
WBGene00012961.,20,176,196
WBGene00012962.,49,255,304
WBGene00012964.,54,3328,3382
WBGene00012965.,0,7,7
WBGene00012966.,21,673,694
WBGene00012967.,164,137,301
WBGene00012968.,110,653,763
WBGene00012969.,4,21,25
WBGene00012970.,18,73,91
WBGene00012972.,118,856,974
WBGene00012973.,1390,4643,6033
WBGene00012974.,52,35,87
WBGene00012975.,588,115,703
WBGene00012976.,39,135,174
WBGene00012977.,143,193,336
WBGene00012978.,192,1483,1675
WBGene00012979.,10,77,87
WBGene00012980.,2669,4466,7135
WBGene00012981.,7,34,41
WBGene00012982.,235,1043,1278
WBGene00012983.,291,2403,2694
WBGene00012984.,75,288,363
WBGene00012985.,83,16,99
WBGene00012987.,834,6493,7327
WBGene00012988.,441,1689,2130
WBGene00012989.,1606,757,2363
WBGene00012990.,737,1413,2150
WBGene00012992.,92,881,973
WBGene00012993.,216,249,465
WBGene00012994.,165,454,619
WBGene00012995.,400,632,1032
WBGene00012996.,196,841,1037
WBGene00012997.,27,553,580
WBGene00012998.,294,605,899
WBGene00012999.,748,2063,2811
WBGene00013000.,628,310,938
WBGene00013001.,347,767,1114
WBGene00013002.,691,768,1459
WBGene00013004.,956,4846,5802
WBGene00013006.,352,434,786
WBGene00013007.,18,10,28
WBGene00013008.,369,4981,5350
WBGene00013009.,11,102,113
WBGene00013010.,0,0,0
WBGene00013011.,49,387,436
WBGene00013013.,281,3952,4233
WBGene00013014.,177,958,1135
WBGene00013015.,121,569,690
WBGene00013017.,89,1489,1578
WBGene00013018.,29,599,628
WBGene00013019.,349,1040,1389
WBGene00013020.,322,2707,3029
WBGene00013021.,132,525,657
WBGene00013023.,27,77,104
WBGene00013024.,38,566,604
WBGene00013025.,12,3190,3202
WBGene00013026.,8,699,707
WBGene00013027.,40,139,179
WBGene00013028.,5,13,18
WBGene00013029.,73,600,673
WBGene00013030.,97,1076,1173
WBGene00013031.,2,91,93
WBGene00013032.,12,0,12
WBGene00013033.,13,8,21
WBGene00013034.,1023,1545,2568
WBGene00013035.,138,824,962
WBGene00013036.,10,5,15
WBGene00013037.,26,69,95
WBGene00013038.,143,1466,1609
WBGene00013039.,511,3205,3716
WBGene00013040.,672,859,1531
WBGene00013041.,24,214,238
WBGene00013042.,149,597,746
WBGene00013043.,42,92,134
WBGene00013044.,27,3,30
WBGene00013045.,6,0,6
WBGene00013046.,55,756,811
WBGene00013047.,0,0,0
WBGene00013048.,15,474,489
WBGene00013049.,0,4,4
WBGene00013050.,9,43,52
WBGene00013051.,0,0,0
WBGene00013052.,2,1,3
WBGene00013053.,9,5,14
WBGene00013054.,2,22,24
WBGene00013055.,11,125,136
WBGene00013056.,4,5,9
WBGene00013058.,22,0,22
WBGene00013059.,0,0,0
WBGene00013060.,1,8,9
WBGene00013061.,0,1,1
WBGene00013062.,3,0,3
WBGene00013063.,0,0,0
WBGene00013064.,0,0,0
WBGene00013066.,6,19,25
WBGene00013067.,0,1,1
WBGene00013068.,4,0,4
WBGene00013069.,5,0,5
WBGene00013070.,0,4,4
WBGene00013071.,0,13,13
WBGene00013072.,15,6,21
WBGene00013073.,18,16,34
WBGene00013074.,10,13,23
WBGene00013075.,202,400,602
WBGene00013076.,12,17,29
WBGene00013077.,7624,75559,83183
WBGene00013078.,2475,25443,27918
WBGene00013079.,954,5872,6826
WBGene00013080.,494,2056,2550
WBGene00013081.,1663,42368,44031
WBGene00013082.,168,476,644
WBGene00013083.,31,131,162
WBGene00013085.,0,1,1
WBGene00013086.,0,0,0
WBGene00013087.,0,0,0
WBGene00013088.,5,6,11
WBGene00013089.,0,2,2
WBGene00013090.,1,0,1
WBGene00013091.,14,84,98
WBGene00013093.,1277,1019,2296
WBGene00013094.,552,12717,13269
WBGene00013095.,288,841,1129
WBGene00013096.,451,838,1289
WBGene00013098.,100,388,488
WBGene00013100.,5,28,33
WBGene00013101.,13,27,40
WBGene00013102.,2,0,2
WBGene00013103.,246,3668,3914
WBGene00013104.,921,21625,22546
WBGene00013105.,12,24,36
WBGene00013106.,131,1109,1240
WBGene00013107.,4,28,32
WBGene00013109.,117,7752,7869
WBGene00013111.,305,2819,3124
WBGene00013112.,0,0,0
WBGene00013113.,2,0,2
WBGene00013114.,19,1,20
WBGene00013116.,42,46,88
WBGene00013117.,1,0,1
WBGene00013118.,47,193,240
WBGene00013119.,181,139,320
WBGene00013120.,0,1,1
WBGene00013121.,4,7,11
WBGene00013122.,84,478,562
WBGene00013123.,326,491,817
WBGene00013124.,871,617,1488
WBGene00013125.,7,40,47
WBGene00013126.,6,4,10
WBGene00013127.,65,400,465
WBGene00013128.,175,1257,1432
WBGene00013129.,734,3527,4261
WBGene00013130.,0,1,1
WBGene00013131.,146,72,218
WBGene00013132.,134,829,963
WBGene00013134.,17,47,64
WBGene00013135.,83,751,834
WBGene00013136.,56,749,805
WBGene00013137.,90,406,496
WBGene00013138.,7,2,9
WBGene00013139.,49,514,563
WBGene00013140.,50,894,944
WBGene00013141.,8,30,38
WBGene00013142.,3,1,4
WBGene00013143.,13,687,700
WBGene00013144.,2012,10694,12706
WBGene00013145.,9,10,19
WBGene00013146.,106,766,872
WBGene00013147.,3,33,36
WBGene00013148.,7,12,19
WBGene00013149.,36,23,59
WBGene00013150.,34,1010,1044
WBGene00013151.,91,454,545
WBGene00013152.,16,14,30
WBGene00013153.,10,54,64
WBGene00013154.,0,0,0
WBGene00013155.,6,8,14
WBGene00013156.,14,458,472
WBGene00013157.,0,15,15
WBGene00013158.,3,14,17
WBGene00013159.,75,213,288
WBGene00013160.,789,965,1754
WBGene00013161.,463,1192,1655
WBGene00013162.,4,2,6
WBGene00013163.,40,5,45
WBGene00013164.,191,187,378
WBGene00013165.,15,52,67
WBGene00013166.,17,35,52
WBGene00013167.,511,339,850
WBGene00013168.,115,1301,1416
WBGene00013169.,23,217,240
WBGene00013170.,1,2,3
WBGene00013171.,189,7,196
WBGene00013172.,0,1,1
WBGene00013173.,10,4,14
WBGene00013175.,6,21,27
WBGene00013176.,44,431,475
WBGene00013177.,368,1792,2160
WBGene00013178.,91,655,746
WBGene00013179.,9,8,17
WBGene00013180.,44,233,277
WBGene00013181.,10336,85702,96038
WBGene00013182.,5,3,8
WBGene00013184.,0,0,0
WBGene00013186.,3,2,5
WBGene00013187.,15,92,107
WBGene00013188.,99,262,361
WBGene00013189.,377,751,1128
WBGene00013190.,5,60,65
WBGene00013192.,1,14,15
WBGene00013193.,181,1985,2166
WBGene00013194.,0,1,1
WBGene00013195.,21,151,172
WBGene00013196.,33,241,274
WBGene00013197.,31,196,227
WBGene00013198.,27,81,108
WBGene00013200.,1020,13558,14578
WBGene00013201.,286,915,1201
WBGene00013202.,108,1270,1378
WBGene00013203.,76,857,933
WBGene00013204.,54,820,874
WBGene00013207.,8,4,12
WBGene00013208.,45,376,421
WBGene00013209.,125,1539,1664
WBGene00013210.,0,4005,4005
WBGene00013211.,106,690,796
WBGene00013212.,135,150,285
WBGene00013213.,140,830,970
WBGene00013214.,58,731,789
WBGene00013215.,21,182,203
WBGene00013216.,98,2545,2643
WBGene00013217.,119,549,668
WBGene00013218.,33,341,374
WBGene00013219.,59,2389,2448
WBGene00013220.,4,103,107
WBGene00013221.,18,47,65
WBGene00013222.,181,628,809
WBGene00013223.,314,1621,1935
WBGene00013224.,103,1174,1277
WBGene00013225.,258,907,1165
WBGene00013226.,28,1,29
WBGene00013227.,29,113,142
WBGene00013228.,1860,1799,3659
WBGene00013230.,0,2,2
WBGene00013231.,52,432,484
WBGene00013232.,283,375,658
WBGene00013233.,0,14,14
WBGene00013234.,1,17,18
WBGene00013235.,19,164,183
WBGene00013236.,114,9923,10037
WBGene00013237.,24,2131,2155
WBGene00013238.,155,2346,2501
WBGene00013239.,63,519,582
WBGene00013240.,345,640,985
WBGene00013241.,42,451,493
WBGene00013242.,124,478,602
WBGene00013243.,253,688,941
WBGene00013244.,109,1700,1809
WBGene00013246.,158,290,448
WBGene00013247.,16,102,118
WBGene00013248.,48,282,330
WBGene00013249.,45,158,203
WBGene00013250.,7,183,190
WBGene00013251.,117,279,396
WBGene00013252.,32,205,237
WBGene00013253.,109,361,470
WBGene00013254.,0,4,4
WBGene00013255.,277,2396,2673
WBGene00013256.,135,1077,1212
WBGene00013257.,22,156,178
WBGene00013258.,1147,394,1541
WBGene00013259.,83,510,593
WBGene00013260.,26,491,517
WBGene00013261.,162,268,430
WBGene00013263.,10,432,442
WBGene00013264.,15,10,25
WBGene00013265.,156,411,567
WBGene00013266.,62,870,932
WBGene00013267.,232,657,889
WBGene00013268.,55,193,248
WBGene00013269.,20,2536,2556
WBGene00013270.,253,508,761
WBGene00013272.,75,98,173
WBGene00013273.,595,1834,2429
WBGene00013275.,53,1364,1417
WBGene00013276.,3,12,15
WBGene00013277.,2,2,4
WBGene00013278.,6,26,32
WBGene00013279.,0,5,5
WBGene00013280.,4,0,4
WBGene00013281.,5,22,27
WBGene00013282.,1,5,6
WBGene00013283.,8,4,12
WBGene00013284.,14,451,465
WBGene00013285.,10,13,23
WBGene00013286.,12,64,76
WBGene00013287.,92,79,171
WBGene00013288.,6,4,10
WBGene00013289.,687,2207,2894
WBGene00013290.,0,0,0
WBGene00013292.,219,1110,1329
WBGene00013293.,29,352,381
WBGene00013294.,5,15,20
WBGene00013295.,13,447,460
WBGene00013296.,1,1,2
WBGene00013297.,10,3,13
WBGene00013298.,11,89,100
WBGene00013299.,2,0,2
WBGene00013300.,9,5,14
WBGene00013301.,15,1091,1106
WBGene00013302.,32,459,491
WBGene00013303.,235,590,825
WBGene00013304.,27,75,102
WBGene00013305.,1,16,17
WBGene00013306.,3,49,52
WBGene00013307.,83,4398,4481
WBGene00013308.,0,745,745
WBGene00013310.,38,42,80
WBGene00013311.,16,2582,2598
WBGene00013312.,4,45,49
WBGene00013313.,7,10,17
WBGene00013315.,0,0,0
WBGene00013316.,0,0,0
WBGene00013317.,564,1486,2050
WBGene00013318.,15,5,20
WBGene00013319.,0,16,16
WBGene00013320.,3,0,3
WBGene00013321.,231,647,878
WBGene00013322.,47,148,195
WBGene00013323.,17,1159,1176
WBGene00013324.,88,1164,1252
WBGene00013325.,54,823,877
WBGene00013326.,323,708,1031
WBGene00013327.,156,542,698
WBGene00013328.,12,3,15
WBGene00013329.,9,91,100
WBGene00013330.,1,41,42
WBGene00013331.,44,35,79
WBGene00013332.,20,1070,1090
WBGene00013333.,21,99,120
WBGene00013334.,163,908,1071
WBGene00013335.,33,131,164
WBGene00013336.,17,34,51
WBGene00013337.,3,13,16
WBGene00013338.,5,2,7
WBGene00013339.,255,763,1018
WBGene00013340.,233,1236,1469
WBGene00013341.,0,1,1
WBGene00013343.,606,2432,3038
WBGene00013344.,32,873,905
WBGene00013345.,95,143,238
WBGene00013347.,891,2588,3479
WBGene00013348.,46,516,562
WBGene00013349.,12,447,459
WBGene00013350.,238,286,524
WBGene00013351.,0,0,0
WBGene00013352.,157,718,875
WBGene00013353.,127,142,269
WBGene00013354.,527,1742,2269
WBGene00013355.,313,1234,1547
WBGene00013356.,0,4,4
WBGene00013357.,7,2,9
WBGene00013358.,30,286,316
WBGene00013359.,54,374,428
WBGene00013360.,321,3874,4195
WBGene00013361.,198,381,579
WBGene00013362.,61,167,228
WBGene00013363.,2,14,16
WBGene00013364.,14,15,29
WBGene00013365.,139,1050,1189
WBGene00013366.,348,781,1129
WBGene00013367.,1,1,2
WBGene00013368.,18,26,44
WBGene00013369.,0,2,2
WBGene00013370.,0,3,3
WBGene00013371.,0,0,0
WBGene00013372.,1,1,2
WBGene00013373.,8,15,23
WBGene00013374.,1,4,5
WBGene00013375.,39,75,114
WBGene00013376.,110,532,642
WBGene00013378.,35,3811,3846
WBGene00013379.,736,2036,2772
WBGene00013380.,1,496,497
WBGene00013381.,22,218,240
WBGene00013382.,94,1034,1128
WBGene00013383.,15,101,116
WBGene00013385.,61,270,331
WBGene00013386.,0,0,0
WBGene00013387.,90,535,625
WBGene00013388.,7,38,45
WBGene00013389.,12,20,32
WBGene00013390.,0,0,0
WBGene00013391.,0,0,0
WBGene00013392.,3,2,5
WBGene00013393.,0,3,3
WBGene00013394.,1,1,2
WBGene00013395.,8,41,49
WBGene00013396.,3,1,4
WBGene00013397.,6,3,9
WBGene00013398.,9,97,106
WBGene00013399.,10,18,28
WBGene00013400.,2,3,5
WBGene00013401.,2,23,25
WBGene00013402.,10,54,64
WBGene00013403.,16,166,182
WBGene00013404.,2,65,67
WBGene00013405.,53,352,405
WBGene00013406.,207,2429,2636
WBGene00013407.,66,210,276
WBGene00013408.,1,7,8
WBGene00013409.,0,1,1
WBGene00013410.,0,4,4
WBGene00013411.,6,0,6
WBGene00013412.,1,1,2
WBGene00013415.,227,1095,1322
WBGene00013416.,254,450,704
WBGene00013417.,69,33,102
WBGene00013418.,76,484,560
WBGene00013419.,24,46,70
WBGene00013421.,2,6,8
WBGene00013422.,82,342,424
WBGene00013424.,34,135,169
WBGene00013425.,133,428,561
WBGene00013426.,16,115,131
WBGene00013427.,175,10,185
WBGene00013429.,9,20,29
WBGene00013431.,198,434,632
WBGene00013432.,13,150,163
WBGene00013433.,2,444,446
WBGene00013434.,188,1011,1199
WBGene00013435.,168,646,814
WBGene00013436.,142,1406,1548
WBGene00013437.,9,11,20
WBGene00013438.,2,311,313
WBGene00013439.,15,50,65
WBGene00013440.,37,211,248
WBGene00013441.,185,731,916
WBGene00013442.,25,318,343
WBGene00013443.,154,317,471
WBGene00013445.,54,313,367
WBGene00013446.,241,654,895
WBGene00013447.,220,352,572
WBGene00013448.,169,860,1029
WBGene00013449.,4,15,19
WBGene00013450.,4,1,5
WBGene00013451.,2,7,9
WBGene00013452.,5,8,13
WBGene00013453.,29,208,237
WBGene00013454.,2,0,2
WBGene00013455.,331,1446,1777
WBGene00013456.,75,304,379
WBGene00013457.,24,4,28
WBGene00013458.,68,451,519
WBGene00013459.,187,1192,1379
WBGene00013460.,458,878,1336
WBGene00013461.,310,1529,1839
WBGene00013462.,173,2527,2700
WBGene00013463.,0,3301,3301
WBGene00013464.,107,838,945
WBGene00013465.,116,828,944
WBGene00013466.,2,7,9
WBGene00013467.,4,0,4
WBGene00013468.,5,4,9
WBGene00013469.,9,1,10
WBGene00013470.,8,4,12
WBGene00013471.,4,1,5
WBGene00013472.,2,3,5
WBGene00013473.,1,1,2
WBGene00013474.,0,9,9
WBGene00013475.,2,0,2
WBGene00013476.,0,0,0
WBGene00013477.,125,3626,3751
WBGene00013478.,2,9,11
WBGene00013479.,63,148,211
WBGene00013480.,39,24,63
WBGene00013481.,1241,9816,11057
WBGene00013482.,74,335,409
WBGene00013483.,2,3,5
WBGene00013484.,37,59,96
WBGene00013485.,356,871,1227
WBGene00013486.,37,48,85
WBGene00013487.,18,7,25
WBGene00013489.,182,58686,58868
WBGene00013490.,6,27,33
WBGene00013491.,0,0,0
WBGene00013492.,0,6,6
WBGene00013493.,1,14,15
WBGene00013494.,6,6,12
WBGene00013495.,10,3,13
WBGene00013496.,28,104,132
WBGene00013497.,37,119,156
WBGene00013498.,12,31,43
WBGene00013499.,68,191,259
WBGene00013500.,0,0,0
WBGene00013501.,1,0,1
WBGene00013502.,11,2,13
WBGene00013503.,24,0,24
WBGene00013505.,10,5,15
WBGene00013506.,208,214,422
WBGene00013507.,22,52,74
WBGene00013508.,3,7,10
WBGene00013509.,10,225,235
WBGene00013510.,128,98,226
WBGene00013511.,5,31,36
WBGene00013512.,6,7,13
WBGene00013513.,3,39,42
WBGene00013514.,464,3482,3946
WBGene00013515.,719,6619,7338
WBGene00013516.,278,2561,2839
WBGene00013517.,39,60,99
WBGene00013518.,230,855,1085
WBGene00013519.,3,0,3
WBGene00013520.,19,14,33
WBGene00013521.,0,0,0
WBGene00013522.,80,444,524
WBGene00013523.,0,1,1
WBGene00013524.,0,1,1
WBGene00013525.,7,9,16
WBGene00013526.,10,12,22
WBGene00013527.,4,2,6
WBGene00013528.,2,0,2
WBGene00013529.,189,671,860
WBGene00013530.,436,863,1299
WBGene00013531.,95,299,394
WBGene00013532.,13,1019,1032
WBGene00013534.,138,92,230
WBGene00013535.,24,263,287
WBGene00013536.,185,77,262
WBGene00013537.,9,19,28
WBGene00013538.,289,1247,1536
WBGene00013539.,37,206,243
WBGene00013540.,10,78,88
WBGene00013541.,42,58,100
WBGene00013542.,28,195,223
WBGene00013543.,86,180,266
WBGene00013544.,366,2655,3021
WBGene00013545.,552,1400,1952
WBGene00013547.,18,20,38
WBGene00013548.,133,1004,1137
WBGene00013549.,201,614,815
WBGene00013550.,93,2396,2489
WBGene00013551.,54,269,323
WBGene00013552.,11,402,413
WBGene00013553.,196,1568,1764
WBGene00013554.,112,197,309
WBGene00013555.,9,39,48
WBGene00013556.,118,410,528
WBGene00013557.,595,1432,2027
WBGene00013558.,138,782,920
WBGene00013559.,81,259,340
WBGene00013560.,235,1362,1597
WBGene00013561.,146,1172,1318
WBGene00013562.,29,68,97
WBGene00013563.,119,74,193
WBGene00013564.,20,40,60
WBGene00013565.,0,2,2
WBGene00013566.,0,5,5
WBGene00013567.,2,459,461
WBGene00013568.,121,1744,1865
WBGene00013569.,60,2627,2687
WBGene00013570.,0,0,0
WBGene00013571.,0,0,0
WBGene00013572.,0,0,0
WBGene00013573.,21,14,35
WBGene00013574.,102,54,156
WBGene00013575.,18,140,158
WBGene00013576.,13,187,200
WBGene00013577.,1245,9536,10781
WBGene00013578.,55,238,293
WBGene00013579.,46,10,56
WBGene00013580.,1410,1528,2938
WBGene00013581.,4,3,7
WBGene00013583.,2,5,7
WBGene00013584.,71,310,381
WBGene00013585.,53,383,436
WBGene00013586.,17,1,18
WBGene00013587.,36,101,137
WBGene00013588.,188,1790,1978
WBGene00013589.,0,24,24
WBGene00013590.,0,27,27
WBGene00013591.,75,867,942
WBGene00013592.,26,39,65
WBGene00013593.,196,849,1045
WBGene00013594.,169,353,522
WBGene00013595.,226,1613,1839
WBGene00013596.,59,1405,1464
WBGene00013597.,507,4198,4705
WBGene00013598.,94,1368,1462
WBGene00013599.,212,389,601
WBGene00013601.,62,207,269
WBGene00013602.,14,127,141
WBGene00013603.,447,2279,2726
WBGene00013604.,92,993,1085
WBGene00013605.,102,1004,1106
WBGene00013606.,355,1039,1394
WBGene00013607.,4,6,10
WBGene00013608.,2,9,11
WBGene00013609.,6,90,96
WBGene00013610.,26,648,674
WBGene00013611.,21,484,505
WBGene00013612.,3,217,220
WBGene00013613.,5,16,21
WBGene00013614.,4,0,4
WBGene00013615.,9,1,10
WBGene00013616.,0,2,2
WBGene00013617.,0,0,0
WBGene00013618.,0,0,0
WBGene00013619.,0,4,4
WBGene00013620.,1,2,3
WBGene00013621.,2,3,5
WBGene00013622.,2,4,6
WBGene00013623.,52,526,578
WBGene00013624.,0,4,4
WBGene00013625.,0,1,1
WBGene00013626.,0,1,1
WBGene00013627.,0,0,0
WBGene00013628.,2,0,2
WBGene00013629.,1,1,2
WBGene00013631.,11,1,12
WBGene00013632.,350,391,741
WBGene00013633.,475,2953,3428
WBGene00013634.,47,46,93
WBGene00013635.,0,0,0
WBGene00013636.,0,316,316
WBGene00013637.,47,21,68
WBGene00013638.,151,1128,1279
WBGene00013639.,1751,679,2430
WBGene00013640.,206,318,524
WBGene00013642.,253,887,1140
WBGene00013643.,24,156,180
WBGene00013644.,6,12,18
WBGene00013645.,2,10,12
WBGene00013646.,6,3,9
WBGene00013647.,356,3157,3513
WBGene00013648.,9,2,11
WBGene00013649.,17,17,34
WBGene00013650.,11,213,224
WBGene00013651.,28,9,37
WBGene00013652.,0,5,5
WBGene00013653.,6,5,11
WBGene00013654.,5,9,14
WBGene00013655.,26,26,52
WBGene00013656.,0,10,10
WBGene00013657.,1,0,1
WBGene00013658.,13,90,103
WBGene00013659.,0,19,19
WBGene00013661.,12,4,16
WBGene00013662.,33,224,257
WBGene00013665.,14,30,44
WBGene00013666.,67,305,372
WBGene00013667.,183,1003,1186
WBGene00013668.,94,460,554
WBGene00013669.,45,227,272
WBGene00013670.,476,1374,1850
WBGene00013671.,53,1039,1092
WBGene00013672.,203,346,549
WBGene00013673.,54,48,102
WBGene00013674.,39,208,247
WBGene00013676.,265,1343,1608
WBGene00013677.,380,1089,1469
WBGene00013678.,431,1426,1857
WBGene00013679.,212,946,1158
WBGene00013680.,304,981,1285
WBGene00013682.,1449,1430,2879
WBGene00013683.,294,1555,1849
WBGene00013684.,8,2,10
WBGene00013685.,23,45,68
WBGene00013687.,161,693,854
WBGene00013688.,450,5433,5883
WBGene00013689.,35,765,800
WBGene00013690.,65,587,652
WBGene00013691.,51,440,491
WBGene00013692.,188,1603,1791
WBGene00013693.,93,46,139
WBGene00013694.,102,1233,1335
WBGene00013695.,309,1925,2234
WBGene00013696.,1,5,6
WBGene00013697.,16,527,543
WBGene00013698.,6,12,18
WBGene00013699.,1,4,5
WBGene00013700.,12,255,267
WBGene00013701.,9,361,370
WBGene00013702.,47,208,255
WBGene00013703.,425,993,1418
WBGene00013704.,37,239,276
WBGene00013705.,2,1,3
WBGene00013706.,0,2,2
WBGene00013707.,0,3,3
WBGene00013708.,13,578,591
WBGene00013709.,326,2276,2602
WBGene00013710.,3,28,31
WBGene00013711.,550,1024,1574
WBGene00013712.,1,0,1
WBGene00013713.,0,6,6
WBGene00013716.,4,80,84
WBGene00013717.,20,645,665
WBGene00013718.,71,1782,1853
WBGene00013719.,44,699,743
WBGene00013720.,13,535,548
WBGene00013721.,0,60,60
WBGene00013722.,0,0,0
WBGene00013723.,0,41,41
WBGene00013724.,30,158,188
WBGene00013725.,84,876,960
WBGene00013726.,51,449,500
WBGene00013727.,25,170,195
WBGene00013728.,82,881,963
WBGene00013729.,20,541,561
WBGene00013730.,916,2520,3436
WBGene00013732.,3688,2154,5842
WBGene00013734.,23,5930,5953
WBGene00013735.,2153,3048,5201
WBGene00013736.,70,1435,1505
WBGene00013737.,710,1338,2048
WBGene00013738.,469,801,1270
WBGene00013739.,241,148,389
WBGene00013740.,25,496,521
WBGene00013741.,15,113,128
WBGene00013742.,139,190,329
WBGene00013744.,0,7,7
WBGene00013746.,194,264,458
WBGene00013747.,26,2,28
WBGene00013748.,64,580,644
WBGene00013749.,30,120,150
WBGene00013750.,7,36,43
WBGene00013751.,25,141,166
WBGene00013752.,168,388,556
WBGene00013753.,68,326,394
WBGene00013754.,1,3,4
WBGene00013755.,8,61,69
WBGene00013756.,62,835,897
WBGene00013757.,0,23,23
WBGene00013758.,23,642,665
WBGene00013759.,0,3,3
WBGene00013760.,0,3,3
WBGene00013761.,15,154,169
WBGene00013762.,3,27,30
WBGene00013763.,16,149,165
WBGene00013764.,23,19,42
WBGene00013765.,80,379,459
WBGene00013766.,204,25852,26056
WBGene00013768.,182,392,574
WBGene00013770.,0,1,1
WBGene00013771.,3,8,11
WBGene00013772.,1,0,1
WBGene00013773.,2,22,24
WBGene00013774.,5,37,42
WBGene00013775.,0,0,0
WBGene00013776.,1,154,155
WBGene00013777.,1,3,4
WBGene00013778.,5,39,44
WBGene00013779.,6,42,48
WBGene00013781.,78,266,344
WBGene00013782.,62,153,215
WBGene00013783.,1,0,1
WBGene00013784.,4139,25605,29744
WBGene00013785.,9,4,13
WBGene00013786.,6,3,9
WBGene00013788.,2,3,5
WBGene00013789.,156,400,556
WBGene00013790.,111,540,651
WBGene00013791.,0,7,7
WBGene00013792.,229,293,522
WBGene00013794.,0,2,2
WBGene00013795.,3,4,7
WBGene00013796.,0,0,0
WBGene00013797.,0,2,2
WBGene00013798.,3,2,5
WBGene00013799.,6,23,29
WBGene00013800.,18,7,25
WBGene00013801.,11,34,45
WBGene00013802.,215,485,700
WBGene00013803.,301,1563,1864
WBGene00013804.,254,1141,1395
WBGene00013805.,213,880,1093
WBGene00013806.,180,1250,1430
WBGene00013807.,414,904,1318
WBGene00013808.,350,1461,1811
WBGene00013809.,13,11,24
WBGene00013810.,5,5,10
WBGene00013811.,1,1,2
WBGene00013812.,29,82,111
WBGene00013814.,35,32,67
WBGene00013815.,0,4,4
WBGene00013816.,3,8,11
WBGene00013817.,4,22,26
WBGene00013819.,164,656,820
WBGene00013820.,2,0,2
WBGene00013821.,26,4,30
WBGene00013822.,9,17,26
WBGene00013823.,70,34,104
WBGene00013824.,3,13,16
WBGene00013825.,27,28,55
WBGene00013826.,12,55,67
WBGene00013827.,0,1,1
WBGene00013828.,18,3,21
WBGene00013829.,0,15,15
WBGene00013830.,1,2,3
WBGene00013831.,21,11,32
WBGene00013832.,3,13,16
WBGene00013833.,9,12,21
WBGene00013834.,10,10,20
WBGene00013835.,30,53,83
WBGene00013836.,19,189,208
WBGene00013837.,0,5,5
WBGene00013838.,10,66,76
WBGene00013839.,2,26,28
WBGene00013840.,3,17,20
WBGene00013841.,21,104,125
WBGene00013842.,32,194,226
WBGene00013843.,4,36,40
WBGene00013844.,6,33,39
WBGene00013845.,25,348,373
WBGene00013846.,9,4,13
WBGene00013847.,112,630,742
WBGene00013848.,185,381,566
WBGene00013849.,8,15,23
WBGene00013850.,42,49,91
WBGene00013852.,4,6,10
WBGene00013853.,7,2381,2388
WBGene00013854.,2,3,5
WBGene00013855.,97,507,604
WBGene00013856.,2,72,74
WBGene00013857.,191,839,1030
WBGene00013858.,0,0,0
WBGene00013859.,889,14103,14992
WBGene00013860.,169,1142,1311
WBGene00013862.,20,308,328
WBGene00013863.,6,9,15
WBGene00013865.,2,8,10
WBGene00013866.,179,917,1096
WBGene00013867.,37,99,136
WBGene00013868.,3,27,30
WBGene00013869.,307,1835,2142
WBGene00013870.,39,324,363
WBGene00013871.,14,39,53
WBGene00013872.,50,39,89
WBGene00013873.,20,14,34
WBGene00013874.,3,17,20
WBGene00013875.,5,19,24
WBGene00013876.,22,150,172
WBGene00013877.,142,1290,1432
WBGene00013878.,491,1214,1705
WBGene00013879.,5,8,13
WBGene00013880.,19,866,885
WBGene00013881.,39,580,619
WBGene00013882.,3198,35848,39046
WBGene00013883.,28,60,88
WBGene00013884.,1884,11205,13089
WBGene00013886.,21,6,27
WBGene00013887.,0,0,0
WBGene00013888.,0,0,0
WBGene00013889.,0,0,0
WBGene00013890.,0,0,0
WBGene00013891.,1,14,15
WBGene00013892.,88,1379,1467
WBGene00013893.,19,835,854
WBGene00013894.,121,1046,1167
WBGene00013895.,67,937,1004
WBGene00013896.,123,469,592
WBGene00013897.,94,3128,3222
WBGene00013898.,620,12921,13541
WBGene00013899.,70,1655,1725
WBGene00013900.,9,183,192
WBGene00013901.,33,444,477
WBGene00013902.,45,77,122
WBGene00013903.,5,40,45
WBGene00013904.,12,65,77
WBGene00013905.,4,24,28
WBGene00013906.,6,121,127
WBGene00013907.,21,50,71
WBGene00013908.,4,3,7
WBGene00013909.,3,7,10
WBGene00013910.,1,1,2
WBGene00013911.,22,33,55
WBGene00013912.,14,29,43
WBGene00013913.,16,9,25
WBGene00013914.,59,65,124
WBGene00013915.,10,6,16
WBGene00013916.,17,16,33
WBGene00013917.,36,390,426
WBGene00013918.,0,0,0
WBGene00013919.,184,1227,1411
WBGene00013920.,49,936,985
WBGene00013921.,208,850,1058
WBGene00013923.,26,331,357
WBGene00013924.,63,1399,1462
WBGene00013925.,67,916,983
WBGene00013926.,22,835,857
WBGene00013927.,1,1,2
WBGene00013928.,6,3,9
WBGene00013929.,5,2,7
WBGene00013930.,0,2,2
WBGene00013931.,8,0,8
WBGene00013932.,0,1,1
WBGene00013933.,8,16,24
WBGene00013934.,805,2279,3084
WBGene00013935.,0,0,0
WBGene00013937.,1,5,6
WBGene00013938.,8,56,64
WBGene00013939.,1,853,854
WBGene00013940.,1,6,7
WBGene00013941.,0,86,86
WBGene00013942.,4,4,8
WBGene00013943.,0,26,26
WBGene00013944.,2,8,10
WBGene00013946.,57,10,67
WBGene00013947.,17,41,58
WBGene00013948.,0,0,0
WBGene00013949.,28,198,226
WBGene00013950.,46,201,247
WBGene00013951.,2,0,2
WBGene00013953.,2,0,2
WBGene00013954.,2,12,14
WBGene00013955.,74,21,95
WBGene00013956.,0,3,3
WBGene00013957.,164,322,486
WBGene00013958.,129,2013,2142
WBGene00013959.,95,358,453
WBGene00013960.,25,15,40
WBGene00013961.,3,135,138
WBGene00013962.,92,1015,1107
WBGene00013963.,19,272,291
WBGene00013964.,21,832,853
WBGene00013965.,11,13,24
WBGene00013966.,4,349,353
WBGene00013967.,51,434,485
WBGene00013968.,7,23,30
WBGene00013969.,375,2858,3233
WBGene00013970.,187,648,835
WBGene00013971.,0,1,1
WBGene00013972.,1,1,2
WBGene00013973.,1,4,5
WBGene00013974.,11,14,25
WBGene00013975.,44,395,439
WBGene00013976.,15,18,33
WBGene00013978.,3,11,14
WBGene00013979.,2,3,5
WBGene00013980.,39,84,123
WBGene00013982.,14,65,79
WBGene00013983.,35,2138,2173
WBGene00013984.,714,1766,2480
WBGene00013985.,56,1054,1110
WBGene00013986.,0,43,43
WBGene00013987.,5,26,31
WBGene00013988.,4,5,9
WBGene00013989.,56,844,900
WBGene00013993.,0,1,1
WBGene00013994.,102,671,773
WBGene00013995.,7,18,25
WBGene00013996.,14,56,70
WBGene00013997.,164,1091,1255
WBGene00013998.,20,473,493
WBGene00013999.,1,0,1
WBGene00014000.,33,867,900
WBGene00014001.,262,4716,4978
WBGene00014002.,1106,10027,11133
WBGene00014003.,37,8504,8541
WBGene00014004.,268,2293,2561
WBGene00014005.,7,9,16
WBGene00014006.,14,6192,6206
WBGene00014007.,0,19,19
WBGene00014008.,3,33,36
WBGene00014009.,3,14,17
WBGene00014011.,54,1956,2010
WBGene00014012.,85,13981,14066
WBGene00014013.,238,3802,4040
WBGene00014014.,188,678,866
WBGene00014015.,141,2174,2315
WBGene00014016.,2308,27537,29845
WBGene00014017.,394,5088,5482
WBGene00014018.,308,1991,2299
WBGene00014019.,118,1051,1169
WBGene00014020.,29,497,526
WBGene00014021.,178,650,828
WBGene00014022.,428,3644,4072
WBGene00014023.,170,449,619
WBGene00014024.,80,218,298
WBGene00014025.,167,2633,2800
WBGene00014026.,0,0,0
WBGene00014027.,15,171,186
WBGene00014028.,49,258,307
WBGene00014029.,3,13,16
WBGene00014030.,73,11305,11378
WBGene00014031.,46,1489,1535
WBGene00014032.,1,0,1
WBGene00014033.,75,197,272
WBGene00014034.,3,360,363
WBGene00014035.,133,411,544
WBGene00014036.,934,2475,3409
WBGene00014037.,1589,5,1594
WBGene00014039.,4,45,49
WBGene00014040.,0,4,4
WBGene00014041.,0,1,1
WBGene00014042.,0,1,1
WBGene00014043.,2,1,3
WBGene00014044.,0,1,1
WBGene00014045.,1,3,4
WBGene00014046.,0,0,0
WBGene00014047.,17,80,97
WBGene00014048.,0,4,4
WBGene00014049.,3,1,4
WBGene00014050.,0,1,1
WBGene00014051.,421,1365,1786
WBGene00014052.,13,111,124
WBGene00014053.,181,1160,1341
WBGene00014054.,63,1500,1563
WBGene00014055.,87,817,904
WBGene00014057.,24,254,278
WBGene00014058.,238,3591,3829
WBGene00014060.,13,84,97
WBGene00014061.,0,0,0
WBGene00014062.,2,9,11
WBGene00014063.,0,21,21
WBGene00014064.,0,3,3
WBGene00014065.,110,94,204
WBGene00014066.,41,823,864
WBGene00014067.,2,47,49
WBGene00014068.,8,4,12
WBGene00014069.,1,43,44
WBGene00014070.,30,2,32
WBGene00014073.,34,160,194
WBGene00014074.,175,871,1046
WBGene00014075.,203,1672,1875
WBGene00014076.,172,622,794
WBGene00014077.,43,160,203
WBGene00014078.,254,2580,2834
WBGene00014079.,72,448,520
WBGene00014080.,50,422,472
WBGene00014081.,104,382,486
WBGene00014082.,11,6,17
WBGene00014083.,103,1631,1734
WBGene00014084.,0,4,4
WBGene00014085.,4,34,38
WBGene00014086.,1510,11414,12924
WBGene00014087.,78,1519,1597
WBGene00014088.,402,6546,6948
WBGene00014089.,13,36,49
WBGene00014090.,28,874,902
WBGene00014091.,667,10376,11043
WBGene00014092.,779,4589,5368
WBGene00014093.,47,17,64
WBGene00014094.,23,59,82
WBGene00014095.,362,97646,98008
WBGene00014096.,15,2701,2716
WBGene00014097.,1,23,24
WBGene00014098.,429,3737,4166
WBGene00014099.,88,1607,1695
WBGene00014100.,7,35,42
WBGene00014101.,236,379,615
WBGene00014102.,5,5,10
WBGene00014103.,22,5,27
WBGene00014104.,0,0,0
WBGene00014105.,12,35,47
WBGene00014106.,167,970,1137
WBGene00014107.,12,148,160
WBGene00014108.,368,8731,9099
WBGene00014109.,63,3220,3283
WBGene00014111.,13,449,462
WBGene00014112.,83,1597,1680
WBGene00014113.,16,437,453
WBGene00014114.,59,793,852
WBGene00014115.,180,2506,2686
WBGene00014116.,6,19,25
WBGene00014117.,5,134,139
WBGene00014118.,180,1165,1345
WBGene00014119.,209,572,781
WBGene00014120.,0,295,295
WBGene00014121.,16,23,39
WBGene00014122.,20,75,95
WBGene00014123.,74,2661,2735
WBGene00014124.,31,966,997
WBGene00014125.,36,2346,2382
WBGene00014126.,0,0,0
WBGene00014127.,2,8,10
WBGene00014128.,3,6,9
WBGene00014129.,2,4,6
WBGene00014130.,2,21,23
WBGene00014131.,0,49,49
WBGene00014132.,4,3,7
WBGene00014134.,7,32,39
WBGene00014135.,2,8,10
WBGene00014136.,37,103,140
WBGene00014137.,4,105,109
WBGene00014138.,29,125,154
WBGene00014139.,197,255,452
WBGene00014140.,441,657,1098
WBGene00014141.,22,233,255
WBGene00014142.,0,8,8
WBGene00014143.,0,1,1
WBGene00014144.,0,1,1
WBGene00014145.,32,320,352
WBGene00014147.,0,0,0
WBGene00014148.,169,1725,1894
WBGene00014149.,1,25,26
WBGene00014150.,134,926,1060
WBGene00014151.,138,1067,1205
WBGene00014152.,31,122,153
WBGene00014153.,103,1205,1308
WBGene00014154.,0,21,21
WBGene00014155.,8,17,25
WBGene00014156.,180,3234,3414
WBGene00014157.,1,3,4
WBGene00014158.,2,5,7
WBGene00014159.,2,534,536
WBGene00014160.,1,46,47
WBGene00014161.,20,116,136
WBGene00014162.,1,6,7
WBGene00014163.,5,482,487
WBGene00014164.,79,1038,1117
WBGene00014165.,819,15736,16555
WBGene00014166.,37,245,282
WBGene00014168.,1,0,1
WBGene00014169.,1,3,4
WBGene00014170.,2,4,6
WBGene00014171.,1649,2008,3657
WBGene00014172.,167,851,1018
WBGene00014173.,3,78,81
WBGene00014174.,0,5,5
WBGene00014175.,403,3693,4096
WBGene00014176.,20,212,232
WBGene00014177.,55,1034,1089
WBGene00014178.,13,53,66
WBGene00014179.,2,1,3
WBGene00014180.,4,2,6
WBGene00014181.,27,234,261
WBGene00014182.,0,0,0
WBGene00014183.,1,4,5
WBGene00014184.,7,1,8
WBGene00014185.,0,1,1
WBGene00014186.,0,0,0
WBGene00014188.,0,0,0
WBGene00014189.,1,0,1
WBGene00014190.,2,6,8
WBGene00014191.,2,4,6
WBGene00014192.,9,17,26
WBGene00014193.,0,5,5
WBGene00014194.,1,8,9
WBGene00014195.,15,38,53
WBGene00014196.,3,8,11
WBGene00014197.,2,6,8
WBGene00014198.,7,302,309
WBGene00014199.,5,8,13
WBGene00014200.,7,71,78
WBGene00014201.,1,3,4
WBGene00014202.,142,2880,3022
WBGene00014203.,11,198,209
WBGene00014204.,83,5432,5515
WBGene00014205.,16,341,357
WBGene00014206.,11,160,171
WBGene00014207.,195,3398,3593
WBGene00014208.,84,1217,1301
WBGene00014209.,113,1201,1314
WBGene00014210.,18,170,188
WBGene00014213.,308,4903,5211
WBGene00014214.,727,1027,1754
WBGene00014215.,252,934,1186
WBGene00014216.,1,0,1
WBGene00014217.,1,3,4
WBGene00014218.,156,3237,3393
WBGene00014219.,55,882,937
WBGene00014220.,42,254,296
WBGene00014221.,45,969,1014
WBGene00014222.,89,413,502
WBGene00014223.,75,76,151
WBGene00014224.,80,1329,1409
WBGene00014225.,9,28,37
WBGene00014226.,0,134,134
WBGene00014227.,175,1102,1277
WBGene00014228.,13,506,519
WBGene00014229.,3,6,9
WBGene00014230.,37,649,686
WBGene00014232.,179,1228,1407
WBGene00014233.,167,2426,2593
WBGene00014234.,4,572,576
WBGene00014235.,5,7,12
WBGene00014236.,5,3,8
WBGene00014238.,0,5,5
WBGene00014239.,1,1,2
WBGene00014240.,2,0,2
WBGene00014241.,0,7,7
WBGene00014242.,0,0,0
WBGene00014243.,179,1950,2129
WBGene00014244.,27,608,635
WBGene00014245.,43,278,321
WBGene00014246.,0,1,1
WBGene00014247.,4,1,5
WBGene00014248.,97,239,336
WBGene00014249.,41,1672,1713
WBGene00014250.,23,932,955
WBGene00014251.,175,1461,1636
WBGene00014252.,120,1079,1199
WBGene00014253.,71,648,719
WBGene00014254.,24,213,237
WBGene00014255.,7,130,137
WBGene00014256.,26,491,517
WBGene00014258.,111,1003,1114
WBGene00014259.,89,1003,1092
WBGene00014260.,33,21,54
WBGene00014261.,580,1081,1661
WBGene00014262.,368,4860,5228
WBGene00014263.,1,0,1
WBGene00014264.,0,0,0
WBGene00014265.,0,0,0
WBGene00014266.,0,0,0
WBGene00014267.,0,0,0
WBGene00014268.,0,0,0
WBGene00014269.,0,0,0
WBGene00014270.,0,0,0
WBGene00014271.,0,0,0
WBGene00014272.,0,0,0
WBGene00014273.,0,0,0
WBGene00014274.,0,0,0
WBGene00014275.,0,0,0
WBGene00014276.,0,0,0
WBGene00014277.,0,0,0
WBGene00014278.,0,0,0
WBGene00014279.,0,0,0
WBGene00014280.,0,0,0
WBGene00014281.,0,0,0
WBGene00014282.,0,0,0
WBGene00014283.,0,0,0
WBGene00014284.,0,0,0
WBGene00014285.,0,0,0
WBGene00014286.,0,0,0
WBGene00014287.,0,0,0
WBGene00014288.,0,0,0
WBGene00014289.,0,0,0
WBGene00014290.,0,0,0
WBGene00014291.,0,0,0
WBGene00014292.,0,0,0
WBGene00014293.,0,0,0
WBGene00014294.,3108,11029,14137
WBGene00014295.,0,0,0
WBGene00014296.,0,0,0
WBGene00014297.,0,0,0
WBGene00014298.,0,0,0
WBGene00014299.,0,0,0
WBGene00014300.,95,468,563
WBGene00014301.,0,0,0
WBGene00014302.,0,0,0
WBGene00014303.,0,0,0
WBGene00014304.,0,0,0
WBGene00014305.,0,0,0
WBGene00014306.,0,0,0
WBGene00014307.,3354,41145,44499
WBGene00014308.,97,24213,24310
WBGene00014309.,16049,164219,180268
WBGene00014310.,0,0,0
WBGene00014311.,0,0,0
WBGene00014312.,0,0,0
WBGene00014313.,0,0,0
WBGene00014314.,0,0,0
WBGene00014315.,0,0,0
WBGene00014316.,0,0,0
WBGene00014317.,0,0,0
WBGene00014318.,0,0,0
WBGene00014319.,0,0,0
WBGene00014320.,0,0,0
WBGene00014321.,0,0,0
WBGene00014322.,0,3,3
WBGene00014323.,0,0,0
WBGene00014324.,0,0,0
WBGene00014325.,0,0,0
WBGene00014326.,0,0,0
WBGene00014327.,0,0,0
WBGene00014328.,0,0,0
WBGene00014329.,0,0,0
WBGene00014330.,0,0,0
WBGene00014331.,0,0,0
WBGene00014332.,0,0,0
WBGene00014333.,0,0,0
WBGene00014334.,0,0,0
WBGene00014335.,0,0,0
WBGene00014336.,0,0,0
WBGene00014337.,0,0,0
WBGene00014338.,0,0,0
WBGene00014339.,0,0,0
WBGene00014340.,0,0,0
WBGene00014341.,0,0,0
WBGene00014342.,0,0,0
WBGene00014343.,0,0,0
WBGene00014344.,0,0,0
WBGene00014345.,0,0,0
WBGene00014346.,0,0,0
WBGene00014347.,0,0,0
WBGene00014348.,0,0,0
WBGene00014349.,0,1,1
WBGene00014350.,0,1,1
WBGene00014351.,0,0,0
WBGene00014352.,0,0,0
WBGene00014353.,0,0,0
WBGene00014354.,0,0,0
WBGene00014355.,0,0,0
WBGene00014356.,0,0,0
WBGene00014357.,0,0,0
WBGene00014358.,0,0,0
WBGene00014359.,0,0,0
WBGene00014360.,0,0,0
WBGene00014361.,0,0,0
WBGene00014362.,0,0,0
WBGene00014363.,0,0,0
WBGene00014364.,0,0,0
WBGene00014365.,0,0,0
WBGene00014366.,0,0,0
WBGene00014367.,0,0,0
WBGene00014368.,0,0,0
WBGene00014369.,0,0,0
WBGene00014370.,0,0,0
WBGene00014371.,0,0,0
WBGene00014372.,0,0,0
WBGene00014373.,1,0,1
WBGene00014374.,0,0,0
WBGene00014375.,10,55,65
WBGene00014376.,0,0,0
WBGene00014377.,0,0,0
WBGene00014378.,0,0,0
WBGene00014379.,0,0,0
WBGene00014380.,0,0,0
WBGene00014381.,0,0,0
WBGene00014382.,0,0,0
WBGene00014384.,0,0,0
WBGene00014385.,0,5,5
WBGene00014386.,0,0,0
WBGene00014387.,0,0,0
WBGene00014388.,0,0,0
WBGene00014389.,0,0,0
WBGene00014390.,0,0,0
WBGene00014391.,0,0,0
WBGene00014392.,0,0,0
WBGene00014393.,0,0,0
WBGene00014394.,0,29,29
WBGene00014395.,0,2,2
WBGene00014396.,0,0,0
WBGene00014397.,0,0,0
WBGene00014398.,0,0,0
WBGene00014399.,0,0,0
WBGene00014400.,0,4,4
WBGene00014401.,0,0,0
WBGene00014402.,0,0,0
WBGene00014403.,0,0,0
WBGene00014404.,0,0,0
WBGene00014405.,0,0,0
WBGene00014406.,0,0,0
WBGene00014407.,0,0,0
WBGene00014408.,0,0,0
WBGene00014409.,0,0,0
WBGene00014410.,0,0,0
WBGene00014411.,0,0,0
WBGene00014413.,0,0,0
WBGene00014414.,0,0,0
WBGene00014415.,0,0,0
WBGene00014416.,0,1,1
WBGene00014417.,0,8,8
WBGene00014418.,0,0,0
WBGene00014419.,0,0,0
WBGene00014420.,0,2,2
WBGene00014421.,0,0,0
WBGene00014422.,0,0,0
WBGene00014423.,0,0,0
WBGene00014424.,0,0,0
WBGene00014425.,0,0,0
WBGene00014426.,0,0,0
WBGene00014427.,0,0,0
WBGene00014428.,0,0,0
WBGene00014429.,1,0,1
WBGene00014430.,0,0,0
WBGene00014431.,0,0,0
WBGene00014432.,0,0,0
WBGene00014433.,0,0,0
WBGene00014434.,0,0,0
WBGene00014435.,0,0,0
WBGene00014436.,0,0,0
WBGene00014437.,0,0,0
WBGene00014438.,0,0,0
WBGene00014439.,0,31,31
WBGene00014440.,0,0,0
WBGene00014441.,0,0,0
WBGene00014442.,0,0,0
WBGene00014443.,0,0,0
WBGene00014444.,0,0,0
WBGene00014445.,0,0,0
WBGene00014446.,0,0,0
WBGene00014447.,0,0,0
WBGene00014448.,0,0,0
WBGene00014449.,0,0,0
WBGene00014450.,0,43,43
WBGene00014451.,0,70,70
WBGene00014452.,0,34,34
WBGene00014453.,0,10,10
WBGene00014454.,0,797449,797449
WBGene00014455.,0,18,18
WBGene00014456.,0,56,56
WBGene00014457.,0,411,411
WBGene00014458.,0,12,12
WBGene00014459.,0,267,267
WBGene00014460.,0,119,119
WBGene00014461.,0,38,38
WBGene00014462.,0,291,291
WBGene00014463.,0,22,22
WBGene00014464.,0,4,4
WBGene00014465.,0,24,24
WBGene00014466.,0,305,305
WBGene00014467.,0,63,63
WBGene00014468.,0,17,17
WBGene00014469.,0,30,30
WBGene00014470.,0,128,128
WBGene00014471.,0,23,23
WBGene00014472.,0,360840,360840
WBGene00014473.,0,1168,1168
WBGene00014474.,0,0,0
WBGene00014475.,0,0,0
WBGene00014476.,0,0,0
WBGene00014477.,0,0,0
WBGene00014478.,0,0,0
WBGene00014479.,0,0,0
WBGene00014480.,0,0,0
WBGene00014481.,0,0,0
WBGene00014482.,0,0,0
WBGene00014483.,0,0,0
WBGene00014484.,0,0,0
WBGene00014485.,0,0,0
WBGene00014486.,0,0,0
WBGene00014487.,0,0,0
WBGene00014488.,0,0,0
WBGene00014489.,0,0,0
WBGene00014490.,0,0,0
WBGene00014491.,0,0,0
WBGene00014493.,0,0,0
WBGene00014494.,0,0,0
WBGene00014495.,0,0,0
WBGene00014496.,0,0,0
WBGene00014497.,0,0,0
WBGene00014498.,0,0,0
WBGene00014499.,0,0,0
WBGene00014500.,0,0,0
WBGene00014501.,0,0,0
WBGene00014502.,0,0,0
WBGene00014503.,0,0,0
WBGene00014504.,0,0,0
WBGene00014505.,0,79307,79307
WBGene00014506.,0,0,0
WBGene00014507.,0,0,0
WBGene00014508.,0,0,0
WBGene00014509.,0,0,0
WBGene00014510.,0,0,0
WBGene00014511.,0,3,3
WBGene00014512.,0,0,0
WBGene00014513.,0,0,0
WBGene00014514.,0,0,0
WBGene00014515.,0,0,0
WBGene00014516.,0,0,0
WBGene00014517.,0,0,0
WBGene00014518.,0,0,0
WBGene00014519.,0,0,0
WBGene00014520.,0,0,0
WBGene00014521.,0,0,0
WBGene00014522.,0,0,0
WBGene00014523.,0,3,3
WBGene00014524.,0,0,0
WBGene00014525.,0,0,0
WBGene00014526.,0,0,0
WBGene00014527.,0,0,0
WBGene00014528.,0,0,0
WBGene00014529.,0,0,0
WBGene00014530.,0,0,0
WBGene00014531.,0,0,0
WBGene00014532.,0,0,0
WBGene00014533.,0,0,0
WBGene00014534.,0,2,2
WBGene00014535.,0,0,0
WBGene00014536.,0,0,0
WBGene00014537.,0,0,0
WBGene00014538.,0,0,0
WBGene00014539.,0,0,0
WBGene00014540.,0,0,0
WBGene00014541.,0,0,0
WBGene00014542.,0,15,15
WBGene00014543.,0,0,0
WBGene00014544.,0,0,0
WBGene00014545.,0,0,0
WBGene00014546.,0,0,0
WBGene00014547.,0,0,0
WBGene00014548.,0,0,0
WBGene00014549.,0,0,0
WBGene00014550.,0,0,0
WBGene00014551.,0,0,0
WBGene00014552.,0,0,0
WBGene00014553.,0,0,0
WBGene00014554.,0,0,0
WBGene00014555.,0,0,0
WBGene00014556.,0,0,0
WBGene00014557.,0,0,0
WBGene00014558.,0,0,0
WBGene00014559.,0,0,0
WBGene00014560.,0,0,0
WBGene00014561.,0,0,0
WBGene00014562.,6,17,23
WBGene00014563.,0,0,0
WBGene00014564.,0,0,0
WBGene00014565.,0,0,0
WBGene00014566.,0,0,0
WBGene00014567.,0,0,0
WBGene00014568.,0,0,0
WBGene00014569.,250,784,1034
WBGene00014570.,0,0,0
WBGene00014571.,0,0,0
WBGene00014572.,0,0,0
WBGene00014573.,0,0,0
WBGene00014574.,0,0,0
WBGene00014575.,0,0,0
WBGene00014576.,84,172,256
WBGene00014577.,0,10,10
WBGene00014578.,0,0,0
WBGene00014579.,0,0,0
WBGene00014580.,0,0,0
WBGene00014581.,0,0,0
WBGene00014582.,0,0,0
WBGene00014583.,0,0,0
WBGene00014584.,0,0,0
WBGene00014585.,0,0,0
WBGene00014586.,0,0,0
WBGene00014587.,0,0,0
WBGene00014588.,0,0,0
WBGene00014589.,0,1,1
WBGene00014590.,0,0,0
WBGene00014591.,0,0,0
WBGene00014592.,0,0,0
WBGene00014593.,0,0,0
WBGene00014594.,0,0,0
WBGene00014595.,0,0,0
WBGene00014596.,0,0,0
WBGene00014597.,0,0,0
WBGene00014598.,0,0,0
WBGene00014599.,0,0,0
WBGene00014600.,0,0,0
WBGene00014601.,0,0,0
WBGene00014602.,0,0,0
WBGene00014603.,0,0,0
WBGene00014604.,0,0,0
WBGene00014605.,0,0,0
WBGene00014606.,0,0,0
WBGene00014607.,0,0,0
WBGene00014608.,0,0,0
WBGene00014609.,0,0,0
WBGene00014610.,0,0,0
WBGene00014611.,0,0,0
WBGene00014612.,0,0,0
WBGene00014613.,146,617,763
WBGene00014614.,0,0,0
WBGene00014615.,3,4,7
WBGene00014616.,0,0,0
WBGene00014617.,0,0,0
WBGene00014618.,0,0,0
WBGene00014619.,0,0,0
WBGene00014620.,0,0,0
WBGene00014621.,0,0,0
WBGene00014622.,0,0,0
WBGene00014623.,0,0,0
WBGene00014624.,0,0,0
WBGene00014625.,0,0,0
WBGene00014626.,0,0,0
WBGene00014627.,0,0,0
WBGene00014628.,0,0,0
WBGene00014629.,0,0,0
WBGene00014630.,1,0,1
WBGene00014631.,0,0,0
WBGene00014632.,0,0,0
WBGene00014633.,0,0,0
WBGene00014634.,0,0,0
WBGene00014635.,0,0,0
WBGene00014636.,0,0,0
WBGene00014637.,0,0,0
WBGene00014638.,0,0,0
WBGene00014639.,0,0,0
WBGene00014640.,0,0,0
WBGene00014641.,1,17,18
WBGene00014643.,0,132,132
WBGene00014644.,0,0,0
WBGene00014645.,0,0,0
WBGene00014646.,0,0,0
WBGene00014647.,0,0,0
WBGene00014648.,0,0,0
WBGene00014649.,0,0,0
WBGene00014650.,0,0,0
WBGene00014651.,0,0,0
WBGene00014652.,0,0,0
WBGene00014653.,0,0,0
WBGene00014654.,0,0,0
WBGene00014655.,0,0,0
WBGene00014656.,0,0,0
WBGene00014657.,0,1,1
WBGene00014658.,0,2,2
WBGene00014659.,0,0,0
WBGene00014660.,0,5,5
WBGene00014663.,0,47,47
WBGene00014664.,0,0,0
WBGene00014665.,0,0,0
WBGene00014666.,13,31,44
WBGene00014667.,4,15,19
WBGene00014668.,1,8,9
WBGene00014669.,16,120,136
WBGene00014670.,0,0,0
WBGene00014671.,0,0,0
WBGene00014672.,0,80,80
WBGene00014673.,0,0,0
WBGene00014674.,0,15,15
WBGene00014675.,0,0,0
WBGene00014676.,0,0,0
WBGene00014677.,0,1,1
WBGene00014678.,0,1,1
WBGene00014679.,0,5,5
WBGene00014681.,0,0,0
WBGene00014682.,0,1,1
WBGene00014683.,0,0,0
WBGene00014684.,0,2,2
WBGene00014685.,0,0,0
WBGene00014686.,0,0,0
WBGene00014689.,0,1,1
WBGene00014691.,0,0,0
WBGene00014692.,0,0,0
WBGene00014693.,0,4,4
WBGene00014694.,0,9,9
WBGene00014695.,0,0,0
WBGene00014696.,0,0,0
WBGene00014697.,107,786,893
WBGene00014698.,35,675,710
WBGene00014699.,0,0,0
WBGene00014700.,3,54,57
WBGene00014701.,0,36,36
WBGene00014702.,0,18,18
WBGene00014703.,0,2,2
WBGene00014704.,0,1,1
WBGene00014705.,0,1,1
WBGene00014706.,0,0,0
WBGene00014707.,0,0,0
WBGene00014708.,0,0,0
WBGene00014710.,2,7,9
WBGene00014711.,9,20,29
WBGene00014714.,13,162,175
WBGene00014715.,0,0,0
WBGene00014716.,0,0,0
WBGene00014717.,0,0,0
WBGene00014718.,0,0,0
WBGene00014719.,0,0,0
WBGene00014720.,0,0,0
WBGene00014721.,0,0,0
WBGene00014722.,3,2,5
WBGene00014723.,0,2,2
WBGene00014724.,0,0,0
WBGene00014727.,0,0,0
WBGene00014728.,0,20,20
WBGene00014729.,0,33,33
WBGene00014730.,1,26,27
WBGene00014731.,0,16,16
WBGene00014732.,7,30,37
WBGene00014733.,0,0,0
WBGene00014734.,3,7,10
WBGene00014735.,0,4,4
WBGene00014738.,0,0,0
WBGene00014740.,0,6,6
WBGene00014741.,0,19,19
WBGene00014744.,0,35,35
WBGene00014745.,0,13,13
WBGene00014746.,2,187,189
WBGene00014748.,0,0,0
WBGene00014751.,69,253,322
WBGene00014752.,0,0,0
WBGene00014753.,0,9,9
WBGene00014754.,1,5,6
WBGene00014755.,0,0,0
WBGene00014757.,0,2,2
WBGene00014758.,0,4,4
WBGene00014759.,13,6,19
WBGene00014760.,4,5,9
WBGene00014761.,25,56,81
WBGene00014763.,0,0,0
WBGene00014764.,2,2,4
WBGene00014766.,0,0,0
WBGene00014767.,0,0,0
WBGene00014768.,0,2,2
WBGene00014769.,3,5,8
WBGene00014770.,2,6,8
WBGene00014771.,2,25,27
WBGene00014772.,941,3355,4296
WBGene00014773.,0,9,9
WBGene00014775.,0,0,0
WBGene00014776.,0,2,2
WBGene00014777.,3,1,4
WBGene00014778.,0,26,26
WBGene00014779.,3,0,3
WBGene00014781.,0,0,0
WBGene00014782.,0,0,0
WBGene00014783.,0,0,0
WBGene00014784.,0,0,0
WBGene00014785.,0,0,0
WBGene00014786.,0,0,0
WBGene00014787.,0,0,0
WBGene00014788.,0,0,0
WBGene00014789.,4,10,14
WBGene00014790.,10,2,12
WBGene00014793.,0,313,313
WBGene00014794.,13,9,22
WBGene00014796.,4,4,8
WBGene00014798.,7,7,14
WBGene00014799.,0,29,29
WBGene00014800.,0,15,15
WBGene00014801.,19,69,88
WBGene00014803.,0,2,2
WBGene00014805.,0,0,0
WBGene00014806.,0,7,7
WBGene00014807.,5,11,16
WBGene00014809.,5,8,13
WBGene00014811.,20,363,383
WBGene00014813.,3,6,9
WBGene00014814.,0,31,31
WBGene00014817.,0,7,7
WBGene00014818.,0,8,8
WBGene00014819.,0,1,1
WBGene00014820.,72,134,206
WBGene00014821.,55,33,88
WBGene00014822.,13,3,16
WBGene00014824.,0,0,0
WBGene00014825.,3,5,8
WBGene00014826.,5139,55607,60746
WBGene00014827.,1,3,4
WBGene00014828.,0,0,0
WBGene00014829.,0,0,0
WBGene00014832.,1,6,7
WBGene00014833.,4,2,6
WBGene00014834.,17,2,19
WBGene00014835.,10,128,138
WBGene00014836.,10,268,278
WBGene00014837.,0,19,19
WBGene00014838.,13,12,25
WBGene00014839.,0,1,1
WBGene00014841.,26,14,40
WBGene00014842.,0,7,7
WBGene00014843.,0,1,1
WBGene00014844.,3,3,6
WBGene00014845.,0,0,0
WBGene00014846.,1,6,7
WBGene00014848.,35,612,647
WBGene00014849.,0,0,0
WBGene00014850.,0,0,0
WBGene00014851.,4,8,12
WBGene00014852.,0,243,243
WBGene00014853.,0,0,0
WBGene00014854.,0,6,6
WBGene00014855.,0,0,0
WBGene00014856.,0,0,0
WBGene00014857.,0,0,0
WBGene00014858.,0,3,3
WBGene00014861.,0,21,21
WBGene00014862.,2,4,6
WBGene00014863.,1,13,14
WBGene00014864.,4,8,12
WBGene00014865.,0,1,1
WBGene00014866.,0,0,0
WBGene00014867.,0,0,0
WBGene00014868.,0,0,0
WBGene00014869.,0,0,0
WBGene00014870.,7,113,120
WBGene00014871.,0,157,157
WBGene00014872.,0,0,0
WBGene00014873.,0,0,0
WBGene00014874.,2,1,3
WBGene00014875.,0,0,0
WBGene00014876.,0,1,1
WBGene00014877.,0,1,1
WBGene00014878.,0,0,0
WBGene00014879.,0,1,1
WBGene00014880.,0,1,1
WBGene00014881.,0,0,0
WBGene00014882.,0,0,0
WBGene00014883.,0,12,12
WBGene00014884.,13,47,60
WBGene00014885.,0,0,0
WBGene00014886.,0,16,16
WBGene00014887.,0,2,2
WBGene00014888.,0,3,3
WBGene00014889.,0,0,0
WBGene00014890.,0,0,0
WBGene00014891.,0,0,0
WBGene00014892.,0,0,0
WBGene00014893.,0,1,1
WBGene00014894.,0,7,7
WBGene00014895.,0,0,0
WBGene00014896.,0,0,0
WBGene00014897.,0,0,0
WBGene00014898.,0,8,8
WBGene00014902.,0,0,0
WBGene00014903.,0,1,1
WBGene00014904.,9,31,40
WBGene00014905.,1,0,1
WBGene00014906.,5,21,26
WBGene00014907.,1,67,68
WBGene00014908.,0,0,0
WBGene00014909.,0,0,0
WBGene00014910.,0,0,0
WBGene00014911.,0,0,0
WBGene00014912.,0,0,0
WBGene00014914.,24,28,52
WBGene00014915.,111,174,285
WBGene00014916.,3,131,134
WBGene00014917.,22,200,222
WBGene00014918.,8,279,287
WBGene00014920.,3,24,27
WBGene00014921.,0,9,9
WBGene00014922.,0,3,3
WBGene00014923.,6,7,13
WBGene00014924.,11,7,18
WBGene00014925.,0,4,4
WBGene00014926.,8,3,11
WBGene00014927.,0,15,15
WBGene00014928.,0,0,0
WBGene00014929.,0,0,0
WBGene00014930.,0,0,0
WBGene00014931.,0,0,0
WBGene00014932.,0,0,0
WBGene00014933.,0,9,9
WBGene00014934.,0,4,4
WBGene00014935.,0,0,0
WBGene00014936.,0,0,0
WBGene00014937.,5,1,6
WBGene00014938.,133,1651,1784
WBGene00014939.,0,9,9
WBGene00014941.,8,58,66
WBGene00014943.,5,0,5
WBGene00014944.,0,20,20
WBGene00014945.,0,2,2
WBGene00014946.,0,13,13
WBGene00014947.,122,50,172
WBGene00014948.,0,2,2
WBGene00014949.,0,0,0
WBGene00014950.,0,0,0
WBGene00014951.,0,0,0
WBGene00014952.,0,0,0
WBGene00014953.,1,0,1
WBGene00014954.,1,7,8
WBGene00014955.,0,151,151
WBGene00014956.,0,29,29
WBGene00014957.,0,3,3
WBGene00014958.,0,3,3
WBGene00014961.,0,0,0
WBGene00014962.,0,0,0
WBGene00014963.,0,0,0
WBGene00014964.,0,2,2
WBGene00014965.,63,971,1034
WBGene00014966.,0,2,2
WBGene00014967.,0,8,8
WBGene00014969.,0,2,2
WBGene00014970.,0,0,0
WBGene00014971.,0,0,0
WBGene00014972.,0,4,4
WBGene00014973.,0,0,0
WBGene00014974.,0,0,0
WBGene00014975.,19,197,216
WBGene00014976.,0,1,1
WBGene00014977.,0,16,16
WBGene00014978.,14,89,103
WBGene00014979.,0,22,22
WBGene00014980.,0,2,2
WBGene00014981.,0,1,1
WBGene00014983.,0,1,1
WBGene00014984.,0,6,6
WBGene00014987.,0,335,335
WBGene00014989.,349,1346,1695
WBGene00014990.,0,0,0
WBGene00014991.,0,11,11
WBGene00014992.,0,1,1
WBGene00014993.,0,3,3
WBGene00014994.,93,128,221
WBGene00014996.,1,0,1
WBGene00014997.,3,2,5
WBGene00014998.,34,135,169
WBGene00014999.,50,526,576
WBGene00015000.,25,107,132
WBGene00015001.,110,814,924
WBGene00015002.,47,266,313
WBGene00015003.,4,0,4
WBGene00015004.,16,95,111
WBGene00015005.,16,48,64
WBGene00015006.,0,7,7
WBGene00015007.,508,3940,4448
WBGene00015008.,39,698,737
WBGene00015009.,67,997,1064
WBGene00015010.,41,203,244
WBGene00015011.,43,2216,2259
WBGene00015012.,5,55,60
WBGene00015013.,7,241,248
WBGene00015014.,22,314,336
WBGene00015015.,12,16,28
WBGene00015016.,28,153,181
WBGene00015017.,119,536,655
WBGene00015018.,7,13,20
WBGene00015019.,47,104,151
WBGene00015020.,0,5,5
WBGene00015021.,125,945,1070
WBGene00015022.,495,2431,2926
WBGene00015023.,33,263,296
WBGene00015024.,5,10,15
WBGene00015025.,457,3631,4088
WBGene00015026.,8,21,29
WBGene00015027.,93,147,240
WBGene00015028.,22,61,83
WBGene00015029.,33,743,776
WBGene00015030.,3,1,4
WBGene00015032.,10,13,23
WBGene00015033.,158,218,376
WBGene00015034.,2,4,6
WBGene00015035.,19,4,23
WBGene00015036.,5,27,32
WBGene00015037.,32,84,116
WBGene00015038.,20,110,130
WBGene00015040.,14,70,84
WBGene00015041.,49,96,145
WBGene00015042.,11,57,68
WBGene00015043.,68,786,854
WBGene00015044.,32,684,716
WBGene00015045.,8,53,61
WBGene00015046.,85,789,874
WBGene00015047.,193,1914,2107
WBGene00015048.,16,400,416
WBGene00015049.,6,47,53
WBGene00015050.,21,93,114
WBGene00015051.,2,2,4
WBGene00015052.,16,158,174
WBGene00015053.,10,363,373
WBGene00015054.,9,5,14
WBGene00015055.,34,91,125
WBGene00015056.,20,126,146
WBGene00015057.,25,254,279
WBGene00015058.,0,10,10
WBGene00015059.,8,529,537
WBGene00015061.,1815,14444,16259
WBGene00015062.,36,318,354
WBGene00015063.,14,2049,2063
WBGene00015064.,336,3528,3864
WBGene00015065.,1,3,4
WBGene00015066.,7,15,22
WBGene00015067.,49,523,572
WBGene00015068.,0,7,7
WBGene00015069.,0,0,0
WBGene00015070.,3,10,13
WBGene00015071.,0,1,1
WBGene00015072.,6,19,25
WBGene00015073.,13,432,445
WBGene00015074.,103,2371,2474
WBGene00015075.,97,1776,1873
WBGene00015076.,41,2773,2814
WBGene00015077.,7,11,18
WBGene00015078.,0,1,1
WBGene00015079.,332,129,461
WBGene00015080.,9,1,10
WBGene00015081.,11,9,20
WBGene00015082.,8,19,27
WBGene00015083.,11,226,237
WBGene00015084.,2,7,9
WBGene00015085.,11,45,56
WBGene00015087.,9,32,41
WBGene00015088.,111,944,1055
WBGene00015089.,4,9,13
WBGene00015091.,149,1395,1544
WBGene00015092.,223,4381,4604
WBGene00015093.,4,6,10
WBGene00015094.,15,39,54
WBGene00015095.,103,1104,1207
WBGene00015096.,84,521,605
WBGene00015097.,13,43,56
WBGene00015098.,9,114,123
WBGene00015099.,183,1700,1883
WBGene00015100.,0,3,3
WBGene00015101.,38,2690,2728
WBGene00015102.,9,294,303
WBGene00015103.,4,23,27
WBGene00015104.,25,1121,1146
WBGene00015105.,258,452,710
WBGene00015106.,1,1,2
WBGene00015107.,11,241,252
WBGene00015108.,0,1,1
WBGene00015110.,13,57,70
WBGene00015111.,0,3,3
WBGene00015112.,3,14,17
WBGene00015113.,5,36,41
WBGene00015114.,5,0,5
WBGene00015115.,410,1854,2264
WBGene00015116.,76,774,850
WBGene00015117.,14,745,759
WBGene00015118.,1,1,2
WBGene00015119.,0,2,2
WBGene00015121.,0,0,0
WBGene00015122.,10,280,290
WBGene00015124.,73,334,407
WBGene00015125.,29,1244,1273
WBGene00015126.,197,1960,2157
WBGene00015128.,78,1004,1082
WBGene00015129.,0,3,3
WBGene00015130.,53,895,948
WBGene00015131.,107,392,499
WBGene00015132.,16,143,159
WBGene00015133.,112,2545,2657
WBGene00015134.,77,1021,1098
WBGene00015135.,34,94,128
WBGene00015136.,114,1540,1654
WBGene00015137.,84,1823,1907
WBGene00015138.,23,54,77
WBGene00015139.,120,215,335
WBGene00015141.,48,404,452
WBGene00015142.,1,2,3
WBGene00015143.,27,1214,1241
WBGene00015145.,131,1197,1328
WBGene00015146.,63,858,921
WBGene00015147.,33,667,700
WBGene00015148.,42,1039,1081
WBGene00015149.,0,9,9
WBGene00015150.,9,192,201
WBGene00015151.,6,12,18
WBGene00015152.,131,140,271
WBGene00015153.,6,8,14
WBGene00015155.,420,1115,1535
WBGene00015156.,841,2418,3259
WBGene00015157.,31,757,788
WBGene00015158.,56,387,443
WBGene00015159.,976,3782,4758
WBGene00015160.,27,888,915
WBGene00015161.,46,776,822
WBGene00015162.,256,1705,1961
WBGene00015163.,35,4482,4517
WBGene00015164.,80,1211,1291
WBGene00015165.,28,35,63
WBGene00015167.,5,121,126
WBGene00015168.,32,2806,2838
WBGene00015169.,12,9,21
WBGene00015170.,0,3,3
WBGene00015171.,26,226,252
WBGene00015172.,12,1878,1890
WBGene00015173.,240,631,871
WBGene00015175.,6,11,17
WBGene00015176.,171,1520,1691
WBGene00015177.,123,732,855
WBGene00015178.,12,35,47
WBGene00015179.,12,128,140
WBGene00015180.,1,3,4
WBGene00015181.,23,1855,1878
WBGene00015182.,169,770,939
WBGene00015183.,5,24,29
WBGene00015184.,104,1160,1264
WBGene00015185.,565,2748,3313
WBGene00015186.,91,1141,1232
WBGene00015188.,53,208,261
WBGene00015189.,27,104,131
WBGene00015190.,2,126,128
WBGene00015191.,153,1040,1193
WBGene00015192.,3,4,7
WBGene00015193.,0,0,0
WBGene00015194.,120,528,648
WBGene00015196.,30,109,139
WBGene00015197.,37,340,377
WBGene00015198.,3,13,16
WBGene00015199.,10,6,16
WBGene00015200.,82,937,1019
WBGene00015202.,157,2008,2165
WBGene00015203.,222,2883,3105
WBGene00015204.,41,998,1039
WBGene00015205.,149,1681,1830
WBGene00015206.,51,1083,1134
WBGene00015207.,217,997,1214
WBGene00015208.,225,2831,3056
WBGene00015210.,19,121,140
WBGene00015211.,6,47,53
WBGene00015214.,6,12,18
WBGene00015215.,2,9,11
WBGene00015216.,35,208,243
WBGene00015217.,35,779,814
WBGene00015218.,18,72,90
WBGene00015219.,360,3918,4278
WBGene00015220.,7,162,169
WBGene00015221.,0,0,0
WBGene00015222.,4,0,4
WBGene00015223.,12,11,23
WBGene00015224.,2,1,3
WBGene00015225.,2,4,6
WBGene00015226.,6,6,12
WBGene00015227.,2,10,12
WBGene00015228.,4,8,12
WBGene00015229.,1,10,11
WBGene00015230.,1,9,10
WBGene00015231.,31,191,222
WBGene00015232.,2462,21152,23614
WBGene00015233.,7,601,608
WBGene00015235.,1,317,318
WBGene00015236.,58,30,88
WBGene00015237.,328,2018,2346
WBGene00015238.,39,316,355
WBGene00015241.,12,2,14
WBGene00015242.,1,3,4
WBGene00015243.,21,7,28
WBGene00015244.,10,35,45
WBGene00015245.,84,795,879
WBGene00015246.,78,19,97
WBGene00015247.,0,110,110
WBGene00015248.,1765,13483,15248
WBGene00015249.,652,1809,2461
WBGene00015250.,335,980,1315
WBGene00015251.,546,10146,10692
WBGene00015252.,7,2,9
WBGene00015253.,0,1,1
WBGene00015254.,0,0,0
WBGene00015255.,1,7,8
WBGene00015257.,12,3,15
WBGene00015258.,5,1,6
WBGene00015259.,2,5,7
WBGene00015260.,8,8,16
WBGene00015261.,0,19,19
WBGene00015262.,202,385,587
WBGene00015263.,151,373,524
WBGene00015264.,66,264,330
WBGene00015265.,7,62,69
WBGene00015266.,106,247,353
WBGene00015267.,92,406,498
WBGene00015268.,34,66,100
WBGene00015269.,0,0,0
WBGene00015270.,0,0,0
WBGene00015271.,0,0,0
WBGene00015272.,0,0,0
WBGene00015273.,248,1,249
WBGene00015277.,0,0,0
WBGene00015278.,18,127,145
WBGene00015279.,7,35,42
WBGene00015280.,52,199,251
WBGene00015281.,8,35,43
WBGene00015282.,118,877,995
WBGene00015283.,62,778,840
WBGene00015284.,3,51,54
WBGene00015285.,234,2171,2405
WBGene00015286.,23,248,271
WBGene00015287.,5,169,174
WBGene00015288.,3,21,24
WBGene00015291.,89,857,946
WBGene00015292.,10,10,20
WBGene00015293.,617,4575,5192
WBGene00015294.,173,2644,2817
WBGene00015295.,38,350,388
WBGene00015296.,236,2141,2377
WBGene00015297.,55,824,879
WBGene00015298.,56,202,258
WBGene00015299.,34,140,174
WBGene00015300.,12,92,104
WBGene00015301.,396,1103,1499
WBGene00015303.,410,534,944
WBGene00015305.,7,3,10
WBGene00015306.,8,5,13
WBGene00015307.,59,361,420
WBGene00015308.,126,1887,2013
WBGene00015309.,16,42,58
WBGene00015310.,83,1095,1178
WBGene00015311.,4,10,14
WBGene00015312.,23,477,500
WBGene00015313.,18,410,428
WBGene00015315.,1,1,2
WBGene00015316.,11,1,12
WBGene00015317.,1,3,4
WBGene00015318.,3,2,5
WBGene00015320.,5,64,69
WBGene00015321.,0,1,1
WBGene00015322.,6,318,324
WBGene00015323.,18,2,20
WBGene00015324.,26,311,337
WBGene00015325.,0,0,0
WBGene00015326.,37,3059,3096
WBGene00015327.,41,758,799
WBGene00015328.,470,990,1460
WBGene00015329.,63,1949,2012
WBGene00015330.,112,986,1098
WBGene00015331.,0,0,0
WBGene00015332.,106,786,892
WBGene00015333.,8,32,40
WBGene00015334.,101,387,488
WBGene00015335.,5,23,28
WBGene00015336.,21,520,541
WBGene00015337.,1,19,20
WBGene00015338.,7,1,8
WBGene00015339.,5,95,100
WBGene00015340.,4,17,21
WBGene00015341.,4,4,8
WBGene00015342.,1,1,2
WBGene00015344.,38,707,745
WBGene00015345.,5,4,9
WBGene00015346.,195,6109,6304
WBGene00015347.,105,769,874
WBGene00015348.,3,18,21
WBGene00015349.,293,827,1120
WBGene00015350.,96,6210,6306
WBGene00015351.,7,37,44
WBGene00015352.,203,2358,2561
WBGene00015353.,19,273,292
WBGene00015354.,275,9135,9410
WBGene00015355.,18,36,54
WBGene00015356.,381,3691,4072
WBGene00015357.,24,199,223
WBGene00015359.,8,42,50
WBGene00015360.,7,4,11
WBGene00015361.,12,7,19
WBGene00015362.,65,448,513
WBGene00015364.,16,51,67
WBGene00015366.,4,19,23
WBGene00015367.,6,24,30
WBGene00015368.,19,14,33
WBGene00015369.,2,26,28
WBGene00015371.,46,5,51
WBGene00015372.,3,4,7
WBGene00015373.,26,67,93
WBGene00015374.,3,15,18
WBGene00015375.,16,101,117
WBGene00015376.,2,14,16
WBGene00015377.,10,45,55
WBGene00015378.,23,124,147
WBGene00015379.,0,0,0
WBGene00015380.,0,12,12
WBGene00015381.,16,31,47
WBGene00015382.,13,68,81
WBGene00015385.,0,101,101
WBGene00015386.,238,20,258
WBGene00015387.,77,107,184
WBGene00015388.,7,10,17
WBGene00015389.,38,260,298
WBGene00015390.,43,269,312
WBGene00015391.,97,1863,1960
WBGene00015392.,0,17,17
WBGene00015393.,2686,33726,36412
WBGene00015394.,7,1,8
WBGene00015395.,9,45,54
WBGene00015396.,7,51,58
WBGene00015397.,5,5,10
WBGene00015398.,5,3730,3735
WBGene00015399.,5,5,10
WBGene00015400.,24,141,165
WBGene00015401.,14,58,72
WBGene00015402.,396,2991,3387
WBGene00015403.,5,60,65
WBGene00015404.,91,1225,1316
WBGene00015405.,256,3446,3702
WBGene00015406.,3,31,34
WBGene00015407.,24,270,294
WBGene00015408.,12,54,66
WBGene00015409.,6,93,99
WBGene00015410.,186,872,1058
WBGene00015411.,11,11,22
WBGene00015412.,13,23,36
WBGene00015413.,207,3682,3889
WBGene00015414.,0,1,1
WBGene00015416.,19,64,83
WBGene00015417.,6,84,90
WBGene00015418.,868,3557,4425
WBGene00015419.,0,5,5
WBGene00015421.,5,4,9
WBGene00015422.,5,4,9
WBGene00015423.,12,278,290
WBGene00015424.,11,60,71
WBGene00015425.,115,791,906
WBGene00015426.,3,13,16
WBGene00015427.,111,1400,1511
WBGene00015428.,5,6,11
WBGene00015429.,56,506,562
WBGene00015430.,423,1458,1881
WBGene00015432.,6,14,20
WBGene00015433.,48,252,300
WBGene00015434.,292,1141,1433
WBGene00015435.,2,1,3
WBGene00015436.,1,0,1
WBGene00015437.,4,44,48
WBGene00015438.,10,1,11
WBGene00015439.,10,8,18
WBGene00015440.,27,94,121
WBGene00015441.,8,12,20
WBGene00015442.,5,0,5
WBGene00015444.,24,12,36
WBGene00015446.,2,0,2
WBGene00015447.,3,7,10
WBGene00015448.,1,4,5
WBGene00015449.,1,2,3
WBGene00015450.,19,920,939
WBGene00015451.,129,881,1010
WBGene00015453.,3,9,12
WBGene00015454.,24,625,649
WBGene00015455.,332,361,693
WBGene00015456.,0,36,36
WBGene00015457.,2,5,7
WBGene00015458.,1,1,2
WBGene00015459.,1,1,2
WBGene00015460.,18,595,613
WBGene00015461.,114,1837,1951
WBGene00015462.,17,414,431
WBGene00015463.,6,617,623
WBGene00015464.,58,843,901
WBGene00015465.,18,20,38
WBGene00015466.,19,1148,1167
WBGene00015467.,7,7,14
WBGene00015468.,113,778,891
WBGene00015469.,16,51,67
WBGene00015470.,34,1651,1685
WBGene00015471.,76,324,400
WBGene00015472.,76,393,469
WBGene00015473.,45,50,95
WBGene00015474.,40,793,833
WBGene00015476.,250,1487,1737
WBGene00015477.,195,2797,2992
WBGene00015478.,79,398,477
WBGene00015479.,33,166,199
WBGene00015480.,133,311,444
WBGene00015481.,61,2461,2522
WBGene00015483.,31,203,234
WBGene00015484.,95,3264,3359
WBGene00015485.,74,882,956
WBGene00015486.,106,647,753
WBGene00015487.,40,6108,6148
WBGene00015488.,303,942,1245
WBGene00015489.,2,7,9
WBGene00015491.,1,2,3
WBGene00015492.,18,1710,1728
WBGene00015493.,9,8,17
WBGene00015494.,82,341,423
WBGene00015495.,30,8985,9015
WBGene00015496.,6,8,14
WBGene00015497.,46,51,97
WBGene00015499.,190,1315,1505
WBGene00015500.,8,30,38
WBGene00015501.,406,4754,5160
WBGene00015504.,210,1300,1510
WBGene00015505.,79,544,623
WBGene00015507.,145,667,812
WBGene00015508.,106,1471,1577
WBGene00015509.,204,1235,1439
WBGene00015510.,42,1095,1137
WBGene00015511.,2,34,36
WBGene00015512.,61,1076,1137
WBGene00015513.,93,1607,1700
WBGene00015514.,765,13590,14355
WBGene00015515.,37,867,904
WBGene00015516.,5,32,37
WBGene00015517.,140,911,1051
WBGene00015518.,0,71,71
WBGene00015519.,9,52,61
WBGene00015520.,0,12,12
WBGene00015521.,0,1,1
WBGene00015522.,3,9,12
WBGene00015523.,16,62,78
WBGene00015524.,43,702,745
WBGene00015525.,112,1042,1154
WBGene00015526.,12,112,124
WBGene00015527.,4,140,144
WBGene00015528.,3,8,11
WBGene00015529.,19,106,125
WBGene00015530.,0,1,1
WBGene00015531.,69,519,588
WBGene00015532.,15,43,58
WBGene00015533.,3,0,3
WBGene00015534.,1,4,5
WBGene00015535.,0,20,20
WBGene00015536.,15,197,212
WBGene00015537.,3,23,26
WBGene00015538.,2,825,827
WBGene00015539.,41,489,530
WBGene00015540.,5,1300,1305
WBGene00015541.,60,221,281
WBGene00015544.,21,203,224
WBGene00015545.,38,132,170
WBGene00015546.,0,50,50
WBGene00015547.,111,2276,2387
WBGene00015549.,201,2080,2281
WBGene00015550.,4,54,58
WBGene00015551.,1525,11385,12910
WBGene00015552.,52,3731,3783
WBGene00015553.,535,4692,5227
WBGene00015554.,32,271,303
WBGene00015555.,245,1355,1600
WBGene00015557.,73,937,1010
WBGene00015558.,4,26,30
WBGene00015559.,91,357,448
WBGene00015560.,8,220,228
WBGene00015561.,254,1730,1984
WBGene00015562.,2,26,28
WBGene00015564.,0,0,0
WBGene00015565.,227,2568,2795
WBGene00015566.,13,88,101
WBGene00015567.,126,1184,1310
WBGene00015568.,17,104,121
WBGene00015569.,16,286,302
WBGene00015570.,15,69,84
WBGene00015572.,4,3,7
WBGene00015573.,1,4,5
WBGene00015574.,3,50,53
WBGene00015575.,2,6,8
WBGene00015576.,38,124,162
WBGene00015577.,99,492,591
WBGene00015578.,6,3303,3309
WBGene00015579.,0,1929,1929
WBGene00015580.,164,519,683
WBGene00015581.,331,3236,3567
WBGene00015582.,4,64,68
WBGene00015583.,4,10,14
WBGene00015586.,6,99,105
WBGene00015587.,0,4,4
WBGene00015588.,1,5,6
WBGene00015589.,0,14,14
WBGene00015590.,39,542,581
WBGene00015591.,46,1152,1198
WBGene00015592.,29,7,36
WBGene00015593.,7,192,199
WBGene00015594.,2,1,3
WBGene00015595.,1,1,2
WBGene00015596.,1,8,9
WBGene00015597.,12,246,258
WBGene00015598.,1,14,15
WBGene00015599.,1,32,33
WBGene00015600.,1,3,4
WBGene00015601.,10,12,22
WBGene00015602.,0,25,25
WBGene00015603.,0,1,1
WBGene00015604.,1,0,1
WBGene00015605.,38,606,644
WBGene00015606.,3,1,4
WBGene00015607.,0,3,3
WBGene00015608.,21,76,97
WBGene00015609.,3,36,39
WBGene00015610.,0,9,9
WBGene00015611.,3,999,1002
WBGene00015613.,0,61,61
WBGene00015614.,4,4,8
WBGene00015615.,0,3,3
WBGene00015616.,10,5,15
WBGene00015618.,19,48,67
WBGene00015619.,771,4578,5349
WBGene00015620.,12,43,55
WBGene00015621.,118,1537,1655
WBGene00015622.,5,2,7
WBGene00015623.,39,407,446
WBGene00015624.,10,177,187
WBGene00015625.,27,130,157
WBGene00015626.,44,356,400
WBGene00015627.,2,0,2
WBGene00015628.,2,2,4
WBGene00015629.,8,4,12
WBGene00015630.,11,6,17
WBGene00015631.,7,93,100
WBGene00015632.,235,1749,1984
WBGene00015633.,1365,11406,12771
WBGene00015634.,2,16,18
WBGene00015635.,50,706,756
WBGene00015636.,0,0,0
WBGene00015637.,2,10,12
WBGene00015638.,34,346,380
WBGene00015639.,8,9,17
WBGene00015640.,70,378,448
WBGene00015641.,74,904,978
WBGene00015642.,106,734,840
WBGene00015644.,86,537,623
WBGene00015645.,4,62,66
WBGene00015646.,9,6,15
WBGene00015647.,109,1529,1638
WBGene00015648.,157,690,847
WBGene00015649.,13,21,34
WBGene00015650.,1031,3284,4315
WBGene00015651.,181,416,597
WBGene00015652.,3,5,8
WBGene00015653.,9,1,10
WBGene00015654.,3,1,4
WBGene00015655.,0,1,1
WBGene00015656.,9,1,10
WBGene00015658.,383,622,1005
WBGene00015660.,8,35,43
WBGene00015661.,2,4,6
WBGene00015662.,2,13,15
WBGene00015663.,6,3,9
WBGene00015664.,10,1618,1628
WBGene00015665.,2,9,11
WBGene00015666.,72,716,788
WBGene00015667.,0,0,0
WBGene00015668.,8,1,9
WBGene00015670.,24,150,174
WBGene00015671.,28,319,347
WBGene00015672.,11,30,41
WBGene00015673.,119,815,934
WBGene00015675.,96,394,490
WBGene00015676.,14,614,628
WBGene00015677.,102,546,648
WBGene00015678.,266,717,983
WBGene00015679.,5,57,62
WBGene00015680.,189,2169,2358
WBGene00015681.,2,6,8
WBGene00015682.,5,4,9
WBGene00015683.,0,6,6
WBGene00015684.,161,2134,2295
WBGene00015685.,7,0,7
WBGene00015686.,79,100,179
WBGene00015687.,80,4328,4408
WBGene00015688.,3,0,3
WBGene00015689.,0,2,2
WBGene00015690.,13,0,13
WBGene00015691.,102,888,990
WBGene00015692.,15,20,35
WBGene00015693.,3,16,19
WBGene00015694.,10,8,18
WBGene00015695.,17,76,93
WBGene00015696.,0,9,9
WBGene00015697.,43,240,283
WBGene00015698.,0,241,241
WBGene00015700.,19,51,70
WBGene00015701.,39,139,178
WBGene00015702.,7,581,588
WBGene00015703.,7,1241,1248
WBGene00015704.,152,277,429
WBGene00015705.,54,456,510
WBGene00015706.,4,174,178
WBGene00015707.,0,28,28
WBGene00015708.,11,75,86
WBGene00015709.,20,366,386
WBGene00015710.,2,31,33
WBGene00015711.,1,10,11
WBGene00015712.,3,11,14
WBGene00015713.,16,223,239
WBGene00015714.,6,30,36
WBGene00015716.,18,161,179
WBGene00015718.,8,109,117
WBGene00015719.,0,0,0
WBGene00015720.,6,21,27
WBGene00015721.,0,1,1
WBGene00015722.,4,3,7
WBGene00015723.,4,3,7
WBGene00015724.,6,5,11
WBGene00015725.,5,2,7
WBGene00015726.,1,2,3
WBGene00015727.,0,0,0
WBGene00015728.,15,67,82
WBGene00015729.,13,598,611
WBGene00015730.,0,0,0
WBGene00015731.,0,0,0
WBGene00015733.,15,101,116
WBGene00015734.,31,1333,1364
WBGene00015735.,1173,1675,2848
WBGene00015736.,5,26,31
WBGene00015737.,1,2,3
WBGene00015738.,0,1,1
WBGene00015739.,9,12,21
WBGene00015740.,88,1010,1098
WBGene00015741.,293,1836,2129
WBGene00015742.,83,671,754
WBGene00015743.,124,1205,1329
WBGene00015744.,146,457,603
WBGene00015745.,58,453,511
WBGene00015746.,44,1544,1588
WBGene00015747.,152,913,1065
WBGene00015748.,63,1109,1172
WBGene00015750.,25,101,126
WBGene00015751.,47,117,164
WBGene00015752.,12,395,407
WBGene00015753.,47,450,497
WBGene00015754.,115,1357,1472
WBGene00015755.,1088,17082,18170
WBGene00015756.,23,238,261
WBGene00015757.,4,1,5
WBGene00015758.,2,1,3
WBGene00015759.,33,321,354
WBGene00015760.,6,2,8
WBGene00015761.,6,5,11
WBGene00015762.,10,5,15
WBGene00015763.,2,5,7
WBGene00015764.,15,3,18
WBGene00015765.,1,10,11
WBGene00015766.,7,264,271
WBGene00015767.,98,672,770
WBGene00015768.,22,113,135
WBGene00015769.,23,689,712
WBGene00015770.,1,4,5
WBGene00015771.,0,1,1
WBGene00015772.,2,1,3
WBGene00015773.,8,6,14
WBGene00015774.,1,25,26
WBGene00015775.,32,6,38
WBGene00015776.,418,10086,10504
WBGene00015777.,32,403,435
WBGene00015778.,13,7515,7528
WBGene00015779.,229,970,1199
WBGene00015780.,15,27,42
WBGene00015781.,27,189,216
WBGene00015782.,8,128,136
WBGene00015783.,7,43,50
WBGene00015784.,6,25,31
WBGene00015785.,0,1,1
WBGene00015786.,272,1489,1761
WBGene00015787.,48,332,380
WBGene00015788.,13,116,129
WBGene00015789.,10,283,293
WBGene00015790.,245,510,755
WBGene00015791.,16,957,973
WBGene00015792.,12,48,60
WBGene00015793.,15,221,236
WBGene00015794.,26,115,141
WBGene00015795.,41,10,51
WBGene00015796.,95,275,370
WBGene00015797.,73,424,497
WBGene00015798.,21,86,107
WBGene00015799.,7,118,125
WBGene00015800.,257,470,727
WBGene00015801.,89,548,637
WBGene00015802.,131,664,795
WBGene00015803.,643,4316,4959
WBGene00015805.,52,901,953
WBGene00015806.,19,680,699
WBGene00015807.,11,191,202
WBGene00015809.,1265,15679,16944
WBGene00015810.,12,4053,4065
WBGene00015811.,384,25301,25685
WBGene00015813.,315,4352,4667
WBGene00015814.,111,2525,2636
WBGene00015815.,227,825,1052
WBGene00015816.,68,385,453
WBGene00015817.,420,3174,3594
WBGene00015818.,12,324,336
WBGene00015819.,0,421,421
WBGene00015820.,1,14,15
WBGene00015821.,6,8,14
WBGene00015822.,41,81,122
WBGene00015823.,0,4624,4624
WBGene00015824.,7,313,320
WBGene00015825.,0,0,0
WBGene00015826.,1,6,7
WBGene00015827.,1,1,2
WBGene00015828.,1,2,3
WBGene00015829.,4,5,9
WBGene00015830.,3,16,19
WBGene00015832.,1,4,5
WBGene00015833.,2,2,4
WBGene00015834.,4,6,10
WBGene00015835.,1,2,3
WBGene00015836.,0,0,0
WBGene00015837.,4,1,5
WBGene00015838.,0,0,0
WBGene00015839.,2,6,8
WBGene00015840.,2,1,3
WBGene00015841.,17,5,22
WBGene00015842.,54,470,524
WBGene00015843.,316,1010,1326
WBGene00015845.,0,4,4
WBGene00015846.,0,0,0
WBGene00015847.,0,0,0
WBGene00015848.,1,1,2
WBGene00015849.,100,761,861
WBGene00015850.,40,341,381
WBGene00015851.,83,114,197
WBGene00015852.,0,279,279
WBGene00015853.,135,1329,1464
WBGene00015854.,0,0,0
WBGene00015855.,2,5,7
WBGene00015856.,0,6,6
WBGene00015857.,58,537,595
WBGene00015858.,0,2,2
WBGene00015859.,8,43,51
WBGene00015860.,11,44,55
WBGene00015861.,84,553,637
WBGene00015862.,61,181,242
WBGene00015863.,14,17,31
WBGene00015864.,199,3000,3199
WBGene00015865.,62,867,929
WBGene00015866.,28,410,438
WBGene00015867.,21,74,95
WBGene00015868.,1177,2833,4010
WBGene00015869.,1,0,1
WBGene00015870.,2,3,5
WBGene00015871.,0,0,0
WBGene00015872.,2,3,5
WBGene00015873.,7,4,11
WBGene00015874.,0,1,1
WBGene00015875.,5,2,7
WBGene00015876.,5,38,43
WBGene00015877.,0,1,1
WBGene00015878.,11,131,142
WBGene00015879.,12,8,20
WBGene00015882.,3,23,26
WBGene00015883.,4,2,6
WBGene00015884.,26,215,241
WBGene00015885.,8,246,254
WBGene00015886.,0,7,7
WBGene00015887.,15,271,286
WBGene00015888.,0,0,0
WBGene00015889.,8,81,89
WBGene00015890.,0,8,8
WBGene00015891.,5,5,10
WBGene00015892.,3,2,5
WBGene00015893.,0,5,5
WBGene00015894.,9,46,55
WBGene00015895.,0,0,0
WBGene00015896.,0,23,23
WBGene00015897.,63,347,410
WBGene00015898.,12,6,18
WBGene00015899.,2,3,5
WBGene00015900.,11,46,57
WBGene00015901.,80,155,235
WBGene00015902.,6,15,21
WBGene00015903.,3,7,10
WBGene00015904.,2,3,5
WBGene00015905.,3,6,9
WBGene00015906.,1,8,9
WBGene00015907.,2,1,3
WBGene00015908.,9,15,24
WBGene00015909.,1,2,3
WBGene00015910.,1,4,5
WBGene00015911.,0,1,1
WBGene00015912.,1,55,56
WBGene00015913.,214,2581,2795
WBGene00015914.,58,27,85
WBGene00015915.,57,642,699
WBGene00015916.,119,1394,1513
WBGene00015917.,4,20,24
WBGene00015918.,44,264,308
WBGene00015919.,49,918,967
WBGene00015920.,18,1543,1561
WBGene00015921.,111,259,370
WBGene00015922.,45,429,474
WBGene00015924.,3,0,3
WBGene00015925.,73,93,166
WBGene00015926.,537,1689,2226
WBGene00015927.,288,1354,1642
WBGene00015928.,333,900,1233
WBGene00015929.,5,11,16
WBGene00015930.,14,168,182
WBGene00015931.,4,8,12
WBGene00015932.,1,13,14
WBGene00015933.,25,219,244
WBGene00015934.,40,443,483
WBGene00015935.,326,1063,1389
WBGene00015936.,263,609,872
WBGene00015937.,13,20,33
WBGene00015938.,336,1852,2188
WBGene00015939.,20,107,127
WBGene00015940.,32,391,423
WBGene00015941.,171,1221,1392
WBGene00015942.,70,589,659
WBGene00015943.,93,3425,3518
WBGene00015944.,3,7,10
WBGene00015945.,246,284,530
WBGene00015946.,20,122,142
WBGene00015947.,667,5981,6648
WBGene00015948.,168,1597,1765
WBGene00015949.,17,64,81
WBGene00015950.,10,12,22
WBGene00015952.,32,46,78
WBGene00015953.,71,200,271
WBGene00015954.,1042,4973,6015
WBGene00015955.,45,2441,2486
WBGene00015956.,78,735,813
WBGene00015957.,39,119,158
WBGene00015958.,2,5,7
WBGene00015959.,0,1,1
WBGene00015960.,4,0,4
WBGene00015961.,2,0,2
WBGene00015962.,3,5,8
WBGene00015963.,11,61,72
WBGene00015964.,84,59,143
WBGene00015965.,14,43,57
WBGene00015968.,351,1181,1532
WBGene00015969.,49,216,265
WBGene00015970.,8,77,85
WBGene00015971.,179,1141,1320
WBGene00015972.,137,725,862
WBGene00015974.,432,329,761
WBGene00015975.,12,923,935
WBGene00015976.,181,1388,1569
WBGene00015977.,10,105,115
WBGene00015978.,52,1756,1808
WBGene00015979.,2,0,2
WBGene00015980.,363,1693,2056
WBGene00015981.,37,212,249
WBGene00015982.,3,0,3
WBGene00015984.,15,36,51
WBGene00015985.,13,14,27
WBGene00015986.,11,18,29
WBGene00015987.,2,2,4
WBGene00015988.,4,15,19
WBGene00015989.,16,399,415
WBGene00015990.,4,6,10
WBGene00015991.,8,15,23
WBGene00015992.,4,9,13
WBGene00015993.,227,2749,2976
WBGene00015994.,8,4,12
WBGene00015996.,12,104,116
WBGene00015997.,0,2,2
WBGene00015998.,2,6,8
WBGene00015999.,9,84,93
WBGene00016000.,13,13,26
WBGene00016002.,316,1531,1847
WBGene00016003.,20,51,71
WBGene00016004.,3,64,67
WBGene00016005.,35,444,479
WBGene00016006.,973,7729,8702
WBGene00016008.,5,1,6
WBGene00016009.,59,3568,3627
WBGene00016010.,43,6,49
WBGene00016011.,1235,7785,9020
WBGene00016012.,14,172,186
WBGene00016013.,4,9,13
WBGene00016014.,52,1193,1245
WBGene00016015.,82,1792,1874
WBGene00016016.,7,55,62
WBGene00016017.,0,1,1
WBGene00016018.,163,706,869
WBGene00016019.,40,1442,1482
WBGene00016020.,144,1047,1191
WBGene00016021.,89,881,970
WBGene00016022.,17,399,416
WBGene00016023.,13,101,114
WBGene00016024.,61,315,376
WBGene00016025.,22,171,193
WBGene00016027.,18,89,107
WBGene00016028.,156,5965,6121
WBGene00016029.,198,60,258
WBGene00016030.,8,305,313
WBGene00016032.,48,27,75
WBGene00016033.,31,4983,5014
WBGene00016034.,11,53,64
WBGene00016037.,172,42,214
WBGene00016038.,11,634,645
WBGene00016039.,1,73,74
WBGene00016040.,20,271,291
WBGene00016044.,288,685,973
WBGene00016045.,117,1116,1233
WBGene00016046.,2,147,149
WBGene00016047.,2,6,8
WBGene00016048.,23,538,561
WBGene00016049.,2,46,48
WBGene00016050.,0,0,0
WBGene00016051.,0,0,0
WBGene00016052.,96,1695,1791
WBGene00016053.,4,6,10
WBGene00016054.,9,1,10
WBGene00016055.,89,830,919
WBGene00016056.,2,15,17
WBGene00016057.,73,1718,1791
WBGene00016058.,0,0,0
WBGene00016059.,238,816,1054
WBGene00016060.,266,1059,1325
WBGene00016061.,159,2320,2479
WBGene00016062.,16,3669,3685
WBGene00016063.,4,4,8
WBGene00016064.,14,11,25
WBGene00016066.,13,24,37
WBGene00016067.,78,670,748
WBGene00016068.,48,417,465
WBGene00016069.,6,36,42
WBGene00016070.,2,2,4
WBGene00016071.,9,42,51
WBGene00016072.,19,46,65
WBGene00016073.,363,7746,8109
WBGene00016074.,35,364,399
WBGene00016075.,3,1,4
WBGene00016076.,0,0,0
WBGene00016077.,10,6,16
WBGene00016078.,2,1,3
WBGene00016080.,3,11,14
WBGene00016081.,27,100,127
WBGene00016082.,0,1,1
WBGene00016083.,3,1,4
WBGene00016084.,6,9,15
WBGene00016085.,8,50,58
WBGene00016087.,13,193,206
WBGene00016088.,12,38,50
WBGene00016089.,25,43,68
WBGene00016090.,156,406,562
WBGene00016091.,6,7,13
WBGene00016092.,9,13,22
WBGene00016093.,32,128,160
WBGene00016094.,11,53,64
WBGene00016095.,21,160,181
WBGene00016096.,3,82,85
WBGene00016097.,11,532,543
WBGene00016099.,134,581,715
WBGene00016100.,6,144,150
WBGene00016101.,28,955,983
WBGene00016102.,20,339,359
WBGene00016103.,117,1735,1852
WBGene00016104.,28,136,164
WBGene00016105.,0,4,4
WBGene00016106.,5,21,26
WBGene00016107.,17,88,105
WBGene00016108.,50,37,87
WBGene00016109.,132,836,968
WBGene00016110.,11,57,68
WBGene00016111.,34,1159,1193
WBGene00016112.,13,169,182
WBGene00016113.,59,1063,1122
WBGene00016114.,285,5837,6122
WBGene00016115.,906,9598,10504
WBGene00016116.,139,1459,1598
WBGene00016118.,524,6355,6879
WBGene00016119.,835,15458,16293
WBGene00016120.,313,2019,2332
WBGene00016121.,138,1321,1459
WBGene00016123.,36,146,182
WBGene00016124.,63,792,855
WBGene00016125.,1,32,33
WBGene00016126.,22,188,210
WBGene00016128.,24,1936,1960
WBGene00016129.,44,1018,1062
WBGene00016130.,3,5,8
WBGene00016131.,106,402,508
WBGene00016132.,3,1,4
WBGene00016133.,12,65,77
WBGene00016134.,24,140,164
WBGene00016135.,71,552,623
WBGene00016136.,4,1,5
WBGene00016137.,3,28,31
WBGene00016138.,93,1266,1359
WBGene00016139.,59,326,385
WBGene00016140.,48,1614,1662
WBGene00016142.,35,1767,1802
WBGene00016143.,194,1373,1567
WBGene00016144.,104,791,895
WBGene00016145.,43,1147,1190
WBGene00016146.,25,255,280
WBGene00016147.,18,316,334
WBGene00016148.,77,485,562
WBGene00016149.,22,138,160
WBGene00016150.,178,2060,2238
WBGene00016151.,120,1476,1596
WBGene00016152.,7,75,82
WBGene00016153.,0,5,5
WBGene00016154.,122,952,1074
WBGene00016155.,7,39,46
WBGene00016156.,16,579,595
WBGene00016157.,218,1211,1429
WBGene00016158.,101,1665,1766
WBGene00016159.,75,468,543
WBGene00016160.,20,3,23
WBGene00016161.,2,1,3
WBGene00016162.,464,3362,3826
WBGene00016163.,8,256,264
WBGene00016164.,2,4,6
WBGene00016165.,109,236,345
WBGene00016166.,184,2825,3009
WBGene00016167.,56,1358,1414
WBGene00016168.,4,9,13
WBGene00016169.,111,622,733
WBGene00016170.,167,2380,2547
WBGene00016171.,115,693,808
WBGene00016172.,702,3346,4048
WBGene00016173.,516,3987,4503
WBGene00016174.,19,86,105
WBGene00016175.,35,135,170
WBGene00016177.,15,59,74
WBGene00016178.,81,1066,1147
WBGene00016179.,1,3,4
WBGene00016180.,3,83,86
WBGene00016181.,6,69,75
WBGene00016182.,35,617,652
WBGene00016183.,8,0,8
WBGene00016184.,150,426,576
WBGene00016185.,1,0,1
WBGene00016187.,11,506,517
WBGene00016188.,100,716,816
WBGene00016189.,2,78,80
WBGene00016190.,10,360,370
WBGene00016191.,28,322,350
WBGene00016192.,4,1401,1405
WBGene00016193.,455,512,967
WBGene00016194.,186,10233,10419
WBGene00016195.,13,1297,1310
WBGene00016196.,10,2,12
WBGene00016197.,1666,6270,7936
WBGene00016198.,8,21,29
WBGene00016199.,3,57,60
WBGene00016200.,107,1277,1384
WBGene00016201.,62,1847,1909
WBGene00016202.,25,1051,1076
WBGene00016203.,223,519,742
WBGene00016204.,8,61,69
WBGene00016206.,8,20,28
WBGene00016207.,374,4017,4391
WBGene00016208.,6,375,381
WBGene00016209.,156,2524,2680
WBGene00016210.,189,2041,2230
WBGene00016211.,34,157,191
WBGene00016212.,63,2823,2886
WBGene00016213.,2,0,2
WBGene00016215.,7,563,570
WBGene00016216.,63,678,741
WBGene00016217.,5,60,65
WBGene00016218.,20,70,90
WBGene00016219.,34,196,230
WBGene00016220.,1,12,13
WBGene00016221.,92,683,775
WBGene00016222.,0,0,0
WBGene00016223.,0,0,0
WBGene00016224.,2,2,4
WBGene00016225.,0,0,0
WBGene00016226.,0,6,6
WBGene00016227.,0,5,5
WBGene00016230.,74,86,160
WBGene00016231.,3,10,13
WBGene00016232.,1,14,15
WBGene00016233.,22,110,132
WBGene00016234.,381,2726,3107
WBGene00016235.,10,2876,2886
WBGene00016236.,40,451,491
WBGene00016237.,70,849,919
WBGene00016238.,16,1388,1404
WBGene00016239.,7,58,65
WBGene00016242.,21,64,85
WBGene00016244.,178,2225,2403
WBGene00016245.,51,1411,1462
WBGene00016246.,78,412,490
WBGene00016247.,22,57,79
WBGene00016248.,33,259,292
WBGene00016249.,134,1608,1742
WBGene00016250.,59,2600,2659
WBGene00016253.,15,130,145
WBGene00016254.,0,13,13
WBGene00016255.,18,35,53
WBGene00016257.,3,1,4
WBGene00016258.,151,4706,4857
WBGene00016259.,8,14,22
WBGene00016260.,68,301,369
WBGene00016261.,50,442,492
WBGene00016262.,43,273,316
WBGene00016263.,7,100,107
WBGene00016264.,631,2493,3124
WBGene00016265.,9,117,126
WBGene00016266.,362,2771,3133
WBGene00016268.,27,104,131
WBGene00016269.,2925,11268,14193
WBGene00016271.,9194,4,9198
WBGene00016273.,3,6,9
WBGene00016274.,3,54,57
WBGene00016276.,5,31,36
WBGene00016277.,51,488,539
WBGene00016278.,101,750,851
WBGene00016279.,0,13,13
WBGene00016280.,6,5,11
WBGene00016281.,12,13,25
WBGene00016282.,14,105,119
WBGene00016283.,24,137,161
WBGene00016284.,2,0,2
WBGene00016285.,7,0,7
WBGene00016286.,11,7,18
WBGene00016287.,3,2,5
WBGene00016288.,14,62,76
WBGene00016289.,4462,12458,16920
WBGene00016291.,39,335,374
WBGene00016292.,353,778,1131
WBGene00016293.,48,408,456
WBGene00016294.,14,6,20
WBGene00016295.,53,351,404
WBGene00016296.,1,2,3
WBGene00016297.,0,2,2
WBGene00016298.,1,7,8
WBGene00016299.,9,6,15
WBGene00016300.,3,3,6
WBGene00016301.,30,233,263
WBGene00016302.,3,45,48
WBGene00016303.,8,51,59
WBGene00016304.,78,452,530
WBGene00016305.,22,189,211
WBGene00016306.,1,2,3
WBGene00016307.,0,2,2
WBGene00016308.,6,24,30
WBGene00016309.,1,4,5
WBGene00016310.,141,1916,2057
WBGene00016311.,61,1398,1459
WBGene00016312.,9,36,45
WBGene00016313.,23,801,824
WBGene00016314.,18,146,164
WBGene00016315.,48,552,600
WBGene00016316.,328,6161,6489
WBGene00016317.,7,556,563
WBGene00016318.,148,2079,2227
WBGene00016319.,3,55,58
WBGene00016320.,1,2,3
WBGene00016321.,838,5215,6053
WBGene00016322.,1,1,2
WBGene00016323.,190,1472,1662
WBGene00016324.,86,239,325
WBGene00016325.,74,578,652
WBGene00016326.,212,2295,2507
WBGene00016327.,7,9,16
WBGene00016328.,21,111,132
WBGene00016329.,8,25,33
WBGene00016330.,593,3393,3986
WBGene00016331.,251,2108,2359
WBGene00016332.,347,4473,4820
WBGene00016333.,426,3577,4003
WBGene00016334.,0,5,5
WBGene00016335.,20,35,55
WBGene00016336.,0,1,1
WBGene00016337.,0,1,1
WBGene00016338.,9,5,14
WBGene00016339.,0,1,1
WBGene00016340.,51,54,105
WBGene00016341.,32,892,924
WBGene00016343.,229,877,1106
WBGene00016344.,38,204,242
WBGene00016345.,1,160,161
WBGene00016346.,1,67,68
WBGene00016347.,28,1,29
WBGene00016349.,5,53,58
WBGene00016350.,0,2,2
WBGene00016351.,0,0,0
WBGene00016352.,52,410,462
WBGene00016353.,0,88,88
WBGene00016354.,195,484,679
WBGene00016355.,47,304,351
WBGene00016356.,6,12,18
WBGene00016357.,0,1,1
WBGene00016358.,0,0,0
WBGene00016359.,3,973,976
WBGene00016360.,16,85,101
WBGene00016361.,6,44,50
WBGene00016362.,118,9012,9130
WBGene00016363.,40,191,231
WBGene00016364.,41,174,215
WBGene00016365.,16,149,165
WBGene00016366.,14,173,187
WBGene00016367.,17,110,127
WBGene00016368.,21,87,108
WBGene00016369.,2,1,3
WBGene00016370.,0,1,1
WBGene00016371.,9,4,13
WBGene00016373.,19,128,147
WBGene00016374.,74,991,1065
WBGene00016375.,9,520,529
WBGene00016376.,22,428,450
WBGene00016378.,239,3137,3376
WBGene00016379.,87,2160,2247
WBGene00016380.,25,436,461
WBGene00016381.,67,831,898
WBGene00016382.,3,2,5
WBGene00016383.,74,1728,1802
WBGene00016384.,221,3658,3879
WBGene00016386.,65,31,96
WBGene00016387.,49,526,575
WBGene00016388.,0,2,2
WBGene00016389.,4,5,9
WBGene00016390.,25,566,591
WBGene00016391.,106,1013,1119
WBGene00016392.,14,480,494
WBGene00016393.,598,16968,17566
WBGene00016394.,70,79,149
WBGene00016395.,241,2067,2308
WBGene00016396.,582,1232,1814
WBGene00016397.,73,311,384
WBGene00016398.,1,4,5
WBGene00016399.,2,3,5
WBGene00016400.,76,1056,1132
WBGene00016402.,19,104,123
WBGene00016403.,577,2085,2662
WBGene00016404.,82,621,703
WBGene00016405.,354,7148,7502
WBGene00016406.,114,1689,1803
WBGene00016407.,1774,5501,7275
WBGene00016408.,100,1025,1125
WBGene00016409.,160,1373,1533
WBGene00016410.,8,11,19
WBGene00016411.,37,1149,1186
WBGene00016412.,12,573,585
WBGene00016413.,4,4,8
WBGene00016414.,0,1,1
WBGene00016415.,716,6950,7666
WBGene00016416.,12,54,66
WBGene00016417.,231,1629,1860
WBGene00016418.,154,673,827
WBGene00016419.,67,702,769
WBGene00016420.,2,6,8
WBGene00016421.,25,369,394
WBGene00016422.,2,106,108
WBGene00016423.,72,265,337
WBGene00016424.,12,100,112
WBGene00016425.,2,9,11
WBGene00016427.,530,414,944
WBGene00016428.,50,457,507
WBGene00016429.,11,39,50
WBGene00016430.,4,0,4
WBGene00016431.,23,50,73
WBGene00016432.,1483,2511,3994
WBGene00016433.,0,1,1
WBGene00016434.,0,4,4
WBGene00016435.,106,1471,1577
WBGene00016436.,22,462,484
WBGene00016437.,21,0,21
WBGene00016438.,125,1307,1432
WBGene00016439.,70,1061,1131
WBGene00016440.,0,25,25
WBGene00016441.,6,19,25
WBGene00016442.,12,523,535
WBGene00016443.,116,1007,1123
WBGene00016444.,196,1134,1330
WBGene00016445.,38,148,186
WBGene00016446.,26,686,712
WBGene00016447.,0,0,0
WBGene00016448.,42,337,379
WBGene00016449.,18,2323,2341
WBGene00016450.,6,183,189
WBGene00016451.,2,7,9
WBGene00016452.,224,1885,2109
WBGene00016453.,8,58,66
WBGene00016454.,42,512,554
WBGene00016455.,1,28,29
WBGene00016456.,15,2550,2565
WBGene00016457.,3,86,89
WBGene00016458.,115,2972,3087
WBGene00016459.,7,0,7
WBGene00016460.,23,275,298
WBGene00016461.,27,112,139
WBGene00016462.,17,79,96
WBGene00016463.,23,697,720
WBGene00016464.,5,13,18
WBGene00016465.,8,525,533
WBGene00016466.,10,87,97
WBGene00016467.,64,725,789
WBGene00016468.,23,15,38
WBGene00016469.,38,420,458
WBGene00016470.,0,3,3
WBGene00016471.,15,23,38
WBGene00016472.,2,2,4
WBGene00016473.,1,4,5
WBGene00016474.,3,5,8
WBGene00016475.,0,2,2
WBGene00016476.,0,2,2
WBGene00016477.,1,10,11
WBGene00016478.,2,2,4
WBGene00016479.,3,1,4
WBGene00016480.,5,4,9
WBGene00016481.,2,0,2
WBGene00016483.,1,1,2
WBGene00016484.,0,0,0
WBGene00016485.,3,7,10
WBGene00016486.,0,3,3
WBGene00016487.,2,6,8
WBGene00016488.,37,109,146
WBGene00016489.,172,1110,1282
WBGene00016490.,94,960,1054
WBGene00016491.,14,39,53
WBGene00016492.,18,68,86
WBGene00016493.,25041,146620,171661
WBGene00016494.,414,4864,5278
WBGene00016495.,10,788,798
WBGene00016496.,122,4790,4912
WBGene00016497.,3,9,12
WBGene00016499.,66,184,250
WBGene00016500.,82,4556,4638
WBGene00016501.,45,1849,1894
WBGene00016502.,2,18,20
WBGene00016503.,12,158,170
WBGene00016504.,18,1162,1180
WBGene00016505.,12,1186,1198
WBGene00016506.,99,800,899
WBGene00016507.,311,2212,2523
WBGene00016508.,319,2500,2819
WBGene00016509.,582,33267,33849
WBGene00016511.,132,1551,1683
WBGene00016512.,10,24,34
WBGene00016513.,352,9749,10101
WBGene00016514.,74,126,200
WBGene00016516.,5,10,15
WBGene00016517.,1,15,16
WBGene00016518.,40,30,70
WBGene00016519.,7,2,9
WBGene00016520.,13,233,246
WBGene00016521.,11,17,28
WBGene00016522.,15,134,149
WBGene00016523.,6,4,10
WBGene00016524.,44,358,402
WBGene00016525.,4,12,16
WBGene00016526.,0,0,0
WBGene00016527.,9,11,20
WBGene00016528.,0,1,1
WBGene00016529.,0,2,2
WBGene00016530.,145,1505,1650
WBGene00016531.,80,443,523
WBGene00016532.,65,517,582
WBGene00016533.,219,1736,1955
WBGene00016534.,9,48,57
WBGene00016535.,4,466,470
WBGene00016537.,0,3,3
WBGene00016538.,47,291,338
WBGene00016539.,402,1119,1521
WBGene00016540.,182,526,708
WBGene00016541.,0,2,2
WBGene00016542.,110,708,818
WBGene00016543.,3,8,11
WBGene00016544.,12,12,24
WBGene00016545.,12,86,98
WBGene00016546.,20,110,130
WBGene00016547.,23,235,258
WBGene00016548.,1,2,3
WBGene00016549.,7,111,118
WBGene00016550.,3,1,4
WBGene00016551.,0,10,10
WBGene00016553.,38,216,254
WBGene00016554.,0,0,0
WBGene00016555.,7,89,96
WBGene00016556.,0,4,4
WBGene00016557.,3,0,3
WBGene00016558.,28,148,176
WBGene00016559.,63,335,398
WBGene00016561.,837,1289,2126
WBGene00016562.,1431,2170,3601
WBGene00016564.,38,465,503
WBGene00016565.,0,23,23
WBGene00016566.,164,984,1148
WBGene00016567.,7,250,257
WBGene00016568.,209,781,990
WBGene00016570.,59,237,296
WBGene00016572.,6,23,29
WBGene00016573.,8,704,712
WBGene00016574.,23,958,981
WBGene00016575.,36,1138,1174
WBGene00016576.,2,793,795
WBGene00016577.,3,4,7
WBGene00016578.,0,0,0
WBGene00016579.,28,108,136
WBGene00016580.,37,125,162
WBGene00016581.,4,15,19
WBGene00016582.,34,571,605
WBGene00016583.,18,526,544
WBGene00016585.,40,40,80
WBGene00016586.,2,265,267
WBGene00016587.,53,108,161
WBGene00016588.,0,79,79
WBGene00016589.,2,546,548
WBGene00016590.,76,779,855
WBGene00016591.,29,1125,1154
WBGene00016592.,45,287,332
WBGene00016594.,60,3278,3338
WBGene00016595.,11,20,31
WBGene00016596.,9,290,299
WBGene00016597.,2,9,11
WBGene00016598.,1,7,8
WBGene00016599.,55,254,309
WBGene00016600.,72,62,134
WBGene00016601.,443,5105,5548
WBGene00016602.,25,651,676
WBGene00016603.,492,3876,4368
WBGene00016605.,10,45,55
WBGene00016606.,284,1043,1327
WBGene00016607.,39,495,534
WBGene00016608.,54,437,491
WBGene00016609.,66,236,302
WBGene00016610.,334,4215,4549
WBGene00016611.,285,1978,2263
WBGene00016612.,5,29,34
WBGene00016613.,77,464,541
WBGene00016614.,85,535,620
WBGene00016616.,31,711,742
WBGene00016617.,63,795,858
WBGene00016619.,23,176,199
WBGene00016620.,54,752,806
WBGene00016621.,192,1397,1589
WBGene00016622.,52,1271,1323
WBGene00016623.,40,421,461
WBGene00016624.,464,1696,2160
WBGene00016625.,18,17,35
WBGene00016626.,15,177,192
WBGene00016627.,2,6,8
WBGene00016628.,108,1000,1108
WBGene00016629.,24,252,276
WBGene00016630.,367,22977,23344
WBGene00016631.,33,183,216
WBGene00016632.,45,220,265
WBGene00016633.,28,81,109
WBGene00016634.,255,1501,1756
WBGene00016635.,0,2632,2632
WBGene00016636.,2,1,3
WBGene00016637.,35,194,229
WBGene00016638.,4,1,5
WBGene00016639.,45,17,62
WBGene00016641.,6,91,97
WBGene00016642.,25,262,287
WBGene00016643.,90,874,964
WBGene00016644.,4,7,11
WBGene00016645.,27,611,638
WBGene00016646.,0,0,0
WBGene00016647.,0,0,0
WBGene00016648.,0,0,0
WBGene00016649.,0,0,0
WBGene00016650.,731,7001,7732
WBGene00016652.,69,601,670
WBGene00016653.,18,2352,2370
WBGene00016654.,161,539,700
WBGene00016655.,115,1620,1735
WBGene00016657.,17,194,211
WBGene00016658.,1,1,2
WBGene00016659.,2,32,34
WBGene00016660.,0,1,1
WBGene00016661.,151,747,898
WBGene00016662.,0,2,2
WBGene00016663.,92,1337,1429
WBGene00016664.,5,5,10
WBGene00016665.,6,18,24
WBGene00016666.,6,44,50
WBGene00016667.,72,587,659
WBGene00016668.,1,0,1
WBGene00016669.,0,0,0
WBGene00016670.,5,5,10
WBGene00016671.,9,200,209
WBGene00016673.,0,2,2
WBGene00016674.,28,635,663
WBGene00016675.,0,5,5
WBGene00016676.,15,626,641
WBGene00016677.,132,1640,1772
WBGene00016678.,201,1070,1271
WBGene00016679.,4,147,151
WBGene00016680.,1,1,2
WBGene00016681.,2,5,7
WBGene00016682.,19,22,41
WBGene00016683.,48,122,170
WBGene00016684.,68,2871,2939
WBGene00016685.,10,7,17
WBGene00016686.,3,18,21
WBGene00016687.,5,0,5
WBGene00016688.,5,4,9
WBGene00016689.,1,0,1
WBGene00016690.,0,3,3
WBGene00016691.,6,0,6
WBGene00016692.,6,6,12
WBGene00016693.,12,23,35
WBGene00016694.,0,2,2
WBGene00016695.,0,18,18
WBGene00016696.,12,29,41
WBGene00016697.,13,16,29
WBGene00016698.,8,12,20
WBGene00016699.,1,14,15
WBGene00016700.,22,48,70
WBGene00016701.,2,109,111
WBGene00016702.,153,1670,1823
WBGene00016703.,38,297,335
WBGene00016704.,69,419,488
WBGene00016705.,43,128,171
WBGene00016706.,238,2747,2985
WBGene00016707.,2,0,2
WBGene00016708.,1,1,2
WBGene00016709.,0,2,2
WBGene00016710.,31,347,378
WBGene00016711.,3,35,38
WBGene00016712.,1,9,10
WBGene00016713.,0,0,0
WBGene00016714.,6,30,36
WBGene00016716.,2114,8396,10510
WBGene00016717.,9,54,63
WBGene00016718.,8,3,11
WBGene00016719.,3,69,72
WBGene00016720.,3,1,4
WBGene00016721.,255,2465,2720
WBGene00016722.,2763,6813,9576
WBGene00016724.,11,54,65
WBGene00016725.,164,204,368
WBGene00016727.,8,0,8
WBGene00016728.,6,72,78
WBGene00016729.,6,73,79
WBGene00016730.,25,87,112
WBGene00016731.,0,10,10
WBGene00016732.,3,12,15
WBGene00016733.,7,60,67
WBGene00016734.,66,1623,1689
WBGene00016735.,60,451,511
WBGene00016737.,1,1,2
WBGene00016738.,7,1320,1327
WBGene00016739.,143,3965,4108
WBGene00016740.,31,825,856
WBGene00016741.,74,951,1025
WBGene00016742.,17,13,30
WBGene00016743.,19,5,24
WBGene00016744.,49,349,398
WBGene00016745.,62,436,498
WBGene00016746.,137,2544,2681
WBGene00016747.,38,147,185
WBGene00016748.,62,208,270
WBGene00016749.,135,1974,2109
WBGene00016750.,75,1308,1383
WBGene00016751.,124,663,787
WBGene00016752.,0,5,5
WBGene00016753.,3,1,4
WBGene00016754.,249,1887,2136
WBGene00016755.,6,7,13
WBGene00016756.,23,36,59
WBGene00016757.,33,83,116
WBGene00016758.,18,108,126
WBGene00016759.,23,190,213
WBGene00016760.,43,714,757
WBGene00016761.,23,103,126
WBGene00016762.,18,340,358
WBGene00016763.,69,1385,1454
WBGene00016764.,75,582,657
WBGene00016765.,1,2,3
WBGene00016766.,2,938,940
WBGene00016767.,5,116,121
WBGene00016768.,106,494,600
WBGene00016769.,84,236,320
WBGene00016770.,0,3,3
WBGene00016772.,3,4,7
WBGene00016773.,10,3,13
WBGene00016775.,0,2,2
WBGene00016776.,4,2,6
WBGene00016777.,2,8,10
WBGene00016778.,9,3,12
WBGene00016779.,8,17,25
WBGene00016781.,164,107596,107760
WBGene00016782.,1,1571,1572
WBGene00016783.,28,124,152
WBGene00016785.,11,15,26
WBGene00016786.,3,7,10
WBGene00016788.,391,2017,2408
WBGene00016789.,1,13,14
WBGene00016790.,365,5269,5634
WBGene00016791.,75,723,798
WBGene00016792.,185,1834,2019
WBGene00016793.,50,881,931
WBGene00016794.,129,863,992
WBGene00016795.,8,94,102
WBGene00016796.,244,679,923
WBGene00016797.,173,127,300
WBGene00016798.,0,1,1
WBGene00016799.,43,318,361
WBGene00016800.,4,25,29
WBGene00016801.,19,661,680
WBGene00016803.,10,1511,1521
WBGene00016804.,0,11,11
WBGene00016805.,8,43,51
WBGene00016806.,2,131,133
WBGene00016807.,1,4,5
WBGene00016808.,46,2761,2807
WBGene00016809.,50,311,361
WBGene00016810.,38,628,666
WBGene00016811.,66,403,469
WBGene00016812.,60,393,453
WBGene00016813.,4,0,4
WBGene00016815.,2,1,3
WBGene00016816.,90,521,611
WBGene00016817.,15,125,140
WBGene00016818.,7,9,16
WBGene00016820.,2,8,10
WBGene00016821.,2,1,3
WBGene00016822.,6,6,12
WBGene00016823.,2,1,3
WBGene00016824.,8,2,10
WBGene00016825.,6,49,55
WBGene00016826.,14,3,17
WBGene00016827.,6,2,8
WBGene00016828.,8,11,19
WBGene00016829.,4,3,7
WBGene00016830.,1,2,3
WBGene00016831.,9,3,12
WBGene00016832.,2,4,6
WBGene00016833.,3,13,16
WBGene00016834.,3,6,9
WBGene00016835.,71,179,250
WBGene00016836.,193,1256,1449
WBGene00016837.,99,1817,1916
WBGene00016838.,475,1986,2461
WBGene00016839.,1,4,5
WBGene00016840.,796,3615,4411
WBGene00016841.,110,696,806
WBGene00016842.,5,87,92
WBGene00016843.,5,3,8
WBGene00016844.,87,786,873
WBGene00016845.,0,234,234
WBGene00016846.,98,515,613
WBGene00016847.,1,10,11
WBGene00016848.,79,582,661
WBGene00016849.,36,300,336
WBGene00016850.,0,5,5
WBGene00016851.,0,8,8
WBGene00016852.,1,7,8
WBGene00016853.,1,2,3
WBGene00016854.,0,13,13
WBGene00016855.,0,36,36
WBGene00016856.,5,18,23
WBGene00016857.,3,2,5
WBGene00016858.,6,7,13
WBGene00016859.,1,3,4
WBGene00016860.,43,360,403
WBGene00016861.,1,3,4
WBGene00016862.,70,486,556
WBGene00016863.,7,17,24
WBGene00016864.,0,5,5
WBGene00016865.,3,93,96
WBGene00016866.,613,4131,4744
WBGene00016867.,51,727,778
WBGene00016868.,84,251,335
WBGene00016869.,5,189,194
WBGene00016870.,9,68,77
WBGene00016871.,293,1002,1295
WBGene00016872.,14,162,176
WBGene00016873.,11,70,81
WBGene00016874.,21,122,143
WBGene00016877.,34,2,36
WBGene00016879.,106,418,524
WBGene00016880.,1,0,1
WBGene00016881.,0,0,0
WBGene00016882.,0,0,0
WBGene00016883.,15,154,169
WBGene00016884.,0,11,11
WBGene00016885.,0,0,0
WBGene00016886.,0,2,2
WBGene00016888.,288,2193,2481
WBGene00016889.,330,2300,2630
WBGene00016890.,105,245,350
WBGene00016891.,1,3,4
WBGene00016892.,27,1493,1520
WBGene00016893.,2,19,21
WBGene00016894.,17,3149,3166
WBGene00016895.,0,0,0
WBGene00016896.,17,47,64
WBGene00016898.,173,1778,1951
WBGene00016899.,9,64,73
WBGene00016900.,184,514,698
WBGene00016901.,0,5,5
WBGene00016902.,574,812,1386
WBGene00016903.,214,1021,1235
WBGene00016905.,182,1063,1245
WBGene00016906.,34,157,191
WBGene00016907.,40,9097,9137
WBGene00016909.,53,182,235
WBGene00016911.,35,567,602
WBGene00016912.,3,87,90
WBGene00016913.,92,1904,1996
WBGene00016914.,33,205,238
WBGene00016915.,4,2,6
WBGene00016916.,30,816,846
WBGene00016917.,5,86,91
WBGene00016918.,1423,6825,8248
WBGene00016919.,346,646,992
WBGene00016920.,49,211,260
WBGene00016921.,4,13,17
WBGene00016922.,18,39,57
WBGene00016923.,261,5733,5994
WBGene00016924.,0,5,5
WBGene00016925.,2,9,11
WBGene00016926.,1,18,19
WBGene00016927.,2,10,12
WBGene00016928.,26,10,36
WBGene00016929.,1,5,6
WBGene00016930.,102,399,501
WBGene00016931.,12,60,72
WBGene00016932.,120,80,200
WBGene00016933.,13,29,42
WBGene00016934.,70,1280,1350
WBGene00016935.,76,427,503
WBGene00016937.,55,688,743
WBGene00016938.,25,53,78
WBGene00016939.,36,188,224
WBGene00016940.,0,1,1
WBGene00016941.,6,45,51
WBGene00016942.,1,2,3
WBGene00016943.,6,289,295
WBGene00016944.,26,1009,1035
WBGene00016945.,31,133,164
WBGene00016946.,0,1,1
WBGene00016947.,20,389,409
WBGene00016948.,0,2,2
WBGene00016949.,4,1,5
WBGene00016950.,1,0,1
WBGene00016951.,22,23,45
WBGene00016953.,26,75,101
WBGene00016954.,2,3,5
WBGene00016955.,160,708,868
WBGene00016956.,22,55,77
WBGene00016957.,272,333,605
WBGene00016958.,110,589,699
WBGene00016959.,3,3,6
WBGene00016960.,79,609,688
WBGene00016961.,367,5741,6108
WBGene00016962.,2,18,20
WBGene00016963.,8,11,19
WBGene00016964.,44,434,478
WBGene00016965.,49,518,567
WBGene00016966.,98,915,1013
WBGene00016968.,186,1209,1395
WBGene00016970.,5,102,107
WBGene00016971.,70,685,755
WBGene00016972.,4,18,22
WBGene00016973.,4,5,9
WBGene00016974.,25,397,422
WBGene00016975.,143,633,776
WBGene00016976.,90,191,281
WBGene00016977.,1726,10706,12432
WBGene00016978.,72,586,658
WBGene00016979.,19,141,160
WBGene00016980.,2,5,7
WBGene00016981.,33,2245,2278
WBGene00016982.,30,211,241
WBGene00016983.,18,224,242
WBGene00016984.,137,131,268
WBGene00016985.,0,3,3
WBGene00016987.,21,851,872
WBGene00016988.,292,2896,3188
WBGene00016989.,125,1286,1411
WBGene00016990.,42,1749,1791
WBGene00016992.,46,585,631
WBGene00016993.,78,494,572
WBGene00016995.,15,209,224
WBGene00016996.,46,177,223
WBGene00016997.,47,2565,2612
WBGene00016998.,8,81,89
WBGene00016999.,3,25,28
WBGene00017000.,15,75,90
WBGene00017001.,15,59,74
WBGene00017002.,1,167,168
WBGene00017003.,9,143,152
WBGene00017004.,91,1823,1914
WBGene00017005.,4,248,252
WBGene00017007.,100,415,515
WBGene00017009.,12,275,287
WBGene00017010.,63,545,608
WBGene00017011.,11,1005,1016
WBGene00017012.,74,326,400
WBGene00017013.,51,179,230
WBGene00017014.,45,480,525
WBGene00017015.,2,148,150
WBGene00017016.,262,3630,3892
WBGene00017017.,423,1228,1651
WBGene00017018.,5,1,6
WBGene00017019.,6,2,8
WBGene00017020.,10,28,38
WBGene00017021.,2,16,18
WBGene00017022.,5,46,51
WBGene00017023.,37,2243,2280
WBGene00017024.,2,14,16
WBGene00017025.,209,1815,2024
WBGene00017026.,6,11,17
WBGene00017027.,23,23,46
WBGene00017028.,37,72,109
WBGene00017029.,0,0,0
WBGene00017031.,184,1334,1518
WBGene00017032.,33,721,754
WBGene00017033.,9,85,94
WBGene00017034.,32,159,191
WBGene00017035.,11,10,21
WBGene00017036.,24,355,379
WBGene00017037.,203,1021,1224
WBGene00017038.,463,813,1276
WBGene00017039.,83,146,229
WBGene00017040.,42,250,292
WBGene00017041.,188,1122,1310
WBGene00017042.,66,423,489
WBGene00017044.,97,2336,2433
WBGene00017045.,399,3375,3774
WBGene00017046.,65,422,487
WBGene00017048.,34,159,193
WBGene00017050.,16,19,35
WBGene00017051.,72,476,548
WBGene00017052.,2,7,9
WBGene00017053.,43,1073,1116
WBGene00017054.,758,10557,11315
WBGene00017055.,2,0,2
WBGene00017056.,0,0,0
WBGene00017057.,0,0,0
WBGene00017058.,0,0,0
WBGene00017059.,0,0,0
WBGene00017060.,429,32773,33202
WBGene00017061.,14,16,30
WBGene00017062.,77,543,620
WBGene00017063.,69,210,279
WBGene00017064.,55,1253,1308
WBGene00017065.,251,3431,3682
WBGene00017066.,392,2133,2525
WBGene00017068.,1,15,16
WBGene00017069.,203,1121,1324
WBGene00017070.,71,1707,1778
WBGene00017071.,64,263,327
WBGene00017072.,27,76,103
WBGene00017073.,2,4,6
WBGene00017074.,27,787,814
WBGene00017075.,168,32099,32267
WBGene00017076.,240,1444,1684
WBGene00017077.,47,245,292
WBGene00017078.,26,237,263
WBGene00017079.,28,561,589
WBGene00017080.,615,1136,1751
WBGene00017082.,79,919,998
WBGene00017083.,9,23,32
WBGene00017084.,524,834,1358
WBGene00017085.,60,1062,1122
WBGene00017087.,36,222,258
WBGene00017088.,109,2629,2738
WBGene00017089.,3,62,65
WBGene00017090.,4,1,5
WBGene00017091.,11,48,59
WBGene00017092.,1,6,7
WBGene00017093.,0,2,2
WBGene00017094.,1,3,4
WBGene00017095.,1,0,1
WBGene00017096.,0,3,3
WBGene00017097.,20,1,21
WBGene00017098.,103,1239,1342
WBGene00017099.,2,4,6
WBGene00017100.,5,43,48
WBGene00017101.,226,800,1026
WBGene00017102.,0,0,0
WBGene00017103.,6,21,27
WBGene00017104.,0,0,0
WBGene00017105.,0,0,0
WBGene00017106.,1,0,1
WBGene00017107.,0,15,15
WBGene00017108.,10,55,65
WBGene00017109.,1,2,3
WBGene00017110.,6,0,6
WBGene00017111.,5,5,10
WBGene00017112.,2,17,19
WBGene00017113.,20,62,82
WBGene00017114.,5,3,8
WBGene00017115.,3,1,4
WBGene00017116.,0,7,7
WBGene00017117.,2,7,9
WBGene00017118.,0,1,1
WBGene00017119.,68,2511,2579
WBGene00017120.,43,246,289
WBGene00017121.,3072,74325,77397
WBGene00017122.,11,28,39
WBGene00017123.,30,460,490
WBGene00017124.,26,98,124
WBGene00017125.,92,691,783
WBGene00017126.,22,239,261
WBGene00017127.,2517,23193,25710
WBGene00017128.,1491,17738,19229
WBGene00017129.,15,227,242
WBGene00017131.,4,26,30
WBGene00017132.,236,1942,2178
WBGene00017133.,40,369,409
WBGene00017134.,7,556,563
WBGene00017135.,0,20,20
WBGene00017136.,7,33,40
WBGene00017137.,20,965,985
WBGene00017138.,132,1736,1868
WBGene00017139.,7,10,17
WBGene00017140.,0,10,10
WBGene00017141.,0,145,145
WBGene00017142.,52,2218,2270
WBGene00017143.,2,79,81
WBGene00017144.,91,1134,1225
WBGene00017146.,28,44,72
WBGene00017147.,30,282,312
WBGene00017148.,1,25,26
WBGene00017149.,70,1783,1853
WBGene00017150.,5,306,311
WBGene00017151.,24,81,105
WBGene00017152.,0,0,0
WBGene00017153.,0,195,195
WBGene00017154.,10,67,77
WBGene00017156.,258,399,657
WBGene00017157.,146,292,438
WBGene00017158.,97,1662,1759
WBGene00017159.,421,2982,3403
WBGene00017160.,245,1564,1809
WBGene00017161.,163,947,1110
WBGene00017162.,125,1368,1493
WBGene00017163.,106,1030,1136
WBGene00017164.,33,297,330
WBGene00017165.,347,1249,1596
WBGene00017166.,1681,39415,41096
WBGene00017168.,1,13,14
WBGene00017169.,15,355,370
WBGene00017170.,32,39,71
WBGene00017172.,0,2,2
WBGene00017173.,7,1,8
WBGene00017174.,5,53,58
WBGene00017175.,3,2,5
WBGene00017176.,13,93,106
WBGene00017177.,5,6,11
WBGene00017178.,55,746,801
WBGene00017179.,1,9,10
WBGene00017180.,264,1305,1569
WBGene00017181.,2,2,4
WBGene00017182.,1,5,6
WBGene00017183.,1,0,1
WBGene00017184.,144,881,1025
WBGene00017185.,0,0,0
WBGene00017186.,0,0,0
WBGene00017188.,0,0,0
WBGene00017189.,0,0,0
WBGene00017190.,0,24,24
WBGene00017191.,0,0,0
WBGene00017192.,0,0,0
WBGene00017193.,44,1109,1153
WBGene00017194.,26,127,153
WBGene00017195.,125,1234,1359
WBGene00017197.,30,626,656
WBGene00017198.,30,119,149
WBGene00017199.,3,17,20
WBGene00017200.,4,102,106
WBGene00017201.,81,2054,2135
WBGene00017202.,1,47,48
WBGene00017203.,1,96,97
WBGene00017204.,2,283,285
WBGene00017205.,1,4,5
WBGene00017207.,0,0,0
WBGene00017208.,0,25,25
WBGene00017209.,80,0,80
WBGene00017210.,798,6441,7239
WBGene00017211.,12,43,55
WBGene00017212.,3,2,5
WBGene00017213.,6,4,10
WBGene00017214.,8,12,20
WBGene00017215.,3,8,11
WBGene00017216.,5,84,89
WBGene00017217.,63,198,261
WBGene00017218.,4,19,23
WBGene00017219.,55,848,903
WBGene00017220.,236,6216,6452
WBGene00017221.,32,0,32
WBGene00017222.,5,1,6
WBGene00017223.,0,1,1
WBGene00017224.,1,5,6
WBGene00017225.,47,28,75
WBGene00017226.,6,89,95
WBGene00017227.,0,0,0
WBGene00017228.,4,8,12
WBGene00017229.,0,2,2
WBGene00017230.,8,2,10
WBGene00017231.,4,8,12
WBGene00017232.,2,6,8
WBGene00017233.,101,1126,1227
WBGene00017235.,102,486,588
WBGene00017236.,9,96,105
WBGene00017237.,54,494,548
WBGene00017238.,77,2363,2440
WBGene00017239.,152,766,918
WBGene00017240.,82,902,984
WBGene00017241.,157,749,906
WBGene00017243.,20,149,169
WBGene00017244.,51,317,368
WBGene00017245.,246,1008,1254
WBGene00017246.,28,140,168
WBGene00017247.,96,534,630
WBGene00017248.,0,1,1
WBGene00017249.,1,4,5
WBGene00017250.,110,1996,2106
WBGene00017251.,0,2,2
WBGene00017252.,0,4,4
WBGene00017253.,0,1,1
WBGene00017254.,0,2,2
WBGene00017255.,25,104,129
WBGene00017257.,4,32,36
WBGene00017258.,41,172,213
WBGene00017259.,1,22,23
WBGene00017260.,39,250,289
WBGene00017261.,59,862,921
WBGene00017262.,63,285,348
WBGene00017263.,5,2,7
WBGene00017264.,2,10,12
WBGene00017265.,1,29,30
WBGene00017266.,27,147,174
WBGene00017267.,0,0,0
WBGene00017268.,73,1150,1223
WBGene00017269.,81,574,655
WBGene00017270.,0,0,0
WBGene00017271.,8,12,20
WBGene00017272.,222,3426,3648
WBGene00017273.,98,591,689
WBGene00017274.,677,4385,5062
WBGene00017275.,203,1427,1630
WBGene00017277.,6,11,17
WBGene00017278.,14,49,63
WBGene00017279.,5,10,15
WBGene00017280.,514,697,1211
WBGene00017281.,16,26,42
WBGene00017282.,23,489,512
WBGene00017283.,96,1307,1403
WBGene00017284.,243,1129,1372
WBGene00017285.,17,708,725
WBGene00017286.,253,1455,1708
WBGene00017287.,21,200,221
WBGene00017288.,1,171,172
WBGene00017289.,8,1230,1238
WBGene00017290.,17,113,130
WBGene00017291.,95,2697,2792
WBGene00017292.,18,365,383
WBGene00017293.,5,747,752
WBGene00017294.,124,233,357
WBGene00017295.,97,24,121
WBGene00017296.,102,128,230
WBGene00017297.,327,2119,2446
WBGene00017298.,248,1212,1460
WBGene00017299.,280,529,809
WBGene00017300.,172,1811,1983
WBGene00017301.,26,1146,1172
WBGene00017302.,1080,1336,2416
WBGene00017303.,1148,13090,14238
WBGene00017304.,382,16098,16480
WBGene00017305.,1,61,62
WBGene00017306.,93,648,741
WBGene00017307.,2,18,20
WBGene00017308.,7,14,21
WBGene00017309.,28,20,48
WBGene00017310.,26,229,255
WBGene00017311.,74,7548,7622
WBGene00017312.,2,41,43
WBGene00017313.,188,1822,2010
WBGene00017314.,77,330,407
WBGene00017315.,3,3,6
WBGene00017316.,111,787,898
WBGene00017317.,798,5929,6727
WBGene00017319.,155,1286,1441
WBGene00017320.,23,159,182
WBGene00017321.,28,1811,1839
WBGene00017322.,8,36,44
WBGene00017323.,8,23,31
WBGene00017324.,0,1,1
WBGene00017325.,1,1,2
WBGene00017326.,10,133,143
WBGene00017327.,4,59,63
WBGene00017328.,11,783,794
WBGene00017329.,5,26,31
WBGene00017330.,6,5,11
WBGene00017331.,38,105,143
WBGene00017332.,264,702,966
WBGene00017333.,0,0,0
WBGene00017334.,4,24,28
WBGene00017335.,7,86,93
WBGene00017336.,23,68,91
WBGene00017338.,31,95,126
WBGene00017339.,55,149,204
WBGene00017340.,14,88,102
WBGene00017341.,9,23,32
WBGene00017342.,255,5707,5962
WBGene00017343.,6,2,8
WBGene00017344.,51,1376,1427
WBGene00017345.,7,1,8
WBGene00017347.,73,15171,15244
WBGene00017348.,1,638,639
WBGene00017349.,86,1694,1780
WBGene00017350.,155,1312,1467
WBGene00017351.,2,8,10
WBGene00017352.,102,359,461
WBGene00017353.,49,665,714
WBGene00017354.,12,15,27
WBGene00017355.,16,465,481
WBGene00017356.,151,991,1142
WBGene00017357.,118,1742,1860
WBGene00017358.,15,721,736
WBGene00017359.,7,107,114
WBGene00017360.,147,1596,1743
WBGene00017361.,2,352,354
WBGene00017362.,133,1832,1965
WBGene00017363.,8,137,145
WBGene00017364.,0,18,18
WBGene00017365.,0,0,0
WBGene00017366.,1,42,43
WBGene00017367.,11,114,125
WBGene00017369.,58,1550,1608
WBGene00017370.,49,291,340
WBGene00017371.,12,57,69
WBGene00017372.,287,1563,1850
WBGene00017373.,203,1506,1709
WBGene00017374.,632,7328,7960
WBGene00017375.,54,295,349
WBGene00017376.,278,3192,3470
WBGene00017378.,9,147,156
WBGene00017379.,109,1791,1900
WBGene00017380.,314,1147,1461
WBGene00017381.,75,550,625
WBGene00017382.,7,0,7
WBGene00017383.,4,1,5
WBGene00017384.,1,0,1
WBGene00017385.,26,2279,2305
WBGene00017386.,0,0,0
WBGene00017387.,0,2,2
WBGene00017388.,1,9,10
WBGene00017389.,177,385,562
WBGene00017390.,210,2889,3099
WBGene00017391.,2,0,2
WBGene00017392.,1,2,3
WBGene00017393.,1,6,7
WBGene00017394.,77,350,427
WBGene00017395.,0,0,0
WBGene00017396.,43,30,73
WBGene00017397.,78,415,493
WBGene00017398.,17,66,83
WBGene00017399.,22,11,33
WBGene00017400.,30,94,124
WBGene00017401.,0,4,4
WBGene00017402.,3,2,5
WBGene00017403.,0,1,1
WBGene00017404.,1,2,3
WBGene00017405.,3,2,5
WBGene00017406.,0,2,2
WBGene00017407.,1,3,4
WBGene00017408.,0,11,11
WBGene00017410.,12,40,52
WBGene00017411.,24,628,652
WBGene00017412.,8,1,9
WBGene00017413.,10,129,139
WBGene00017414.,8,118,126
WBGene00017415.,3,2,5
WBGene00017416.,0,48,48
WBGene00017417.,15,168,183
WBGene00017418.,388,2704,3092
WBGene00017419.,82,1424,1506
WBGene00017420.,12,30,42
WBGene00017421.,232,1182,1414
WBGene00017422.,6,693,699
WBGene00017423.,272,4227,4499
WBGene00017424.,19,31,50
WBGene00017426.,54,214,268
WBGene00017427.,43,393,436
WBGene00017428.,441,3714,4155
WBGene00017429.,214,583,797
WBGene00017430.,296,3620,3916
WBGene00017431.,76,312,388
WBGene00017432.,11,22,33
WBGene00017433.,30,145,175
WBGene00017434.,21,356,377
WBGene00017435.,131,1519,1650
WBGene00017436.,2,6,8
WBGene00017437.,21,182,203
WBGene00017438.,3,13,16
WBGene00017439.,11,69,80
WBGene00017440.,4086,72729,76815
WBGene00017441.,7,15,22
WBGene00017442.,14,171,185
WBGene00017443.,9,29,38
WBGene00017444.,6,6,12
WBGene00017445.,194,2111,2305
WBGene00017446.,23,230,253
WBGene00017447.,26,208,234
WBGene00017448.,121,1420,1541
WBGene00017449.,48,103,151
WBGene00017450.,27,286,313
WBGene00017451.,0,6,6
WBGene00017452.,235,316,551
WBGene00017453.,23,64,87
WBGene00017454.,8,4,12
WBGene00017455.,3,3,6
WBGene00017456.,121,135,256
WBGene00017459.,33,373,406
WBGene00017460.,10,442,452
WBGene00017461.,2,862,864
WBGene00017462.,12,585,597
WBGene00017463.,83,330,413
WBGene00017464.,34,159,193
WBGene00017465.,2,11,13
WBGene00017466.,13,48,61
WBGene00017467.,19,538,557
WBGene00017468.,20,46,66
WBGene00017469.,27,211,238
WBGene00017470.,3,3,6
WBGene00017471.,1,13,14
WBGene00017472.,132,1271,1403
WBGene00017473.,3,328,331
WBGene00017474.,4,37,41
WBGene00017475.,3,165,168
WBGene00017476.,1,9,10
WBGene00017478.,95,477,572
WBGene00017480.,65,268,333
WBGene00017481.,3,362,365
WBGene00017482.,19,484,503
WBGene00017483.,13,134,147
WBGene00017484.,112,4286,4398
WBGene00017485.,16,52,68
WBGene00017486.,0,70,70
WBGene00017487.,36,95,131
WBGene00017488.,9,58,67
WBGene00017489.,50,147,197
WBGene00017490.,0,0,0
WBGene00017491.,0,0,0
WBGene00017492.,4,1,5
WBGene00017493.,6,14,20
WBGene00017494.,8,12,20
WBGene00017496.,0,0,0
WBGene00017497.,8,0,8
WBGene00017498.,88,1798,1886
WBGene00017499.,0,0,0
WBGene00017500.,0,0,0
WBGene00017501.,0,86,86
WBGene00017502.,0,1011,1011
WBGene00017503.,33,133,166
WBGene00017504.,79,368,447
WBGene00017505.,0,5,5
WBGene00017506.,46,852,898
WBGene00017507.,62,344,406
WBGene00017508.,14,143,157
WBGene00017509.,21,79,100
WBGene00017510.,70,190,260
WBGene00017511.,4,5,9
WBGene00017512.,15,71,86
WBGene00017513.,101,856,957
WBGene00017514.,21,483,504
WBGene00017515.,23,128,151
WBGene00017516.,0,1,1
WBGene00017517.,3,1,4
WBGene00017518.,7,0,7
WBGene00017519.,1,0,1
WBGene00017520.,3,0,3
WBGene00017521.,0,0,0
WBGene00017522.,0,1,1
WBGene00017523.,6,1,7
WBGene00017524.,3,2,5
WBGene00017525.,2,0,2
WBGene00017526.,4,1,5
WBGene00017527.,1,1,2
WBGene00017528.,5,1,6
WBGene00017529.,2,7,9
WBGene00017530.,30,155,185
WBGene00017532.,5,18,23
WBGene00017533.,2,5,7
WBGene00017534.,114,724,838
WBGene00017535.,5,7,12
WBGene00017536.,17,640,657
WBGene00017537.,22,132,154
WBGene00017538.,6,37,43
WBGene00017539.,0,0,0
WBGene00017540.,0,1,1
WBGene00017541.,3,6,9
WBGene00017542.,0,7,7
WBGene00017543.,9,28,37
WBGene00017544.,12,54,66
WBGene00017545.,33,131,164
WBGene00017546.,145,2280,2425
WBGene00017547.,180,970,1150
WBGene00017548.,86,622,708
WBGene00017549.,127,922,1049
WBGene00017550.,21,1,22
WBGene00017551.,0,5,5
WBGene00017552.,3,2,5
WBGene00017553.,2,10,12
WBGene00017554.,9,5,14
WBGene00017555.,8,2,10
WBGene00017556.,1,5,6
WBGene00017557.,91,1157,1248
WBGene00017559.,4,9,13
WBGene00017560.,1,2,3
WBGene00017562.,0,7,7
WBGene00017563.,370,507,877
WBGene00017564.,3,3,6
WBGene00017565.,3871,5366,9237
WBGene00017566.,2,5,7
WBGene00017567.,0,698,698
WBGene00017568.,26,223,249
WBGene00017569.,23,180,203
WBGene00017570.,22,25,47
WBGene00017571.,32,768,800
WBGene00017573.,5,5,10
WBGene00017574.,17,207,224
WBGene00017576.,73,86,159
WBGene00017577.,5,4,9
WBGene00017578.,29,58,87
WBGene00017579.,5,78,83
WBGene00017580.,92,234,326
WBGene00017581.,6,20,26
WBGene00017582.,163,8500,8663
WBGene00017583.,62,1058,1120
WBGene00017584.,0,14,14
WBGene00017585.,3,0,3
WBGene00017586.,7,49,56
WBGene00017587.,0,1,1
WBGene00017588.,2,9,11
WBGene00017589.,6,60,66
WBGene00017590.,4,1,5
WBGene00017591.,82,1354,1436
WBGene00017592.,7,41,48
WBGene00017593.,4,43,47
WBGene00017594.,3,3,6
WBGene00017597.,439,473,912
WBGene00017598.,0,5,5
WBGene00017599.,5,1242,1247
WBGene00017600.,752,8301,9053
WBGene00017601.,2,4,6
WBGene00017602.,1,1,2
WBGene00017603.,12,0,12
WBGene00017605.,825,6388,7213
WBGene00017606.,58,976,1034
WBGene00017607.,101,1112,1213
WBGene00017608.,256,1249,1505
WBGene00017609.,0,0,0
WBGene00017610.,6,2,8
WBGene00017611.,11,89,100
WBGene00017612.,0,0,0
WBGene00017613.,263,7257,7520
WBGene00017614.,7,26,33
WBGene00017615.,20,51,71
WBGene00017616.,9,79,88
WBGene00017618.,1555,1200,2755
WBGene00017619.,30,147,177
WBGene00017620.,283,1769,2052
WBGene00017621.,77,2232,2309
WBGene00017625.,45,19,64
WBGene00017627.,1,8,9
WBGene00017628.,218,355,573
WBGene00017629.,1,19,20
WBGene00017630.,0,0,0
WBGene00017631.,0,7,7
WBGene00017632.,41,48,89
WBGene00017633.,14,21,35
WBGene00017634.,9,18,27
WBGene00017635.,75,92,167
WBGene00017636.,3,9,12
WBGene00017637.,71,517,588
WBGene00017638.,0,1,1
WBGene00017639.,462,1702,2164
WBGene00017640.,124,814,938
WBGene00017641.,4,90,94
WBGene00017642.,211,2592,2803
WBGene00017643.,106,1184,1290
WBGene00017644.,1079,5543,6622
WBGene00017645.,6,33,39
WBGene00017646.,107,665,772
WBGene00017647.,52,55,107
WBGene00017648.,8,24,32
WBGene00017650.,10,96,106
WBGene00017651.,30,48,78
WBGene00017652.,1,3,4
WBGene00017653.,338,2404,2742
WBGene00017654.,6,17,23
WBGene00017655.,1,0,1
WBGene00017656.,4,19,23
WBGene00017657.,171,1386,1557
WBGene00017658.,2,20,22
WBGene00017659.,184,7552,7736
WBGene00017660.,169,2389,2558
WBGene00017661.,6,86,92
WBGene00017662.,12,4,16
WBGene00017663.,401,3234,3635
WBGene00017664.,12,21,33
WBGene00017666.,2,6,8
WBGene00017667.,21,141,162
WBGene00017668.,1,0,1
WBGene00017670.,28,1,29
WBGene00017671.,257,9706,9963
WBGene00017672.,1,3,4
WBGene00017673.,2,28,30
WBGene00017674.,16,408,424
WBGene00017675.,391,7909,8300
WBGene00017676.,132,1510,1642
WBGene00017677.,2,3,5
WBGene00017678.,8,55,63
WBGene00017679.,2,5,7
WBGene00017680.,5,3,8
WBGene00017681.,2,31,33
WBGene00017683.,86,1108,1194
WBGene00017684.,1,3,4
WBGene00017685.,4,4,8
WBGene00017686.,108,1614,1722
WBGene00017687.,17,118,135
WBGene00017688.,58,753,811
WBGene00017690.,110,176,286
WBGene00017691.,55,400,455
WBGene00017692.,64,396,460
WBGene00017693.,4,3,7
WBGene00017694.,2,6,8
WBGene00017695.,5,4,9
WBGene00017696.,77,2176,2253
WBGene00017698.,181,2037,2218
WBGene00017699.,1470,2600,4070
WBGene00017700.,33,103,136
WBGene00017701.,3,8,11
WBGene00017702.,121,946,1067
WBGene00017703.,32,38,70
WBGene00017704.,0,0,0
WBGene00017705.,1,2,3
WBGene00017706.,3,12,15
WBGene00017707.,1,0,1
WBGene00017708.,30,320,350
WBGene00017709.,1,5,6
WBGene00017710.,7,41,48
WBGene00017711.,7,63,70
WBGene00017712.,1,30,31
WBGene00017713.,0,2,2
WBGene00017714.,0,76,76
WBGene00017715.,7,134,141
WBGene00017716.,4,5,9
WBGene00017717.,10,194,204
WBGene00017718.,0,23,23
WBGene00017719.,231,2420,2651
WBGene00017720.,78,134,212
WBGene00017721.,13,8,21
WBGene00017722.,7,2,9
WBGene00017723.,36,30,66
WBGene00017724.,392,2015,2407
WBGene00017725.,1,3,4
WBGene00017726.,0,1723,1723
WBGene00017727.,0,6039,6039
WBGene00017729.,7,4,11
WBGene00017730.,3,100,103
WBGene00017731.,4,91,95
WBGene00017732.,68,431,499
WBGene00017733.,150,1101,1251
WBGene00017734.,35,1691,1726
WBGene00017735.,159,4153,4312
WBGene00017736.,18,185,203
WBGene00017737.,8,12,20
WBGene00017738.,92,1067,1159
WBGene00017739.,8,25,33
WBGene00017741.,78,391,469
WBGene00017742.,144,1050,1194
WBGene00017743.,0,16,16
WBGene00017744.,113,663,776
WBGene00017745.,123,987,1110
WBGene00017746.,160,505,665
WBGene00017747.,17,236,253
WBGene00017748.,52,706,758
WBGene00017749.,89,1184,1273
WBGene00017750.,69,474,543
WBGene00017751.,82,388,470
WBGene00017752.,0,7,7
WBGene00017754.,14,47,61
WBGene00017755.,92,4465,4557
WBGene00017756.,84,1142,1226
WBGene00017757.,40,1472,1512
WBGene00017758.,76,598,674
WBGene00017759.,4,1562,1566
WBGene00017760.,122,1154,1276
WBGene00017761.,326,484,810
WBGene00017762.,325,627,952
WBGene00017763.,100,662,762
WBGene00017764.,8,13,21
WBGene00017765.,126,2197,2323
WBGene00017766.,145,563,708
WBGene00017767.,50,535,585
WBGene00017768.,178,610,788
WBGene00017769.,78,970,1048
WBGene00017770.,110,1538,1648
WBGene00017771.,36,358,394
WBGene00017772.,255,3666,3921
WBGene00017773.,101,1299,1400
WBGene00017774.,53,995,1048
WBGene00017775.,415,5005,5420
WBGene00017776.,62,781,843
WBGene00017777.,20,2370,2390
WBGene00017778.,359,1220,1579
WBGene00017779.,63,273,336
WBGene00017780.,22,78,100
WBGene00017781.,238,1003,1241
WBGene00017782.,38,349,387
WBGene00017783.,19,72,91
WBGene00017784.,1,26,27
WBGene00017785.,1,290,291
WBGene00017786.,140,219,359
WBGene00017787.,4,88,92
WBGene00017788.,2,17,19
WBGene00017789.,245,2726,2971
WBGene00017790.,17,115,132
WBGene00017791.,0,5,5
WBGene00017792.,26,240,266
WBGene00017794.,24,8,32
WBGene00017795.,144,362,506
WBGene00017796.,0,133,133
WBGene00017797.,306,1665,1971
WBGene00017798.,11,9,20
WBGene00017799.,14,496,510
WBGene00017800.,58,921,979
WBGene00017801.,147,1121,1268
WBGene00017802.,4,7,11
WBGene00017803.,10,21,31
WBGene00017805.,18,25,43
WBGene00017806.,2,29,31
WBGene00017807.,30,63,93
WBGene00017808.,0,4,4
WBGene00017809.,4,1,5
WBGene00017810.,0,4,4
WBGene00017811.,220,2386,2606
WBGene00017813.,53,1907,1960
WBGene00017814.,76,179,255
WBGene00017815.,284,864,1148
WBGene00017816.,20,1152,1172
WBGene00017817.,3,1,4
WBGene00017818.,165,783,948
WBGene00017819.,5,17,22
WBGene00017821.,8,36,44
WBGene00017822.,3,4,7
WBGene00017823.,19,323,342
WBGene00017824.,6,18,24
WBGene00017825.,26,422,448
WBGene00017826.,126,1088,1214
WBGene00017827.,59,415,474
WBGene00017828.,56,1305,1361
WBGene00017829.,306,1252,1558
WBGene00017830.,21,1981,2002
WBGene00017831.,92,532,624
WBGene00017832.,36,420,456
WBGene00017833.,410,1574,1984
WBGene00017834.,2800,32586,35386
WBGene00017835.,4,13,17
WBGene00017836.,40,356,396
WBGene00017837.,71,701,772
WBGene00017838.,654,4772,5426
WBGene00017839.,0,0,0
WBGene00017840.,38,107,145
WBGene00017841.,2,27,29
WBGene00017842.,42,169,211
WBGene00017843.,0,1,1
WBGene00017845.,8,13,21
WBGene00017848.,1,15,16
WBGene00017849.,71,553,624
WBGene00017850.,186,1298,1484
WBGene00017851.,0,0,0
WBGene00017852.,99,4301,4400
WBGene00017853.,7,6,13
WBGene00017854.,0,66,66
WBGene00017855.,351,1985,2336
WBGene00017858.,77,175,252
WBGene00017860.,28,11,39
WBGene00017861.,23,161,184
WBGene00017864.,147,4885,5032
WBGene00017865.,20,40,60
WBGene00017866.,239,884,1123
WBGene00017867.,6,38,44
WBGene00017868.,33,110,143
WBGene00017869.,1,0,1
WBGene00017870.,3,0,3
WBGene00017871.,0,0,0
WBGene00017872.,0,2,2
WBGene00017873.,0,1,1
WBGene00017874.,202,2590,2792
WBGene00017875.,0,18,18
WBGene00017876.,1,0,1
WBGene00017877.,0,0,0
WBGene00017878.,0,0,0
WBGene00017879.,21,32,53
WBGene00017880.,11,125,136
WBGene00017881.,17,148,165
WBGene00017885.,576,2446,3022
WBGene00017886.,34,258,292
WBGene00017887.,33,708,741
WBGene00017888.,145,443,588
WBGene00017889.,55,871,926
WBGene00017890.,2,2,4
WBGene00017891.,265,408,673
WBGene00017892.,25,153,178
WBGene00017893.,15,155,170
WBGene00017894.,531,2464,2995
WBGene00017895.,44,1468,1512
WBGene00017896.,3,8,11
WBGene00017898.,86,164,250
WBGene00017899.,8,2,10
WBGene00017900.,278,1282,1560
WBGene00017901.,79,438,517
WBGene00017902.,4,8,12
WBGene00017904.,384,605,989
WBGene00017905.,20,203,223
WBGene00017906.,59,100,159
WBGene00017907.,178,776,954
WBGene00017908.,0,15,15
WBGene00017909.,37,390,427
WBGene00017910.,0,11,11
WBGene00017911.,0,2,2
WBGene00017912.,14,1,15
WBGene00017913.,1,1,2
WBGene00017914.,23,258,281
WBGene00017916.,242,1370,1612
WBGene00017917.,1,7,8
WBGene00017918.,1,14,15
WBGene00017919.,52,624,676
WBGene00017920.,325,5065,5390
WBGene00017921.,56,763,819
WBGene00017922.,5,8,13
WBGene00017923.,46,2206,2252
WBGene00017924.,36,523,559
WBGene00017925.,1590,21764,23354
WBGene00017926.,980,23096,24076
WBGene00017927.,0,5,5
WBGene00017928.,65,1821,1886
WBGene00017929.,772,1080,1852
WBGene00017930.,0,17,17
WBGene00017931.,149,803,952
WBGene00017933.,0,0,0
WBGene00017934.,181,834,1015
WBGene00017935.,0,1,1
WBGene00017936.,74,483,557
WBGene00017937.,2,6,8
WBGene00017938.,10,799,809
WBGene00017939.,83,108,191
WBGene00017941.,43,114,157
WBGene00017942.,2,1,3
WBGene00017944.,3,10,13
WBGene00017945.,10,33,43
WBGene00017947.,75,116,191
WBGene00017948.,19,37,56
WBGene00017949.,15,38,53
WBGene00017950.,48,392,440
WBGene00017951.,75,876,951
WBGene00017952.,1186,3578,4764
WBGene00017954.,16,500,516
WBGene00017955.,2,8,10
WBGene00017956.,4,2,6
WBGene00017957.,22,82,104
WBGene00017959.,3,9,12
WBGene00017960.,3,5,8
WBGene00017961.,69,364,433
WBGene00017962.,6,13,19
WBGene00017963.,6,6,12
WBGene00017964.,27,2133,2160
WBGene00017965.,8,50,58
WBGene00017967.,177,2623,2800
WBGene00017968.,131,809,940
WBGene00017969.,22,210,232
WBGene00017970.,125,4026,4151
WBGene00017971.,55,52,107
WBGene00017973.,208,636,844
WBGene00017974.,28,160,188
WBGene00017975.,2,2,4
WBGene00017976.,26,113,139
WBGene00017977.,1,8,9
WBGene00017978.,0,4,4
WBGene00017979.,277,6691,6968
WBGene00017980.,291,1417,1708
WBGene00017981.,49,623,672
WBGene00017982.,386,3783,4169
WBGene00017983.,132,173,305
WBGene00017984.,42,7041,7083
WBGene00017985.,18,1021,1039
WBGene00017986.,32,474,506
WBGene00017987.,8,84,92
WBGene00017988.,23,1902,1925
WBGene00017989.,63,1101,1164
WBGene00017990.,19,547,566
WBGene00017991.,42,244,286
WBGene00017992.,58,570,628
WBGene00017993.,89,4978,5067
WBGene00017995.,1006,6310,7316
WBGene00017996.,64,1163,1227
WBGene00017997.,279,2091,2370
WBGene00017998.,9,21,30
WBGene00017999.,22,9,31
WBGene00018000.,2,1,3
WBGene00018001.,5,2,7
WBGene00018002.,37,102,139
WBGene00018003.,1,5,6
WBGene00018004.,2,2,4
WBGene00018005.,138,891,1029
WBGene00018006.,26,543,569
WBGene00018007.,24,1241,1265
WBGene00018008.,92,2417,2509
WBGene00018009.,54,466,520
WBGene00018010.,62,469,531
WBGene00018011.,52,487,539
WBGene00018013.,177,783,960
WBGene00018014.,112,368,480
WBGene00018015.,32,276,308
WBGene00018016.,46,270,316
WBGene00018017.,30,1412,1442
WBGene00018018.,82,2407,2489
WBGene00018019.,0,1,1
WBGene00018021.,1,10,11
WBGene00018022.,10,17,27
WBGene00018023.,26,110,136
WBGene00018024.,192,5408,5600
WBGene00018025.,244,4533,4777
WBGene00018026.,34,60,94
WBGene00018027.,4,1,5
WBGene00018030.,10,0,10
WBGene00018031.,1,35,36
WBGene00018033.,1665,4082,5747
WBGene00018034.,9,6,15
WBGene00018035.,8,130,138
WBGene00018036.,31,281,312
WBGene00018037.,54,66,120
WBGene00018038.,16,0,16
WBGene00018039.,6,4,10
WBGene00018040.,1,17,18
WBGene00018041.,11,102,113
WBGene00018042.,27,242,269
WBGene00018043.,32,213,245
WBGene00018044.,40,786,826
WBGene00018045.,3,953,956
WBGene00018046.,103,1453,1556
WBGene00018047.,8,25,33
WBGene00018048.,4,12,16
WBGene00018049.,4,4,8
WBGene00018050.,18,51,69
WBGene00018051.,348,1929,2277
WBGene00018052.,48,496,544
WBGene00018053.,1,16,17
WBGene00018054.,24,77,101
WBGene00018055.,0,69,69
WBGene00018056.,26,339,365
WBGene00018057.,50,655,705
WBGene00018058.,6,1,7
WBGene00018059.,22,2,24
WBGene00018060.,56,729,785
WBGene00018061.,36,321,357
WBGene00018062.,0,6,6
WBGene00018063.,0,9,9
WBGene00018064.,235,1503,1738
WBGene00018065.,9,58,67
WBGene00018066.,0,6,6
WBGene00018067.,43,199,242
WBGene00018068.,3,451,454
WBGene00018069.,59,431,490
WBGene00018070.,12,154,166
WBGene00018071.,17,501,518
WBGene00018072.,91,429,520
WBGene00018073.,55,1241,1296
WBGene00018074.,79,297,376
WBGene00018075.,255,973,1228
WBGene00018076.,55,333,388
WBGene00018077.,5,87,92
WBGene00018078.,13,342,355
WBGene00018080.,0,1,1
WBGene00018081.,1,4,5
WBGene00018082.,0,1,1
WBGene00018083.,3,2,5
WBGene00018084.,5,1,6
WBGene00018085.,2,115,117
WBGene00018087.,14,37,51
WBGene00018088.,103,523,626
WBGene00018089.,118,171,289
WBGene00018090.,195,1798,1993
WBGene00018091.,3,15,18
WBGene00018092.,2,0,2
WBGene00018093.,7,2,9
WBGene00018094.,34,33,67
WBGene00018096.,2,0,2
WBGene00018097.,0,1,1
WBGene00018098.,1,0,1
WBGene00018099.,39,282,321
WBGene00018100.,6,40,46
WBGene00018101.,38,67,105
WBGene00018102.,19,197,216
WBGene00018103.,0,29,29
WBGene00018104.,0,321,321
WBGene00018105.,1,3,4
WBGene00018106.,0,0,0
WBGene00018107.,0,0,0
WBGene00018108.,0,0,0
WBGene00018109.,1,2,3
WBGene00018110.,9,6,15
WBGene00018111.,24,23,47
WBGene00018112.,87,732,819
WBGene00018113.,10,31,41
WBGene00018114.,33,101,134
WBGene00018115.,35,257,292
WBGene00018117.,88,3450,3538
WBGene00018118.,30,316,346
WBGene00018119.,2,9,11
WBGene00018120.,0,0,0
WBGene00018121.,0,7,7
WBGene00018122.,0,1,1
WBGene00018123.,0,0,0
WBGene00018124.,0,0,0
WBGene00018125.,0,0,0
WBGene00018127.,0,0,0
WBGene00018130.,12,5,17
WBGene00018131.,152,1287,1439
WBGene00018132.,122,2086,2208
WBGene00018133.,7,12,19
WBGene00018134.,3,10,13
WBGene00018135.,1,10,11
WBGene00018136.,6,48,54
WBGene00018137.,16,576,592
WBGene00018138.,4,11,15
WBGene00018139.,5,3,8
WBGene00018140.,92,610,702
WBGene00018141.,2,2,4
WBGene00018142.,6,30,36
WBGene00018143.,7,15,22
WBGene00018144.,95,480,575
WBGene00018145.,272,3729,4001
WBGene00018146.,43,490,533
WBGene00018148.,43,30,73
WBGene00018149.,253,1255,1508
WBGene00018150.,89,1226,1315
WBGene00018151.,198,1268,1466
WBGene00018152.,37,1975,2012
WBGene00018153.,4,96,100
WBGene00018154.,161,1791,1952
WBGene00018155.,0,10,10
WBGene00018156.,103,1319,1422
WBGene00018157.,20,35,55
WBGene00018158.,2,6,8
WBGene00018159.,252,1082,1334
WBGene00018160.,24,647,671
WBGene00018161.,59,944,1003
WBGene00018162.,0,2,2
WBGene00018163.,5,0,5
WBGene00018164.,5,3084,3089
WBGene00018165.,5,10,15
WBGene00018166.,18,174,192
WBGene00018167.,1,9,10
WBGene00018168.,22,4,26
WBGene00018169.,1,0,1
WBGene00018170.,2,72,74
WBGene00018172.,19,16,35
WBGene00018173.,73,260,333
WBGene00018174.,11,19,30
WBGene00018175.,99,350,449
WBGene00018176.,6,0,6
WBGene00018178.,6,2,8
WBGene00018179.,14,57,71
WBGene00018180.,6,5,11
WBGene00018181.,30,1123,1153
WBGene00018182.,0,1,1
WBGene00018184.,4,88,92
WBGene00018186.,0,16,16
WBGene00018187.,1435,2914,4349
WBGene00018188.,144,686,830
WBGene00018189.,17,5,22
WBGene00018190.,5,1,6
WBGene00018191.,248,236,484
WBGene00018192.,0,0,0
WBGene00018193.,146,3498,3644
WBGene00018194.,3,48,51
WBGene00018195.,17,318,335
WBGene00018196.,12,5,17
WBGene00018198.,88,35,123
WBGene00018199.,36,689,725
WBGene00018200.,14,130,144
WBGene00018201.,1,21,22
WBGene00018202.,0,1,1
WBGene00018203.,1,10,11
WBGene00018204.,112,899,1011
WBGene00018205.,1,0,1
WBGene00018206.,21,264,285
WBGene00018207.,14,50,64
WBGene00018208.,52,1226,1278
WBGene00018209.,19,4,23
WBGene00018210.,3,84,87
WBGene00018211.,15,7,22
WBGene00018212.,38,277,315
WBGene00018213.,24,195,219
WBGene00018214.,212,1885,2097
WBGene00018215.,18,46,64
WBGene00018216.,171,907,1078
WBGene00018217.,896,1730,2626
WBGene00018218.,14,2429,2443
WBGene00018219.,29,264,293
WBGene00018221.,491,5548,6039
WBGene00018222.,38,209,247
WBGene00018223.,12,122,134
WBGene00018224.,21,23,44
WBGene00018225.,8,8,16
WBGene00018226.,90,497,587
WBGene00018227.,17,43,60
WBGene00018228.,0,4,4
WBGene00018229.,37,1396,1433
WBGene00018230.,10,1046,1056
WBGene00018231.,3,6,9
WBGene00018232.,2695,6490,9185
WBGene00018233.,0,38,38
WBGene00018234.,1,11,12
WBGene00018235.,4,11,15
WBGene00018236.,1,8,9
WBGene00018237.,161,1684,1845
WBGene00018238.,148,2330,2478
WBGene00018239.,38,336,374
WBGene00018240.,60,422,482
WBGene00018241.,9,59,68
WBGene00018242.,3,10,13
WBGene00018243.,0,2,2
WBGene00018244.,1,0,1
WBGene00018245.,3,4,7
WBGene00018246.,3,5,8
WBGene00018247.,6,2,8
WBGene00018248.,6,5,11
WBGene00018249.,327,2373,2700
WBGene00018250.,199,1695,1894
WBGene00018251.,24,74,98
WBGene00018252.,22,406,428
WBGene00018253.,11,29,40
WBGene00018254.,3,7,10
WBGene00018255.,124,150,274
WBGene00018256.,3,10,13
WBGene00018257.,132,4217,4349
WBGene00018258.,59,385,444
WBGene00018259.,153,1419,1572
WBGene00018260.,94,705,799
WBGene00018261.,19,112,131
WBGene00018262.,18,99,117
WBGene00018264.,5,42,47
WBGene00018265.,128,801,929
WBGene00018266.,37,728,765
WBGene00018267.,13,21,34
WBGene00018268.,29,747,776
WBGene00018269.,99,788,887
WBGene00018270.,30,1417,1447
WBGene00018271.,279,35056,35335
WBGene00018273.,460,862,1322
WBGene00018274.,153,689,842
WBGene00018275.,82,83,165
WBGene00018278.,2,1,3
WBGene00018279.,0,6,6
WBGene00018280.,5,29,34
WBGene00018281.,50,482,532
WBGene00018282.,57,390,447
WBGene00018283.,15,30,45
WBGene00018284.,0,5,5
WBGene00018285.,1014,7009,8023
WBGene00018286.,35,236,271
WBGene00018288.,13,243,256
WBGene00018289.,10,5,15
WBGene00018290.,183,4449,4632
WBGene00018291.,10,24,34
WBGene00018292.,2,4,6
WBGene00018293.,34,150,184
WBGene00018294.,123,5916,6039
WBGene00018295.,5,11,16
WBGene00018296.,0,8,8
WBGene00018297.,0,27,27
WBGene00018298.,222,4472,4694
WBGene00018300.,3,15,18
WBGene00018301.,19,17,36
WBGene00018302.,17,299,316
WBGene00018303.,1032,13160,14192
WBGene00018304.,185,681,866
WBGene00018305.,260,2248,2508
WBGene00018307.,10,38,48
WBGene00018309.,1,17,18
WBGene00018310.,1,148,149
WBGene00018311.,196,2919,3115
WBGene00018312.,9,9,18
WBGene00018313.,5,16,21
WBGene00018314.,6,43,49
WBGene00018315.,12,31,43
WBGene00018316.,64,1287,1351
WBGene00018317.,117,2410,2527
WBGene00018318.,2,196,198
WBGene00018319.,569,2567,3136
WBGene00018321.,16,477,493
WBGene00018322.,0,2,2
WBGene00018323.,33,7,40
WBGene00018324.,0,0,0
WBGene00018325.,34,2,36
WBGene00018326.,2,14,16
WBGene00018327.,1,10,11
WBGene00018328.,159,536,695
WBGene00018329.,7,1,8
WBGene00018330.,68,514,582
WBGene00018332.,7,4,11
WBGene00018333.,0,14,14
WBGene00018334.,42,278,320
WBGene00018335.,231,1778,2009
WBGene00018336.,0,2,2
WBGene00018337.,84,641,725
WBGene00018338.,2,115,117
WBGene00018339.,41,3194,3235
WBGene00018340.,27,258,285
WBGene00018341.,115,1216,1331
WBGene00018342.,90,611,701
WBGene00018343.,2,286,288
WBGene00018344.,54,224,278
WBGene00018345.,63,89,152
WBGene00018346.,105,1237,1342
WBGene00018347.,141,415,556
WBGene00018348.,30,338,368
WBGene00018349.,158,5098,5256
WBGene00018350.,72,2525,2597
WBGene00018351.,10,139,149
WBGene00018352.,2,4,6
WBGene00018353.,4,5,9
WBGene00018354.,3,5,8
WBGene00018355.,16,77,93
WBGene00018356.,208,1435,1643
WBGene00018357.,23,547,570
WBGene00018358.,1,24,25
WBGene00018359.,10,6,16
WBGene00018360.,9,17,26
WBGene00018361.,1196,9086,10282
WBGene00018362.,10,1244,1254
WBGene00018363.,85,1018,1103
WBGene00018364.,123,302,425
WBGene00018365.,6,58,64
WBGene00018366.,74,781,855
WBGene00018367.,78,309,387
WBGene00018369.,145,658,803
WBGene00018370.,118,862,980
WBGene00018371.,41,652,693
WBGene00018373.,275,782,1057
WBGene00018374.,111,294,405
WBGene00018375.,16,35,51
WBGene00018376.,591,2912,3503
WBGene00018377.,7,3,10
WBGene00018378.,1,1,2
WBGene00018379.,6,1,7
WBGene00018380.,11,515,526
WBGene00018381.,38,3,41
WBGene00018382.,2,0,2
WBGene00018383.,4,168,172
WBGene00018384.,101,1216,1317
WBGene00018385.,2,2,4
WBGene00018386.,54,341,395
WBGene00018387.,8,11,19
WBGene00018388.,207,0,207
WBGene00018389.,6,4,10
WBGene00018390.,20,443,463
WBGene00018391.,25,2321,2346
WBGene00018392.,96,552,648
WBGene00018393.,6,2224,2230
WBGene00018394.,7,13,20
WBGene00018395.,83,8618,8701
WBGene00018397.,2,3,5
WBGene00018398.,22,109,131
WBGene00018399.,67,801,868
WBGene00018400.,420,4496,4916
WBGene00018402.,31,248,279
WBGene00018403.,113,208,321
WBGene00018404.,5,23,28
WBGene00018405.,255,1315,1570
WBGene00018406.,7,6,13
WBGene00018407.,216,1363,1579
WBGene00018408.,122,545,667
WBGene00018409.,33,1338,1371
WBGene00018410.,6,16,22
WBGene00018411.,9,14,23
WBGene00018412.,7,10,17
WBGene00018413.,30,295,325
WBGene00018414.,5,5,10
WBGene00018415.,7,289,296
WBGene00018417.,425,1719,2144
WBGene00018418.,1,14,15
WBGene00018419.,141,939,1080
WBGene00018420.,262,1909,2171
WBGene00018421.,13,1104,1117
WBGene00018422.,23,1180,1203
WBGene00018423.,63,272,335
WBGene00018424.,8,158,166
WBGene00018425.,32,166,198
WBGene00018426.,49,1765,1814
WBGene00018427.,1,164,165
WBGene00018428.,2,4,6
WBGene00018429.,2,11,13
WBGene00018430.,16,109,125
WBGene00018431.,7,702,709
WBGene00018432.,7,16,23
WBGene00018433.,1,8,9
WBGene00018434.,2,11,13
WBGene00018435.,2,79,81
WBGene00018436.,0,1,1
WBGene00018437.,2,0,2
WBGene00018438.,0,2,2
WBGene00018439.,1,1,2
WBGene00018440.,0,0,0
WBGene00018441.,0,1,1
WBGene00018442.,8,4,12
WBGene00018443.,2,3,5
WBGene00018444.,3,7,10
WBGene00018445.,0,3,3
WBGene00018446.,14,41,55
WBGene00018447.,3,9,12
WBGene00018448.,28,920,948
WBGene00018449.,1,0,1
WBGene00018450.,0,0,0
WBGene00018451.,0,0,0
WBGene00018452.,1,15,16
WBGene00018454.,0,15,15
WBGene00018455.,0,12,12
WBGene00018456.,17,70,87
WBGene00018457.,10,3,13
WBGene00018458.,0,2,2
WBGene00018459.,0,169,169
WBGene00018460.,0,0,0
WBGene00018461.,0,0,0
WBGene00018462.,34,375,409
WBGene00018463.,0,0,0
WBGene00018465.,119,555,674
WBGene00018466.,24,178,202
WBGene00018467.,118,567,685
WBGene00018468.,768,4982,5750
WBGene00018470.,688,2852,3540
WBGene00018471.,11,50,61
WBGene00018472.,212,549,761
WBGene00018473.,14,102,116
WBGene00018474.,91,462,553
WBGene00018475.,421,6647,7068
WBGene00018476.,6,69,75
WBGene00018477.,0,4,4
WBGene00018478.,16,67,83
WBGene00018479.,2,4,6
WBGene00018480.,1,3,4
WBGene00018481.,254,1962,2216
WBGene00018482.,255,2494,2749
WBGene00018483.,39,848,887
WBGene00018484.,15,27,42
WBGene00018485.,1967,3535,5502
WBGene00018486.,16,136,152
WBGene00018487.,13,32,45
WBGene00018488.,84,252,336
WBGene00018489.,2,6,8
WBGene00018490.,1,0,1
WBGene00018491.,177,13110,13287
WBGene00018492.,132,1199,1331
WBGene00018493.,1,1,2
WBGene00018494.,2,4,6
WBGene00018495.,0,0,0
WBGene00018496.,0,2,2
WBGene00018497.,0,0,0
WBGene00018498.,1,4,5
WBGene00018499.,0,16,16
WBGene00018500.,0,0,0
WBGene00018501.,1,0,1
WBGene00018502.,2,0,2
WBGene00018503.,0,0,0
WBGene00018504.,1,0,1
WBGene00018505.,3,2,5
WBGene00018506.,3,37,40
WBGene00018507.,1,36,37
WBGene00018508.,1272,6615,7887
WBGene00018509.,209,2575,2784
WBGene00018510.,49,237,286
WBGene00018511.,127,1193,1320
WBGene00018512.,209,1402,1611
WBGene00018513.,1,330,331
WBGene00018514.,44,69,113
WBGene00018515.,3,20,23
WBGene00018516.,39,680,719
WBGene00018517.,142,1070,1212
WBGene00018518.,31,1328,1359
WBGene00018519.,1600,223763,225363
WBGene00018520.,152,1147,1299
WBGene00018521.,10,117,127
WBGene00018522.,208,2238,2446
WBGene00018523.,58,252,310
WBGene00018525.,0,0,0
WBGene00018526.,0,0,0
WBGene00018527.,0,0,0
WBGene00018528.,0,2,2
WBGene00018529.,0,0,0
WBGene00018530.,0,0,0
WBGene00018531.,1,21,22
WBGene00018532.,1645,23901,25546
WBGene00018533.,121,842,963
WBGene00018534.,2,2,4
WBGene00018535.,4,3,7
WBGene00018536.,0,0,0
WBGene00018537.,3,58,61
WBGene00018538.,140,957,1097
WBGene00018539.,16,4,20
WBGene00018540.,3,8,11
WBGene00018541.,6,25,31
WBGene00018542.,2,24,26
WBGene00018543.,11,14,25
WBGene00018544.,8,27,35
WBGene00018545.,3,18,21
WBGene00018547.,91,40,131
WBGene00018548.,3,4,7
WBGene00018549.,0,8,8
WBGene00018550.,2,0,2
WBGene00018551.,8,12,20
WBGene00018552.,4,2,6
WBGene00018553.,2,0,2
WBGene00018554.,1,1,2
WBGene00018555.,9,1,10
WBGene00018556.,0,0,0
WBGene00018557.,2,0,2
WBGene00018558.,6,3,9
WBGene00018559.,0,0,0
WBGene00018560.,23,147,170
WBGene00018561.,14,114,128
WBGene00018562.,90,579,669
WBGene00018563.,11,20,31
WBGene00018564.,1107,5230,6337
WBGene00018565.,24,418,442
WBGene00018566.,48,205,253
WBGene00018567.,2,0,2
WBGene00018568.,63,795,858
WBGene00018569.,176,453,629
WBGene00018571.,16,7,23
WBGene00018572.,236,97,333
WBGene00018573.,9,2,11
WBGene00018575.,1,3,4
WBGene00018576.,68,303,371
WBGene00018577.,19,112,131
WBGene00018578.,15,178,193
WBGene00018579.,424,2837,3261
WBGene00018580.,12,8,20
WBGene00018582.,900,1060,1960
WBGene00018585.,63,461,524
WBGene00018586.,107,712,819
WBGene00018587.,53,90,143
WBGene00018589.,418,60,478
WBGene00018590.,24,2421,2445
WBGene00018591.,3,32,35
WBGene00018593.,35,438,473
WBGene00018594.,37,234,271
WBGene00018595.,8,274,282
WBGene00018596.,14,9,23
WBGene00018598.,15,221,236
WBGene00018599.,49,1242,1291
WBGene00018600.,9,3,12
WBGene00018601.,1,1,2
WBGene00018602.,246,7065,7311
WBGene00018603.,23,57,80
WBGene00018604.,39,839,878
WBGene00018605.,3,11,14
WBGene00018606.,1,42,43
WBGene00018607.,168,688,856
WBGene00018608.,119,267,386
WBGene00018609.,213,2121,2334
WBGene00018610.,43,2929,2972
WBGene00018611.,144,659,803
WBGene00018612.,81,755,836
WBGene00018613.,11,468,479
WBGene00018614.,7,429,436
WBGene00018615.,23,102,125
WBGene00018616.,0,17,17
WBGene00018617.,3,2,5
WBGene00018618.,3,1,4
WBGene00018619.,0,5,5
WBGene00018620.,4,24,28
WBGene00018621.,2,184,186
WBGene00018622.,45,523,568
WBGene00018623.,8,16,24
WBGene00018624.,11,34,45
WBGene00018625.,28,943,971
WBGene00018626.,4,44,48
WBGene00018627.,6,5,11
WBGene00018628.,38,3,41
WBGene00018630.,26,37,63
WBGene00018631.,2,1,3
WBGene00018632.,17,505,522
WBGene00018634.,193,802,995
WBGene00018635.,43,481,524
WBGene00018636.,223,1662,1885
WBGene00018637.,44,813,857
WBGene00018638.,24,909,933
WBGene00018639.,66,295,361
WBGene00018640.,2,8,10
WBGene00018641.,21,136,157
WBGene00018643.,2,1,3
WBGene00018644.,0,2,2
WBGene00018645.,7,42,49
WBGene00018646.,5,30,35
WBGene00018647.,4,1,5
WBGene00018648.,31,31,62
WBGene00018649.,0,1,1
WBGene00018650.,0,4,4
WBGene00018651.,0,0,0
WBGene00018652.,4,2,6
WBGene00018653.,7,22,29
WBGene00018654.,26,239,265
WBGene00018655.,28,348,376
WBGene00018656.,37,435,472
WBGene00018657.,206,2251,2457
WBGene00018658.,39,80,119
WBGene00018659.,8,427,435
WBGene00018660.,3,170,173
WBGene00018661.,0,114,114
WBGene00018662.,2,9,11
WBGene00018663.,0,4,4
WBGene00018664.,16,76,92
WBGene00018665.,38,409,447
WBGene00018666.,10,87,97
WBGene00018667.,35,509,544
WBGene00018668.,12,351,363
WBGene00018669.,41,393,434
WBGene00018670.,0,6,6
WBGene00018671.,10,18,28
WBGene00018672.,151,892,1043
WBGene00018674.,155,944,1099
WBGene00018675.,24,40,64
WBGene00018678.,64,437,501
WBGene00018679.,208,743,951
WBGene00018680.,56,182,238
WBGene00018681.,541,1171,1712
WBGene00018682.,18,17,35
WBGene00018683.,33,82,115
WBGene00018684.,0,0,0
WBGene00018687.,3,26,29
WBGene00018688.,1,6,7
WBGene00018689.,34,112,146
WBGene00018690.,20,6,26
WBGene00018691.,6,11,17
WBGene00018692.,47,857,904
WBGene00018693.,7,5,12
WBGene00018694.,233,800,1033
WBGene00018696.,51,229,280
WBGene00018697.,84,468,552
WBGene00018698.,24,295,319
WBGene00018699.,0,0,0
WBGene00018700.,1376,3930,5306
WBGene00018701.,163,8666,8829
WBGene00018702.,4,242,246
WBGene00018703.,13,320,333
WBGene00018704.,22,505,527
WBGene00018706.,5,102,107
WBGene00018707.,10,77,87
WBGene00018708.,4,1,5
WBGene00018709.,2,7,9
WBGene00018710.,641,4501,5142
WBGene00018711.,62,97,159
WBGene00018712.,45,98,143
WBGene00018713.,10,9,19
WBGene00018714.,40,693,733
WBGene00018715.,22,125,147
WBGene00018716.,96,252,348
WBGene00018717.,14,207,221
WBGene00018718.,8,4,12
WBGene00018719.,62,249,311
WBGene00018720.,167,973,1140
WBGene00018721.,99,398,497
WBGene00018723.,15,43,58
WBGene00018724.,0,621,621
WBGene00018725.,0,1887,1887
WBGene00018726.,8,26,34
WBGene00018727.,118,480,598
WBGene00018728.,116,159,275
WBGene00018729.,0,2190,2190
WBGene00018730.,0,3264,3264
WBGene00018731.,0,16474,16474
WBGene00018732.,0,818,818
WBGene00018734.,635,665,1300
WBGene00018735.,11,207,218
WBGene00018736.,5,142,147
WBGene00018738.,20,33,53
WBGene00018739.,158,1039,1197
WBGene00018740.,234,841,1075
WBGene00018741.,148,289,437
WBGene00018742.,13,28,41
WBGene00018743.,98,519,617
WBGene00018744.,0,137,137
WBGene00018745.,9,13,22
WBGene00018746.,4,28,32
WBGene00018747.,37,208,245
WBGene00018748.,29,396,425
WBGene00018749.,0,0,0
WBGene00018750.,288,1484,1772
WBGene00018751.,3,1,4
WBGene00018752.,30,53,83
WBGene00018754.,10,32,42
WBGene00018755.,30,224,254
WBGene00018756.,589,8614,9203
WBGene00018757.,168,1595,1763
WBGene00018758.,154,2010,2164
WBGene00018759.,0,0,0
WBGene00018760.,88,436,524
WBGene00018761.,745,6,751
WBGene00018762.,76,1135,1211
WBGene00018763.,85,6178,6263
WBGene00018764.,14,5898,5912
WBGene00018765.,540,2134,2674
WBGene00018766.,289,653,942
WBGene00018767.,2,2,4
WBGene00018768.,2,1,3
WBGene00018769.,36,728,764
WBGene00018771.,11,22,33
WBGene00018772.,117,204,321
WBGene00018773.,17,34,51
WBGene00018774.,29,75,104
WBGene00018776.,398,3292,3690
WBGene00018777.,231,710,941
WBGene00018778.,465,2940,3405
WBGene00018779.,14,34,48
WBGene00018781.,69,238,307
WBGene00018782.,505,4442,4947
WBGene00018783.,2,11,13
WBGene00018784.,390,6124,6514
WBGene00018785.,201,821,1022
WBGene00018786.,5,27,32
WBGene00018787.,81,536,617
WBGene00018788.,186,796,982
WBGene00018789.,95,118,213
WBGene00018791.,99,357,456
WBGene00018792.,5,8,13
WBGene00018793.,430,1985,2415
WBGene00018794.,234,414,648
WBGene00018795.,126,1340,1466
WBGene00018797.,236,1346,1582
WBGene00018798.,33,132,165
WBGene00018802.,89,1733,1822
WBGene00018803.,274,16037,16311
WBGene00018804.,19,388,407
WBGene00018805.,16,67,83
WBGene00018806.,1,426,427
WBGene00018807.,19,286,305
WBGene00018808.,0,0,0
WBGene00018809.,2,1,3
WBGene00018810.,3,1,4
WBGene00018811.,846,7502,8348
WBGene00018812.,212,1007,1219
WBGene00018813.,1,19,20
WBGene00018814.,46,1130,1176
WBGene00018815.,2,8,10
WBGene00018816.,3,0,3
WBGene00018819.,349,2582,2931
WBGene00018820.,10,0,10
WBGene00018821.,4,2,6
WBGene00018822.,3,0,3
WBGene00018823.,3,87,90
WBGene00018824.,0,8,8
WBGene00018825.,5,16,21
WBGene00018826.,1,5,6
WBGene00018827.,16,226,242
WBGene00018828.,2,3,5
WBGene00018829.,6,16,22
WBGene00018830.,67,750,817
WBGene00018831.,103,1295,1398
WBGene00018833.,240,1375,1615
WBGene00018834.,0,2,2
WBGene00018835.,58,426,484
WBGene00018836.,61,529,590
WBGene00018837.,1029,1171,2200
WBGene00018838.,0,0,0
WBGene00018839.,3,16,19
WBGene00018840.,1,1,2
WBGene00018841.,0,0,0
WBGene00018842.,0,16,16
WBGene00018844.,0,7,7
WBGene00018845.,6,47,53
WBGene00018846.,17186,139401,156587
WBGene00018847.,187,1321,1508
WBGene00018848.,94,717,811
WBGene00018849.,63,4102,4165
WBGene00018850.,75,178,253
WBGene00018851.,8,10,18
WBGene00018852.,12,251,263
WBGene00018853.,22,409,431
WBGene00018854.,57,560,617
WBGene00018855.,21,394,415
WBGene00018856.,41,65,106
WBGene00018857.,125,1275,1400
WBGene00018859.,99,548,647
WBGene00018860.,121,321,442
WBGene00018861.,57,199,256
WBGene00018862.,45,672,717
WBGene00018863.,3,283,286
WBGene00018864.,221,1444,1665
WBGene00018865.,1,2,3
WBGene00018866.,105,1317,1422
WBGene00018867.,111,552,663
WBGene00018868.,43,38,81
WBGene00018869.,330,2317,2647
WBGene00018870.,1,40,41
WBGene00018871.,7,450,457
WBGene00018872.,605,4085,4690
WBGene00018873.,24,213,237
WBGene00018874.,29,95,124
WBGene00018875.,0,0,0
WBGene00018877.,42,138,180
WBGene00018878.,3,226,229
WBGene00018879.,46,191,237
WBGene00018880.,25,49,74
WBGene00018881.,0,48,48
WBGene00018882.,0,17,17
WBGene00018883.,0,9,9
WBGene00018884.,10,18,28
WBGene00018885.,4,132,136
WBGene00018886.,1,230,231
WBGene00018888.,2,3,5
WBGene00018890.,225,2291,2516
WBGene00018891.,104,1130,1234
WBGene00018892.,60,2455,2515
WBGene00018893.,220,2004,2224
WBGene00018894.,11,692,703
WBGene00018895.,1,6,7
WBGene00018896.,3,22,25
WBGene00018897.,38,315,353
WBGene00018898.,325,3255,3580
WBGene00018899.,6,30,36
WBGene00018900.,36,881,917
WBGene00018901.,1,57,58
WBGene00018902.,11,544,555
WBGene00018903.,7,106,113
WBGene00018904.,6,736,742
WBGene00018906.,22,53,75
WBGene00018907.,29,67,96
WBGene00018908.,56,413,469
WBGene00018909.,121,530,651
WBGene00018910.,0,0,0
WBGene00018911.,0,1,1
WBGene00018912.,0,0,0
WBGene00018913.,0,0,0
WBGene00018914.,0,0,0
WBGene00018915.,0,0,0
WBGene00018917.,0,0,0
WBGene00018918.,0,0,0
WBGene00018919.,0,0,0
WBGene00018920.,0,0,0
WBGene00018921.,0,94,94
WBGene00018923.,234,890,1124
WBGene00018924.,46,75,121
WBGene00018925.,9,293,302
WBGene00018926.,1,1,2
WBGene00018928.,67,168,235
WBGene00018929.,13,18,31
WBGene00018930.,4,6,10
WBGene00018931.,27,81,108
WBGene00018932.,138,2100,2238
WBGene00018933.,4,6,10
WBGene00018934.,23,2236,2259
WBGene00018935.,11,1335,1346
WBGene00018937.,284,1788,2072
WBGene00018938.,0,1,1
WBGene00018939.,5,54,59
WBGene00018940.,1,6,7
WBGene00018941.,0,1,1
WBGene00018942.,0,0,0
WBGene00018943.,0,2,2
WBGene00018944.,1,1,2
WBGene00018945.,2,26,28
WBGene00018946.,6,25,31
WBGene00018948.,16,448,464
WBGene00018949.,6,13,19
WBGene00018950.,61,506,567
WBGene00018951.,23,415,438
WBGene00018952.,59,653,712
WBGene00018953.,923,9069,9992
WBGene00018954.,110,719,829
WBGene00018955.,44,1051,1095
WBGene00018957.,36,456,492
WBGene00018958.,90,361,451
WBGene00018959.,37,965,1002
WBGene00018960.,11,283,294
WBGene00018961.,88,744,832
WBGene00018963.,682,8446,9128
WBGene00018964.,39,598,637
WBGene00018965.,8,10,18
WBGene00018966.,42,278,320
WBGene00018967.,50,859,909
WBGene00018968.,5,27,32
WBGene00018969.,24,573,597
WBGene00018970.,4,2,6
WBGene00018971.,12,63,75
WBGene00018972.,3,13,16
WBGene00018973.,8,12,20
WBGene00018974.,304,971,1275
WBGene00018975.,461,1157,1618
WBGene00018976.,504,337,841
WBGene00018978.,0,4,4
WBGene00018979.,2,4,6
WBGene00018980.,4,1,5
WBGene00018981.,4,8,12
WBGene00018982.,1,0,1
WBGene00018984.,29,184,213
WBGene00018985.,154,818,972
WBGene00018986.,50,581,631
WBGene00018987.,74,445,519
WBGene00018988.,29,284,313
WBGene00018989.,37,423,460
WBGene00018990.,113,254,367
WBGene00018991.,85,587,672
WBGene00018992.,55,68,123
WBGene00018993.,1,7,8
WBGene00018994.,8,4,12
WBGene00018995.,124,566,690
WBGene00018996.,48,1553,1601
WBGene00018997.,10,60,70
WBGene00018998.,142,898,1040
WBGene00018999.,6,43,49
WBGene00019001.,349,6623,6972
WBGene00019002.,105,674,779
WBGene00019003.,49,2032,2081
WBGene00019004.,65,1646,1711
WBGene00019005.,184,1687,1871
WBGene00019006.,192,2169,2361
WBGene00019007.,1195,2495,3690
WBGene00019008.,20,497,517
WBGene00019009.,46,196,242
WBGene00019010.,122,16,138
WBGene00019011.,198,1042,1240
WBGene00019012.,42,189,231
WBGene00019013.,27,519,546
WBGene00019014.,35,262,297
WBGene00019015.,1,8,9
WBGene00019016.,0,17,17
WBGene00019017.,54,4351,4405
WBGene00019018.,882,1850,2732
WBGene00019019.,176,65,241
WBGene00019020.,0,68,68
WBGene00019021.,2,7,9
WBGene00019022.,25,82,107
WBGene00019023.,64,335,399
WBGene00019024.,1,3,4
WBGene00019025.,19,85,104
WBGene00019026.,0,3,3
WBGene00019027.,1,7,8
WBGene00019028.,2,5,7
WBGene00019029.,14,30,44
WBGene00019030.,67,43,110
WBGene00019032.,6,18,24
WBGene00019034.,1,2,3
WBGene00019035.,1,18,19
WBGene00019036.,16,25,41
WBGene00019037.,1,1,2
WBGene00019038.,5,8,13
WBGene00019039.,1,8,9
WBGene00019040.,3,3,6
WBGene00019041.,1,3,4
WBGene00019042.,0,2,2
WBGene00019043.,2,9,11
WBGene00019044.,0,0,0
WBGene00019045.,2,0,2
WBGene00019046.,2,8,10
WBGene00019047.,5,179,184
WBGene00019048.,17,168,185
WBGene00019049.,22,111,133
WBGene00019050.,1,1,2
WBGene00019051.,0,4,4
WBGene00019053.,0,1,1
WBGene00019054.,2,6,8
WBGene00019055.,50,780,830
WBGene00019057.,8,51,59
WBGene00019058.,8,22,30
WBGene00019059.,2,0,2
WBGene00019060.,30,144,174
WBGene00019061.,4141,37240,41381
WBGene00019062.,0,0,0
WBGene00019063.,3,1,4
WBGene00019064.,160,2676,2836
WBGene00019065.,0,2,2
WBGene00019066.,1,0,1
WBGene00019067.,20,47,67
WBGene00019068.,13,180,193
WBGene00019069.,186,332,518
WBGene00019070.,0,18,18
WBGene00019072.,0,0,0
WBGene00019073.,0,0,0
WBGene00019074.,162,730,892
WBGene00019075.,36,512,548
WBGene00019076.,51,421,472
WBGene00019077.,26,781,807
WBGene00019079.,118,1341,1459
WBGene00019080.,14,45,59
WBGene00019081.,7,5,12
WBGene00019082.,20,138,158
WBGene00019084.,3,5,8
WBGene00019085.,6,5,11
WBGene00019086.,5,3,8
WBGene00019087.,13,1136,1149
WBGene00019089.,7,3,10
WBGene00019090.,114,1066,1180
WBGene00019091.,10,16,26
WBGene00019092.,856,6930,7786
WBGene00019094.,7,20,27
WBGene00019095.,25,358,383
WBGene00019096.,9,5,14
WBGene00019097.,109,1763,1872
WBGene00019098.,3,10,13
WBGene00019099.,5,4,9
WBGene00019100.,36,94,130
WBGene00019101.,9,17,26
WBGene00019102.,449,2500,2949
WBGene00019103.,43,84,127
WBGene00019104.,0,5,5
WBGene00019105.,5,121,126
WBGene00019106.,15,32,47
WBGene00019107.,8,25,33
WBGene00019108.,8,357,365
WBGene00019109.,70,172,242
WBGene00019111.,57,412,469
WBGene00019112.,32,32,64
WBGene00019113.,98,3827,3925
WBGene00019114.,25,174,199
WBGene00019115.,26,168,194
WBGene00019116.,32,263,295
WBGene00019117.,36,130,166
WBGene00019118.,16,1185,1201
WBGene00019119.,3,7,10
WBGene00019120.,31,772,803
WBGene00019121.,17,741,758
WBGene00019122.,133,9,142
WBGene00019123.,4,2,6
WBGene00019124.,210,2537,2747
WBGene00019125.,51,441,492
WBGene00019126.,11,48,59
WBGene00019127.,140,1047,1187
WBGene00019128.,132,286,418
WBGene00019129.,288,1536,1824
WBGene00019130.,126,611,737
WBGene00019131.,26,142,168
WBGene00019132.,57,157,214
WBGene00019133.,10,14,24
WBGene00019134.,24,239,263
WBGene00019135.,0,3,3
WBGene00019137.,0,2,2
WBGene00019138.,148,28,176
WBGene00019139.,29,237,266
WBGene00019140.,40,289,329
WBGene00019141.,53,659,712
WBGene00019142.,50,1028,1078
WBGene00019143.,101,1158,1259
WBGene00019144.,12,85,97
WBGene00019145.,3,0,3
WBGene00019146.,0,1,1
WBGene00019148.,13,10,23
WBGene00019149.,68,115,183
WBGene00019150.,1,9,10
WBGene00019151.,3,3,6
WBGene00019152.,2,13,15
WBGene00019153.,11,179,190
WBGene00019154.,18,9,27
WBGene00019155.,4,3,7
WBGene00019156.,88,1076,1164
WBGene00019157.,668,1572,2240
WBGene00019158.,67,1725,1792
WBGene00019159.,2,3,5
WBGene00019160.,270,18080,18350
WBGene00019162.,11,3706,3717
WBGene00019163.,6,1163,1169
WBGene00019164.,26,165,191
WBGene00019165.,5,5,10
WBGene00019166.,438,845,1283
WBGene00019167.,109,1263,1372
WBGene00019168.,670,5148,5818
WBGene00019169.,4,9,13
WBGene00019170.,372,2732,3104
WBGene00019171.,0,2,2
WBGene00019174.,14,100,114
WBGene00019176.,74,57,131
WBGene00019177.,25,520,545
WBGene00019178.,4,8,12
WBGene00019179.,4,3,7
WBGene00019180.,545,765,1310
WBGene00019181.,7,33,40
WBGene00019182.,56,413,469
WBGene00019183.,648,71,719
WBGene00019184.,10,20,30
WBGene00019185.,42,719,761
WBGene00019186.,1,6,7
WBGene00019187.,29,28,57
WBGene00019188.,113,493,606
WBGene00019189.,0,53,53
WBGene00019190.,61,5,66
WBGene00019192.,1,4,5
WBGene00019193.,1,6,7
WBGene00019194.,2,4,6
WBGene00019196.,25,1641,1666
WBGene00019197.,18,191,209
WBGene00019198.,52,104,156
WBGene00019199.,110,619,729
WBGene00019200.,102,471,573
WBGene00019202.,14,16,30
WBGene00019203.,547,7416,7963
WBGene00019204.,92,503,595
WBGene00019205.,1446,2325,3771
WBGene00019207.,215,1864,2079
WBGene00019208.,2,6,8
WBGene00019209.,186,726,912
WBGene00019211.,231,500,731
WBGene00019212.,59,239,298
WBGene00019213.,29,77,106
WBGene00019214.,2,1,3
WBGene00019215.,21,69,90
WBGene00019216.,1,4,5
WBGene00019217.,317,1611,1928
WBGene00019218.,131,246,377
WBGene00019219.,124,603,727
WBGene00019220.,49,1007,1056
WBGene00019221.,14,227,241
WBGene00019222.,15,12,27
WBGene00019224.,30,188,218
WBGene00019225.,26,76,102
WBGene00019226.,4,75,79
WBGene00019227.,67,507,574
WBGene00019228.,3,69,72
WBGene00019229.,8,18,26
WBGene00019230.,64,97,161
WBGene00019231.,18,63,81
WBGene00019232.,33,112,145
WBGene00019233.,0,8,8
WBGene00019234.,3,27,30
WBGene00019235.,1,3,4
WBGene00019236.,0,17,17
WBGene00019237.,252,1157,1409
WBGene00019239.,50,3,53
WBGene00019240.,230,2025,2255
WBGene00019241.,346,1010,1356
WBGene00019242.,35,10,45
WBGene00019243.,3,410,413
WBGene00019244.,79,567,646
WBGene00019245.,178,1082,1260
WBGene00019246.,216,1370,1586
WBGene00019247.,16,207,223
WBGene00019248.,125,114,239
WBGene00019249.,214,3650,3864
WBGene00019250.,364,1363,1727
WBGene00019251.,27,6,33
WBGene00019253.,1,8,9
WBGene00019254.,13,234,247
WBGene00019255.,5,17,22
WBGene00019257.,5,4,9
WBGene00019259.,39,682,721
WBGene00019260.,2,2,4
WBGene00019261.,12,926,938
WBGene00019262.,3,5,8
WBGene00019263.,183,1250,1433
WBGene00019264.,142,984,1126
WBGene00019265.,0,82,82
WBGene00019266.,7,75,82
WBGene00019267.,2,3,5
WBGene00019268.,78,539,617
WBGene00019269.,12,46,58
WBGene00019270.,205,325,530
WBGene00019272.,42,52,94
WBGene00019273.,3,14,17
WBGene00019274.,261,573,834
WBGene00019275.,260,958,1218
WBGene00019276.,130,814,944
WBGene00019277.,77,509,586
WBGene00019278.,199,1150,1349
WBGene00019279.,892,1639,2531
WBGene00019280.,83,759,842
WBGene00019281.,5,7,12
WBGene00019282.,440,5862,6302
WBGene00019283.,0,0,0
WBGene00019284.,226,8233,8459
WBGene00019285.,32,194,226
WBGene00019286.,157,109,266
WBGene00019287.,25,9,34
WBGene00019288.,1,2,3
WBGene00019289.,99,410,509
WBGene00019290.,17,444,461
WBGene00019292.,0,2,2
WBGene00019293.,4,192,196
WBGene00019294.,576,2742,3318
WBGene00019295.,124,941,1065
WBGene00019296.,36,1134,1170
WBGene00019297.,4,3,7
WBGene00019298.,209,4592,4801
WBGene00019299.,38,185,223
WBGene00019300.,84,1471,1555
WBGene00019301.,471,6066,6537
WBGene00019302.,4,13,17
WBGene00019303.,82,59,141
WBGene00019304.,54,949,1003
WBGene00019305.,107,3325,3432
WBGene00019306.,1,22,23
WBGene00019309.,4,2,6
WBGene00019310.,4,129,133
WBGene00019311.,19,273,292
WBGene00019312.,1,4,5
WBGene00019313.,1,2,3
WBGene00019314.,3,3,6
WBGene00019315.,434,4083,4517
WBGene00019316.,0,67,67
WBGene00019317.,82,292,374
WBGene00019318.,70,21,91
WBGene00019319.,22,122,144
WBGene00019320.,54,248,302
WBGene00019321.,38,109,147
WBGene00019322.,40,8625,8665
WBGene00019323.,633,1783,2416
WBGene00019324.,372,7200,7572
WBGene00019326.,114,1457,1571
WBGene00019327.,1241,11826,13067
WBGene00019328.,201,1510,1711
WBGene00019329.,185,703,888
WBGene00019331.,24,69,93
WBGene00019332.,2095,15795,17890
WBGene00019333.,220,1929,2149
WBGene00019334.,27,926,953
WBGene00019335.,0,19,19
WBGene00019337.,6,8,14
WBGene00019338.,2,4,6
WBGene00019339.,0,29,29
WBGene00019340.,2,4,6
WBGene00019341.,33,3,36
WBGene00019342.,0,16,16
WBGene00019343.,120,279,399
WBGene00019344.,51,442,493
WBGene00019345.,28,69,97
WBGene00019346.,8,75,83
WBGene00019347.,641,965,1606
WBGene00019348.,3,6,9
WBGene00019349.,3,5,8
WBGene00019350.,5,3,8
WBGene00019351.,63,1823,1886
WBGene00019352.,69,307,376
WBGene00019353.,107,3366,3473
WBGene00019354.,109,3230,3339
WBGene00019355.,83,632,715
WBGene00019356.,2,4,6
WBGene00019357.,1916,78921,80837
WBGene00019360.,65,81,146
WBGene00019361.,301,2805,3106
WBGene00019362.,245,580,825
WBGene00019364.,22,232,254
WBGene00019365.,254,2267,2521
WBGene00019367.,7,8,15
WBGene00019368.,43,226,269
WBGene00019369.,28,48,76
WBGene00019370.,78,135,213
WBGene00019371.,8,21,29
WBGene00019372.,9,112,121
WBGene00019373.,28,184,212
WBGene00019374.,14,52,66
WBGene00019376.,0,3,3
WBGene00019379.,5,14,19
WBGene00019380.,153,1014,1167
WBGene00019381.,87,14857,14944
WBGene00019382.,1,4,5
WBGene00019383.,4,2,6
WBGene00019384.,3,0,3
WBGene00019385.,5,9,14
WBGene00019386.,3,11,14
WBGene00019387.,0,0,0
WBGene00019388.,63,247,310
WBGene00019389.,13,37,50
WBGene00019390.,2,10,12
WBGene00019391.,15,73,88
WBGene00019392.,9,10,19
WBGene00019393.,10,14,24
WBGene00019394.,127,538,665
WBGene00019395.,43,166,209
WBGene00019396.,58,857,915
WBGene00019399.,82,2789,2871
WBGene00019400.,162,1110,1272
WBGene00019401.,118,3644,3762
WBGene00019402.,103,3283,3386
WBGene00019403.,126,542,668
WBGene00019404.,2,15,17
WBGene00019405.,9,15,24
WBGene00019406.,4,9,13
WBGene00019407.,171,1059,1230
WBGene00019408.,61,831,892
WBGene00019409.,0,3,3
WBGene00019410.,7,17,24
WBGene00019411.,15,319,334
WBGene00019412.,0,4,4
WBGene00019413.,2,2,4
WBGene00019414.,0,1,1
WBGene00019415.,1,10,11
WBGene00019416.,3,7,10
WBGene00019417.,0,2,2
WBGene00019418.,1,3,4
WBGene00019419.,0,4,4
WBGene00019420.,0,2,2
WBGene00019421.,112,791,903
WBGene00019422.,0,19,19
WBGene00019423.,46,9,55
WBGene00019424.,14,58,72
WBGene00019425.,2,2,4
WBGene00019426.,5,125,130
WBGene00019427.,122,2615,2737
WBGene00019428.,248,645,893
WBGene00019429.,77,1121,1198
WBGene00019430.,1,5,6
WBGene00019431.,6,16,22
WBGene00019432.,143,3412,3555
WBGene00019433.,41,1789,1830
WBGene00019434.,315,367,682
WBGene00019435.,79,355,434
WBGene00019436.,85,819,904
WBGene00019437.,42,508,550
WBGene00019438.,1,5,6
WBGene00019439.,205,8,213
WBGene00019441.,65,132,197
WBGene00019442.,0,0,0
WBGene00019444.,20,39,59
WBGene00019445.,37,73,110
WBGene00019448.,45,333,378
WBGene00019449.,4,0,4
WBGene00019450.,4,2,6
WBGene00019451.,6,0,6
WBGene00019452.,7,0,7
WBGene00019453.,2,0,2
WBGene00019454.,0,1,1
WBGene00019455.,7,50,57
WBGene00019456.,116,926,1042
WBGene00019457.,173,1435,1608
WBGene00019458.,61,676,737
WBGene00019459.,3,2,5
WBGene00019460.,66,525,591
WBGene00019461.,78,502,580
WBGene00019462.,338,161,499
WBGene00019464.,10,196,206
WBGene00019465.,569,2731,3300
WBGene00019466.,1634,51908,53542
WBGene00019467.,23,2002,2025
WBGene00019469.,5,3,8
WBGene00019470.,6,1,7
WBGene00019471.,2,5,7
WBGene00019472.,18,112,130
WBGene00019473.,0,2,2
WBGene00019476.,82,844,926
WBGene00019477.,14,288,302
WBGene00019478.,1079,7515,8594
WBGene00019479.,198,2090,2288
WBGene00019480.,97,881,978
WBGene00019481.,59,1380,1439
WBGene00019482.,63,708,771
WBGene00019483.,0,2,2
WBGene00019484.,9,226,235
WBGene00019485.,132,378,510
WBGene00019486.,5,5,10
WBGene00019487.,36,326,362
WBGene00019488.,343,5327,5670
WBGene00019489.,155,3501,3656
WBGene00019490.,36,1107,1143
WBGene00019491.,34,387,421
WBGene00019492.,986,5182,6168
WBGene00019493.,39,90,129
WBGene00019494.,0,9,9
WBGene00019495.,52,752,804
WBGene00019496.,16,80,96
WBGene00019497.,49,1036,1085
WBGene00019498.,108,500,608
WBGene00019501.,2,1,3
WBGene00019502.,0,4,4
WBGene00019503.,49,443,492
WBGene00019504.,13,769,782
WBGene00019506.,12,23,35
WBGene00019507.,2,0,2
WBGene00019508.,6,4,10
WBGene00019509.,7,62,69
WBGene00019510.,223,7262,7485
WBGene00019511.,239,3601,3840
WBGene00019512.,19,45,64
WBGene00019513.,60,1050,1110
WBGene00019514.,0,2,2
WBGene00019515.,12,43,55
WBGene00019516.,34,178,212
WBGene00019517.,7,10,17
WBGene00019518.,23,65,88
WBGene00019519.,120,363,483
WBGene00019520.,0,20,20
WBGene00019521.,376,2302,2678
WBGene00019522.,94,407,501
WBGene00019524.,4,3,7
WBGene00019525.,118,813,931
WBGene00019526.,3,1,4
WBGene00019527.,3,7,10
WBGene00019529.,0,1,1
WBGene00019530.,3,6,9
WBGene00019531.,2,5,7
WBGene00019532.,21,5,26
WBGene00019533.,5,5,10
WBGene00019534.,2,1,3
WBGene00019535.,31,323,354
WBGene00019536.,108,152,260
WBGene00019537.,6,12067,12073
WBGene00019538.,34,83,117
WBGene00019540.,128,5814,5942
WBGene00019541.,1,77,78
WBGene00019543.,250,1905,2155
WBGene00019544.,68,731,799
WBGene00019545.,14,85,99
WBGene00019546.,101,337,438
WBGene00019547.,6,13,19
WBGene00019548.,1,1,2
WBGene00019549.,16,3,19
WBGene00019550.,5,2,7
WBGene00019552.,7,109,116
WBGene00019553.,14,109,123
WBGene00019554.,21,246,267
WBGene00019556.,9,33,42
WBGene00019557.,18,27,45
WBGene00019558.,5,12,17
WBGene00019559.,0,1,1
WBGene00019560.,0,1,1
WBGene00019561.,2,4,6
WBGene00019562.,3,2,5
WBGene00019563.,2,3,5
WBGene00019564.,61,443,504
WBGene00019565.,9,13,22
WBGene00019566.,0,10,10
WBGene00019567.,4,35,39
WBGene00019568.,11,7,18
WBGene00019569.,4,6,10
WBGene00019570.,7,40,47
WBGene00019571.,88,110,198
WBGene00019572.,0,30,30
WBGene00019574.,0,2,2
WBGene00019575.,13,10,23
WBGene00019576.,1,16,17
WBGene00019577.,14,99,113
WBGene00019578.,6,21,27
WBGene00019579.,15,49,64
WBGene00019580.,3,2,5
WBGene00019582.,3,9,12
WBGene00019583.,0,4,4
WBGene00019584.,13,9,22
WBGene00019586.,12,15,27
WBGene00019587.,2,8,10
WBGene00019588.,0,1,1
WBGene00019589.,12,34,46
WBGene00019590.,10,13,23
WBGene00019591.,1,3,4
WBGene00019592.,0,90,90
WBGene00019593.,4,211,215
WBGene00019594.,5,0,5
WBGene00019595.,35,411,446
WBGene00019597.,868,7350,8218
WBGene00019598.,219,601,820
WBGene00019599.,13,101,114
WBGene00019600.,9,239,248
WBGene00019601.,0,19,19
WBGene00019603.,16,242,258
WBGene00019604.,0,5,5
WBGene00019605.,52,183,235
WBGene00019606.,0,146,146
WBGene00019607.,293,1955,2248
WBGene00019608.,42,801,843
WBGene00019609.,101,693,794
WBGene00019611.,30,644,674
WBGene00019612.,429,2333,2762
WBGene00019613.,3,7,10
WBGene00019614.,6,14,20
WBGene00019615.,78,241,319
WBGene00019616.,19,106,125
WBGene00019617.,44,345,389
WBGene00019618.,34,91,125
WBGene00019619.,253,1979,2232
WBGene00019620.,84,4125,4209
WBGene00019621.,0,0,0
WBGene00019622.,5,8,13
WBGene00019623.,48,305,353
WBGene00019624.,403,2167,2570
WBGene00019625.,11,6,17
WBGene00019626.,0,3,3
WBGene00019627.,98,836,934
WBGene00019628.,42,2032,2074
WBGene00019629.,27,774,801
WBGene00019630.,31,261,292
WBGene00019631.,204,3171,3375
WBGene00019633.,176,833,1009
WBGene00019636.,88,766,854
WBGene00019638.,11,23,34
WBGene00019639.,0,31,31
WBGene00019640.,14,25,39
WBGene00019641.,75,411,486
WBGene00019642.,8,25,33
WBGene00019643.,11,173,184
WBGene00019644.,6,15,21
WBGene00019645.,83,915,998
WBGene00019646.,0,0,0
WBGene00019647.,45,518,563
WBGene00019648.,13,125,138
WBGene00019649.,60,584,644
WBGene00019650.,123,817,940
WBGene00019651.,247,1403,1650
WBGene00019652.,10,116,126
WBGene00019653.,6,52,58
WBGene00019654.,2,2,4
WBGene00019655.,14,16,30
WBGene00019656.,31,939,970
WBGene00019657.,62,700,762
WBGene00019658.,24,221,245
WBGene00019659.,0,7,7
WBGene00019660.,1,29,30
WBGene00019661.,10,46,56
WBGene00019662.,7,7,14
WBGene00019663.,35,1316,1351
WBGene00019664.,268,2243,2511
WBGene00019665.,36,201,237
WBGene00019666.,29,397,426
WBGene00019667.,53,63,116
WBGene00019668.,8,31,39
WBGene00019669.,43,177,220
WBGene00019672.,5,3,8
WBGene00019673.,72,1020,1092
WBGene00019674.,23,85,108
WBGene00019675.,1,4,5
WBGene00019676.,7,5,12
WBGene00019677.,31,171,202
WBGene00019678.,165,1209,1374
WBGene00019679.,105,1311,1416
WBGene00019680.,0,4373,4373
WBGene00019681.,0,10,10
WBGene00019682.,119,1350,1469
WBGene00019683.,356,168,524
WBGene00019684.,1,1,2
WBGene00019685.,0,5,5
WBGene00019686.,320,2168,2488
WBGene00019687.,2,1,3
WBGene00019688.,3,0,3
WBGene00019689.,0,3,3
WBGene00019690.,5,13,18
WBGene00019691.,50,140,190
WBGene00019692.,71,553,624
WBGene00019693.,19,1120,1139
WBGene00019697.,712,1552,2264
WBGene00019698.,995,15163,16158
WBGene00019699.,22,35,57
WBGene00019700.,0,23,23
WBGene00019702.,0,1,1
WBGene00019703.,0,1,1
WBGene00019704.,0,1,1
WBGene00019705.,0,274,274
WBGene00019706.,29,14,43
WBGene00019709.,1,2,3
WBGene00019710.,3,219,222
WBGene00019711.,79,1439,1518
WBGene00019712.,55,583,638
WBGene00019713.,216,1883,2099
WBGene00019714.,2,0,2
WBGene00019715.,115,533,648
WBGene00019716.,279,2185,2464
WBGene00019717.,79,478,557
WBGene00019718.,6,13,19
WBGene00019719.,3594,45474,49068
WBGene00019720.,96,607,703
WBGene00019721.,32,9,41
WBGene00019722.,1,16,17
WBGene00019723.,0,241,241
WBGene00019724.,74,288,362
WBGene00019725.,20,249,269
WBGene00019726.,469,339,808
WBGene00019727.,261,3693,3954
WBGene00019728.,4,7,11
WBGene00019729.,56,436,492
WBGene00019730.,16,249,265
WBGene00019731.,24,25,49
WBGene00019732.,0,1602,1602
WBGene00019733.,572,2127,2699
WBGene00019734.,220,2130,2350
WBGene00019735.,4,9,13
WBGene00019736.,5,14,19
WBGene00019738.,90,776,866
WBGene00019739.,6,29,35
WBGene00019740.,2,1,3
WBGene00019741.,12,207,219
WBGene00019742.,26,89,115
WBGene00019743.,38,296,334
WBGene00019744.,72,759,831
WBGene00019745.,0,4,4
WBGene00019746.,90,168,258
WBGene00019747.,524,1778,2302
WBGene00019748.,507,6111,6618
WBGene00019749.,71,248,319
WBGene00019750.,1193,735,1928
WBGene00019751.,63,254,317
WBGene00019753.,243,1599,1842
WBGene00019754.,2,10,12
WBGene00019755.,5,0,5
WBGene00019756.,11,0,11
WBGene00019757.,537,2557,3094
WBGene00019758.,0,0,0
WBGene00019759.,30,35,65
WBGene00019760.,32,5489,5521
WBGene00019761.,5,2,7
WBGene00019762.,169,2204,2373
WBGene00019763.,29,107,136
WBGene00019764.,25,219,244
WBGene00019765.,17,220,237
WBGene00019766.,131,423,554
WBGene00019767.,18,5435,5453
WBGene00019768.,24,534,558
WBGene00019769.,2,23,25
WBGene00019770.,441,2738,3179
WBGene00019771.,374,1097,1471
WBGene00019772.,886,10949,11835
WBGene00019773.,7,3,10
WBGene00019774.,218,263,481
WBGene00019776.,30,75,105
WBGene00019777.,62,265,327
WBGene00019778.,39,437,476
WBGene00019779.,111,759,870
WBGene00019780.,1293,112400,113693
WBGene00019781.,125,512,637
WBGene00019782.,64,1330,1394
WBGene00019783.,7,8,15
WBGene00019784.,3,9,12
WBGene00019785.,8,8,16
WBGene00019786.,168,559,727
WBGene00019787.,190,467,657
WBGene00019788.,0,0,0
WBGene00019789.,3,856,859
WBGene00019791.,0,0,0
WBGene00019792.,51,574,625
WBGene00019793.,5,2,7
WBGene00019794.,10,4,14
WBGene00019795.,2,1,3
WBGene00019796.,4,10,14
WBGene00019797.,0,3,3
WBGene00019798.,0,1,1
WBGene00019799.,3,10,13
WBGene00019800.,22,1487,1509
WBGene00019801.,280,2439,2719
WBGene00019803.,20,184,204
WBGene00019804.,4,2,6
WBGene00019805.,92,875,967
WBGene00019806.,10,295,305
WBGene00019807.,96,432,528
WBGene00019808.,117,2409,2526
WBGene00019809.,0,3,3
WBGene00019810.,1,6,7
WBGene00019811.,21,378,399
WBGene00019812.,20,18,38
WBGene00019813.,10,507,517
WBGene00019814.,1,4,5
WBGene00019815.,6,4,10
WBGene00019816.,83,289,372
WBGene00019817.,1,4,5
WBGene00019818.,11,110,121
WBGene00019819.,47,631,678
WBGene00019820.,46,981,1027
WBGene00019821.,137,2058,2195
WBGene00019822.,96,1067,1163
WBGene00019823.,120,1153,1273
WBGene00019824.,73,690,763
WBGene00019825.,45,277,322
WBGene00019826.,5,29,34
WBGene00019827.,322,2161,2483
WBGene00019828.,13,61,74
WBGene00019829.,16,275,291
WBGene00019830.,63,698,761
WBGene00019831.,404,25480,25884
WBGene00019832.,36,59,95
WBGene00019833.,3,129,132
WBGene00019834.,0,9,9
WBGene00019835.,0,0,0
WBGene00019836.,90,1056,1146
WBGene00019837.,8,47,55
WBGene00019838.,244,2429,2673
WBGene00019839.,2,15,17
WBGene00019840.,69,1340,1409
WBGene00019841.,63,1072,1135
WBGene00019842.,761,846,1607
WBGene00019843.,74,423,497
WBGene00019844.,297,1292,1589
WBGene00019845.,54,83,137
WBGene00019846.,23,173,196
WBGene00019847.,571,1540,2111
WBGene00019849.,4,2,6
WBGene00019850.,1,4,5
WBGene00019851.,7,10,17
WBGene00019853.,12,59,71
WBGene00019854.,276,2253,2529
WBGene00019855.,189,425,614
WBGene00019856.,9,2,11
WBGene00019857.,0,0,0
WBGene00019858.,11,79,90
WBGene00019859.,1,66,67
WBGene00019861.,5,17,22
WBGene00019862.,25,746,771
WBGene00019863.,217,399,616
WBGene00019864.,48,349,397
WBGene00019865.,21,65,86
WBGene00019866.,23,43,66
WBGene00019867.,150,998,1148
WBGene00019868.,7,30,37
WBGene00019869.,27,84,111
WBGene00019870.,9,53,62
WBGene00019871.,38,1258,1296
WBGene00019872.,375,449,824
WBGene00019873.,64,372,436
WBGene00019874.,5,27,32
WBGene00019875.,116,1511,1627
WBGene00019877.,35,1711,1746
WBGene00019878.,6,198,204
WBGene00019879.,2,9,11
WBGene00019880.,0,0,0
WBGene00019881.,138,1457,1595
WBGene00019882.,146,610,756
WBGene00019883.,109,1939,2048
WBGene00019884.,184,2017,2201
WBGene00019885.,50,322,372
WBGene00019886.,1,0,1
WBGene00019887.,13,10,23
WBGene00019888.,220,2209,2429
WBGene00019890.,21,2047,2068
WBGene00019891.,28,28,56
WBGene00019892.,36,680,716
WBGene00019893.,23,2588,2611
WBGene00019894.,24,325,349
WBGene00019895.,168,2153,2321
WBGene00019896.,50,86,136
WBGene00019898.,98,987,1085
WBGene00019899.,171,494,665
WBGene00019900.,203,14193,14396
WBGene00019901.,10,28,38
WBGene00019902.,522,1069,1591
WBGene00019903.,0,2,2
WBGene00019904.,198,1703,1901
WBGene00019905.,4,4,8
WBGene00019906.,8,13,21
WBGene00019907.,23,298,321
WBGene00019908.,273,1012,1285
WBGene00019909.,893,2474,3367
WBGene00019911.,57,482,539
WBGene00019912.,20,20,40
WBGene00019913.,18,17,35
WBGene00019914.,45,243,288
WBGene00019915.,120,669,789
WBGene00019916.,0,0,0
WBGene00019917.,3,6,9
WBGene00019918.,64,481,545
WBGene00019919.,2,4,6
WBGene00019920.,5,1,6
WBGene00019921.,1,4,5
WBGene00019922.,3,9,12
WBGene00019923.,2,20,22
WBGene00019924.,29,256,285
WBGene00019925.,1,4,5
WBGene00019926.,2,6,8
WBGene00019927.,4,2,6
WBGene00019928.,6,6,12
WBGene00019929.,5,16,21
WBGene00019930.,1,1,2
WBGene00019931.,0,1,1
WBGene00019932.,34,56,90
WBGene00019933.,3,1,4
WBGene00019934.,8,10,18
WBGene00019935.,68,180,248
WBGene00019937.,0,3590,3590
WBGene00019938.,54,458,512
WBGene00019939.,22,62,84
WBGene00019940.,235,3369,3604
WBGene00019941.,89,2005,2094
WBGene00019943.,65,419,484
WBGene00019944.,59,1464,1523
WBGene00019945.,0,0,0
WBGene00019946.,150,3961,4111
WBGene00019947.,20,11987,12007
WBGene00019948.,19,3,22
WBGene00019949.,3,2,5
WBGene00019950.,7,9,16
WBGene00019951.,1,2,3
WBGene00019952.,0,67,67
WBGene00019953.,139,2011,2150
WBGene00019954.,0,0,0
WBGene00019955.,218,554,772
WBGene00019956.,0,16,16
WBGene00019957.,28,154,182
WBGene00019959.,66,588,654
WBGene00019960.,412,1390,1802
WBGene00019961.,10,144,154
WBGene00019962.,31,306,337
WBGene00019963.,23,440,463
WBGene00019964.,63,321,384
WBGene00019965.,45,88,133
WBGene00019966.,2,21,23
WBGene00019967.,46,535,581
WBGene00019968.,6,196,202
WBGene00019969.,4,2,6
WBGene00019970.,6,565,571
WBGene00019971.,95,1048,1143
WBGene00019972.,18,39,57
WBGene00019973.,13,12,25
WBGene00019975.,126,815,941
WBGene00019976.,2,7,9
WBGene00019977.,11,27,38
WBGene00019978.,9,48,57
WBGene00019979.,27,164,191
WBGene00019980.,5,1,6
WBGene00019981.,8,2,10
WBGene00019982.,26,15,41
WBGene00019983.,15,1346,1361
WBGene00019986.,22,236,258
WBGene00019987.,8,238,246
WBGene00019988.,9,672,681
WBGene00019989.,1,8,9
WBGene00019991.,3,5,8
WBGene00019992.,0,0,0
WBGene00019993.,44,1832,1876
WBGene00019994.,158,243,401
WBGene00019995.,115,579,694
WBGene00019996.,8,11,19
WBGene00019997.,16,67,83
WBGene00019998.,1998,13553,15551
WBGene00019999.,41,154,195
WBGene00020003.,13,12,25
WBGene00020004.,14,6,20
WBGene00020006.,63,257,320
WBGene00020007.,77,1998,2075
WBGene00020008.,24,188,212
WBGene00020010.,19,80,99
WBGene00020011.,203,1610,1813
WBGene00020012.,174,2932,3106
WBGene00020013.,2,0,2
WBGene00020014.,4,32,36
WBGene00020015.,0,23,23
WBGene00020016.,17,12,29
WBGene00020017.,17,14,31
WBGene00020018.,69,605,674
WBGene00020019.,13,34,47
WBGene00020020.,0,34,34
WBGene00020021.,4,14,18
WBGene00020022.,12,307,319
WBGene00020023.,70,630,700
WBGene00020025.,41,2151,2192
WBGene00020026.,177,1468,1645
WBGene00020027.,122,1671,1793
WBGene00020028.,23,477,500
WBGene00020029.,254,2809,3063
WBGene00020030.,21,913,934
WBGene00020031.,204,2077,2281
WBGene00020032.,0,1,1
WBGene00020033.,0,17,17
WBGene00020034.,18,70,88
WBGene00020035.,31,358,389
WBGene00020036.,124,1032,1156
WBGene00020037.,23,1259,1282
WBGene00020038.,216,3711,3927
WBGene00020039.,4,29,33
WBGene00020040.,3,5,8
WBGene00020041.,9,36,45
WBGene00020042.,0,0,0
WBGene00020043.,27,272,299
WBGene00020045.,58,499,557
WBGene00020046.,8,14,22
WBGene00020047.,97,1016,1113
WBGene00020048.,17,136,153
WBGene00020049.,19,841,860
WBGene00020050.,11,75,86
WBGene00020051.,68,885,953
WBGene00020052.,10,282,292
WBGene00020053.,0,6,6
WBGene00020054.,11,199,210
WBGene00020055.,1,6,7
WBGene00020056.,5,4,9
WBGene00020057.,13,4,17
WBGene00020058.,147,691,838
WBGene00020059.,14,3,17
WBGene00020060.,18,10,28
WBGene00020062.,12,255,267
WBGene00020063.,0,1,1
WBGene00020064.,510,1124,1634
WBGene00020065.,1,0,1
WBGene00020066.,1,9,10
WBGene00020067.,0,1,1
WBGene00020068.,138,1308,1446
WBGene00020069.,182,538,720
WBGene00020070.,0,0,0
WBGene00020071.,0,2,2
WBGene00020072.,0,0,0
WBGene00020073.,2,0,2
WBGene00020075.,6,69,75
WBGene00020076.,2,1,3
WBGene00020077.,5,0,5
WBGene00020078.,7,6,13
WBGene00020080.,24,18,42
WBGene00020081.,11,0,11
WBGene00020082.,257,1080,1337
WBGene00020083.,3,8,11
WBGene00020084.,1,4,5
WBGene00020086.,44,74,118
WBGene00020087.,159,352,511
WBGene00020088.,40,196,236
WBGene00020089.,309,328,637
WBGene00020090.,243,830,1073
WBGene00020091.,42,607,649
WBGene00020092.,475,3024,3499
WBGene00020093.,119,541,660
WBGene00020094.,43,710,753
WBGene00020095.,76,994,1070
WBGene00020096.,2,411,413
WBGene00020097.,517,4332,4849
WBGene00020098.,33,759,792
WBGene00020099.,77,476,553
WBGene00020100.,59,185,244
WBGene00020101.,82,496,578
WBGene00020102.,127,739,866
WBGene00020103.,4,248,252
WBGene00020104.,52,455,507
WBGene00020105.,13,3,16
WBGene00020106.,523,3314,3837
WBGene00020107.,70,1923,1993
WBGene00020109.,29,977,1006
WBGene00020110.,154,1498,1652
WBGene00020111.,84,833,917
WBGene00020112.,1376,9721,11097
WBGene00020113.,0,465,465
WBGene00020114.,4038,7898,11936
WBGene00020115.,525,2918,3443
WBGene00020116.,8,14,22
WBGene00020117.,6,7,13
WBGene00020118.,0,9,9
WBGene00020119.,0,3,3
WBGene00020120.,6,5,11
WBGene00020121.,1,2,3
WBGene00020122.,12,4,16
WBGene00020123.,0,2,2
WBGene00020125.,22,193,215
WBGene00020126.,130,2386,2516
WBGene00020127.,2,0,2
WBGene00020128.,124,7,131
WBGene00020129.,0,1,1
WBGene00020130.,74,120,194
WBGene00020131.,1364,3230,4594
WBGene00020134.,333,937,1270
WBGene00020135.,212,4757,4969
WBGene00020136.,3,36,39
WBGene00020137.,26,332,358
WBGene00020138.,11,84,95
WBGene00020139.,9,64,73
WBGene00020140.,1,5,6
WBGene00020141.,72,775,847
WBGene00020142.,335,2757,3092
WBGene00020143.,573,6562,7135
WBGene00020144.,25,146,171
WBGene00020145.,21,3,24
WBGene00020146.,101,4738,4839
WBGene00020148.,27,792,819
WBGene00020149.,12,199,211
WBGene00020150.,5,7,12
WBGene00020151.,2,38,40
WBGene00020152.,34,125,159
WBGene00020153.,60,421,481
WBGene00020154.,1,4,5
WBGene00020155.,20,8486,8506
WBGene00020156.,71,7709,7780
WBGene00020157.,60,129,189
WBGene00020158.,231,3057,3288
WBGene00020160.,170,658,828
WBGene00020163.,260,824,1084
WBGene00020164.,12,40,52
WBGene00020166.,32,397,429
WBGene00020167.,0,4,4
WBGene00020168.,15,252,267
WBGene00020169.,25,622,647
WBGene00020170.,722,488,1210
WBGene00020171.,613,1055,1668
WBGene00020172.,77,319,396
WBGene00020173.,3,6,9
WBGene00020174.,2,1,3
WBGene00020175.,22,20,42
WBGene00020176.,1,0,1
WBGene00020177.,1,1,2
WBGene00020178.,1,0,1
WBGene00020179.,0,18,18
WBGene00020180.,3,0,3
WBGene00020181.,2384,16598,18982
WBGene00020182.,5,6,11
WBGene00020183.,22,253,275
WBGene00020184.,15,312,327
WBGene00020185.,11,3062,3073
WBGene00020187.,14,77,91
WBGene00020188.,43,439,482
WBGene00020189.,155,400,555
WBGene00020190.,285,2264,2549
WBGene00020191.,12,95,107
WBGene00020192.,88,9656,9744
WBGene00020193.,25,403,428
WBGene00020194.,22,156,178
WBGene00020195.,50,3158,3208
WBGene00020196.,104,184,288
WBGene00020197.,53,720,773
WBGene00020199.,16,260,276
WBGene00020200.,722,9073,9795
WBGene00020201.,6,36,42
WBGene00020202.,1,3,4
WBGene00020203.,19,1,20
WBGene00020204.,4,13,17
WBGene00020205.,2,4,6
WBGene00020207.,170,592,762
WBGene00020208.,1397,3986,5383
WBGene00020209.,941,3337,4278
WBGene00020210.,0,4,4
WBGene00020211.,0,3,3
WBGene00020212.,33,48,81
WBGene00020214.,62,393,455
WBGene00020215.,73,787,860
WBGene00020216.,11,1125,1136
WBGene00020217.,9,3,12
WBGene00020218.,5,24,29
WBGene00020219.,264,2194,2458
WBGene00020220.,26,345,371
WBGene00020221.,0,0,0
WBGene00020222.,23,203,226
WBGene00020223.,3,49,52
WBGene00020224.,94,564,658
WBGene00020225.,34,33,67
WBGene00020227.,0,5,5
WBGene00020228.,1,6,7
WBGene00020229.,91,6449,6540
WBGene00020230.,352,1066,1418
WBGene00020231.,32,100,132
WBGene00020232.,2,6,8
WBGene00020233.,8,94,102
WBGene00020234.,512,2685,3197
WBGene00020235.,241,1077,1318
WBGene00020236.,40,67,107
WBGene00020237.,1,784,785
WBGene00020238.,4,23,27
WBGene00020239.,0,0,0
WBGene00020240.,0,1,1
WBGene00020241.,0,1,1
WBGene00020242.,0,899,899
WBGene00020243.,5,24,29
WBGene00020244.,0,14,14
WBGene00020245.,35,109,144
WBGene00020246.,177,5727,5904
WBGene00020247.,5,17,22
WBGene00020248.,12,264,276
WBGene00020249.,172,640,812
WBGene00020250.,6,18,24
WBGene00020251.,650,2411,3061
WBGene00020252.,15,56,71
WBGene00020254.,16,19,35
WBGene00020256.,8,55,63
WBGene00020258.,26,73,99
WBGene00020259.,86,757,843
WBGene00020260.,575,4759,5334
WBGene00020261.,2,7,9
WBGene00020262.,70,97,167
WBGene00020263.,157,659,816
WBGene00020264.,30,312,342
WBGene00020265.,1,2,3
WBGene00020266.,5,10,15
WBGene00020267.,8,33,41
WBGene00020268.,116,779,895
WBGene00020269.,655,1685,2340
WBGene00020270.,2,4,6
WBGene00020271.,1,5,6
WBGene00020273.,243,1127,1370
WBGene00020274.,45,859,904
WBGene00020275.,2785,22589,25374
WBGene00020276.,0,539,539
WBGene00020277.,0,6,6
WBGene00020279.,315,417,732
WBGene00020280.,13,74,87
WBGene00020281.,11,8,19
WBGene00020282.,6,2,8
WBGene00020283.,26,33,59
WBGene00020284.,414,1598,2012
WBGene00020285.,0,37,37
WBGene00020286.,23,2110,2133
WBGene00020287.,66,2037,2103
WBGene00020288.,4,3,7
WBGene00020289.,3,9,12
WBGene00020290.,1,6,7
WBGene00020291.,2,9,11
WBGene00020292.,4,3,7
WBGene00020293.,4,1,5
WBGene00020294.,502,734,1236
WBGene00020295.,34,190,224
WBGene00020296.,110,1432,1542
WBGene00020297.,5937,63659,69596
WBGene00020298.,195,1717,1912
WBGene00020299.,201,840,1041
WBGene00020300.,5,184,189
WBGene00020301.,338,1551,1889
WBGene00020302.,0,100,100
WBGene00020304.,3,1,4
WBGene00020305.,3,2,5
WBGene00020306.,19,3,22
WBGene00020307.,107,412,519
WBGene00020308.,9,21,30
WBGene00020309.,14,4,18
WBGene00020311.,0,44,44
WBGene00020313.,10,120,130
WBGene00020314.,43,380,423
WBGene00020315.,89,3919,4008
WBGene00020316.,243,1094,1337
WBGene00020317.,241,13269,13510
WBGene00020318.,6,24,30
WBGene00020319.,4,106,110
WBGene00020320.,14,414,428
WBGene00020321.,24,1404,1428
WBGene00020322.,19,633,652
WBGene00020323.,19,27,46
WBGene00020324.,268,1453,1721
WBGene00020325.,12,47,59
WBGene00020326.,4,18,22
WBGene00020327.,0,8,8
WBGene00020328.,1,1,2
WBGene00020329.,10,120,130
WBGene00020330.,48,211,259
WBGene00020333.,2,9,11
WBGene00020334.,238,1975,2213
WBGene00020335.,25,238,263
WBGene00020338.,2,3,5
WBGene00020339.,16,745,761
WBGene00020340.,22,132,154
WBGene00020341.,98,693,791
WBGene00020342.,2,1,3
WBGene00020343.,40,262,302
WBGene00020345.,8,42,50
WBGene00020346.,434,1855,2289
WBGene00020347.,437,2117,2554
WBGene00020348.,6,868,874
WBGene00020349.,29,125,154
WBGene00020350.,0,0,0
WBGene00020351.,0,1,1
WBGene00020352.,2,4,6
WBGene00020353.,9,5,14
WBGene00020354.,0,1,1
WBGene00020356.,9,7,16
WBGene00020357.,9,13,22
WBGene00020358.,7,72,79
WBGene00020359.,7,67,74
WBGene00020360.,143,298,441
WBGene00020361.,56,24,80
WBGene00020362.,0,3,3
WBGene00020363.,112,1108,1220
WBGene00020364.,1,10,11
WBGene00020365.,27,16,43
WBGene00020366.,346,3657,4003
WBGene00020368.,54,558,612
WBGene00020369.,150,1570,1720
WBGene00020370.,4,103,107
WBGene00020371.,3,1,4
WBGene00020372.,12,38,50
WBGene00020373.,29,5705,5734
WBGene00020374.,2200,2838,5038
WBGene00020375.,10,236,246
WBGene00020376.,57,554,611
WBGene00020377.,25,121,146
WBGene00020378.,88,596,684
WBGene00020379.,53,1217,1270
WBGene00020380.,912,1334,2246
WBGene00020381.,16,77,93
WBGene00020382.,257,3559,3816
WBGene00020383.,274,963,1237
WBGene00020384.,7,6,13
WBGene00020385.,188,123,311
WBGene00020386.,11,78,89
WBGene00020388.,14,26,40
WBGene00020389.,412,7460,7872
WBGene00020390.,87,1280,1367
WBGene00020391.,49,11082,11131
WBGene00020392.,50,804,854
WBGene00020393.,11,441,452
WBGene00020394.,14,78,92
WBGene00020396.,35,104,139
WBGene00020397.,1054,12021,13075
WBGene00020398.,188,1728,1916
WBGene00020399.,132,1085,1217
WBGene00020400.,5,3,8
WBGene00020401.,36,152,188
WBGene00020402.,125,1355,1480
WBGene00020403.,230,1338,1568
WBGene00020404.,71,889,960
WBGene00020406.,1,1,2
WBGene00020407.,44,786,830
WBGene00020408.,92,324,416
WBGene00020409.,1,4,5
WBGene00020410.,0,0,0
WBGene00020411.,42,601,643
WBGene00020412.,104,799,903
WBGene00020413.,87,536,623
WBGene00020414.,3,5,8
WBGene00020415.,6,56,62
WBGene00020416.,2,6,8
WBGene00020417.,53,6226,6279
WBGene00020418.,26,103,129
WBGene00020419.,11,46,57
WBGene00020420.,11,45,56
WBGene00020421.,5,7,12
WBGene00020422.,32,565,597
WBGene00020423.,14,1713,1727
WBGene00020424.,6,53,59
WBGene00020425.,76,766,842
WBGene00020426.,14,553,567
WBGene00020427.,87,531,618
WBGene00020428.,4,6,10
WBGene00020430.,18,6,24
WBGene00020431.,3,5,8
WBGene00020432.,5,2,7
WBGene00020433.,3,2,5
WBGene00020434.,1,1,2
WBGene00020435.,6,12,18
WBGene00020436.,348,259,607
WBGene00020437.,14,1287,1301
WBGene00020438.,0,5,5
WBGene00020439.,2,2,4
WBGene00020440.,0,7,7
WBGene00020441.,93,586,679
WBGene00020442.,61,1131,1192
WBGene00020443.,148,703,851
WBGene00020444.,35,95,130
WBGene00020445.,16,75,91
WBGene00020446.,45,1470,1515
WBGene00020447.,238,2058,2296
WBGene00020448.,1,17,18
WBGene00020449.,4,52,56
WBGene00020450.,17,612,629
WBGene00020451.,17,208,225
WBGene00020452.,0,0,0
WBGene00020453.,4,37,41
WBGene00020454.,0,1,1
WBGene00020455.,22,346,368
WBGene00020456.,19,123,142
WBGene00020457.,20,659,679
WBGene00020458.,1,53,54
WBGene00020459.,0,0,0
WBGene00020460.,4,22,26
WBGene00020461.,51,178,229
WBGene00020462.,210,1095,1305
WBGene00020463.,38,802,840
WBGene00020464.,4,476,480
WBGene00020465.,41,8,49
WBGene00020466.,25,524,549
WBGene00020467.,14,82,96
WBGene00020468.,4,2,6
WBGene00020469.,0,0,0
WBGene00020471.,24,41,65
WBGene00020472.,4,4,8
WBGene00020473.,7,5,12
WBGene00020474.,28,60,88
WBGene00020475.,175,2183,2358
WBGene00020476.,6,1,7
WBGene00020478.,69,26,95
WBGene00020479.,30,214,244
WBGene00020480.,100,845,945
WBGene00020481.,167,2106,2273
WBGene00020482.,18,86,104
WBGene00020483.,9,8,17
WBGene00020484.,1,2,3
WBGene00020485.,12,25,37
WBGene00020486.,52,292,344
WBGene00020487.,0,0,0
WBGene00020488.,4,76,80
WBGene00020489.,134,236,370
WBGene00020490.,181,369,550
WBGene00020491.,38,353,391
WBGene00020492.,9,1,10
WBGene00020494.,19,69,88
WBGene00020496.,356,2970,3326
WBGene00020497.,3,1634,1637
WBGene00020498.,96,819,915
WBGene00020499.,108,475,583
WBGene00020500.,128,1290,1418
WBGene00020501.,14,44,58
WBGene00020502.,143,602,745
WBGene00020503.,11,28,39
WBGene00020504.,510,1301,1811
WBGene00020505.,14,31,45
WBGene00020506.,112,222,334
WBGene00020507.,67,2638,2705
WBGene00020508.,24,499,523
WBGene00020509.,246,1318,1564
WBGene00020510.,48,868,916
WBGene00020511.,124,2142,2266
WBGene00020515.,2,3,5
WBGene00020516.,31,175,206
WBGene00020517.,64,2969,3033
WBGene00020520.,18,0,18
WBGene00020522.,18,24,42
WBGene00020523.,2,1,3
WBGene00020524.,11,4,15
WBGene00020525.,0,0,0
WBGene00020526.,4,8,12
WBGene00020527.,39,71,110
WBGene00020528.,36,28,64
WBGene00020530.,471,1716,2187
WBGene00020531.,7,4,11
WBGene00020532.,5,22,27
WBGene00020533.,3,3,6
WBGene00020534.,0,2,2
WBGene00020535.,1,1,2
WBGene00020536.,0,1,1
WBGene00020537.,0,6,6
WBGene00020539.,1,1,2
WBGene00020540.,58,642,700
WBGene00020541.,2,2,4
WBGene00020542.,1,6,7
WBGene00020543.,3,3,6
WBGene00020544.,0,4,4
WBGene00020545.,3,1,4
WBGene00020546.,4,2,6
WBGene00020547.,3,1,4
WBGene00020548.,0,0,0
WBGene00020549.,1,889,890
WBGene00020550.,0,10,10
WBGene00020551.,11,118,129
WBGene00020553.,64,1864,1928
WBGene00020554.,28,110,138
WBGene00020555.,17,130,147
WBGene00020556.,61,241,302
WBGene00020557.,255,1813,2068
WBGene00020558.,86,553,639
WBGene00020559.,23,62,85
WBGene00020560.,27,9,36
WBGene00020561.,130,901,1031
WBGene00020562.,135,2589,2724
WBGene00020563.,438,3814,4252
WBGene00020564.,58,413,471
WBGene00020565.,14,898,912
WBGene00020566.,37,217,254
WBGene00020567.,18,79,97
WBGene00020568.,420,2932,3352
WBGene00020569.,34,86,120
WBGene00020571.,11,12,23
WBGene00020572.,91,373,464
WBGene00020573.,25,175,200
WBGene00020574.,13,44,57
WBGene00020575.,56,209,265
WBGene00020576.,1,27,28
WBGene00020577.,26,632,658
WBGene00020578.,6,41,47
WBGene00020579.,60,368,428
WBGene00020580.,1,25,26
WBGene00020581.,338,1388,1726
WBGene00020582.,9,205,214
WBGene00020583.,3,18,21
WBGene00020584.,13,3,16
WBGene00020585.,888,14593,15481
WBGene00020586.,81,474,555
WBGene00020587.,17,147,164
WBGene00020588.,189,3116,3305
WBGene00020589.,92,418,510
WBGene00020590.,6,5,11
WBGene00020591.,8,18,26
WBGene00020592.,52,390,442
WBGene00020593.,22,235,257
WBGene00020594.,1,9,10
WBGene00020595.,73,479,552
WBGene00020596.,112,1077,1189
WBGene00020598.,10,13,23
WBGene00020599.,21,57,78
WBGene00020600.,143,587,730
WBGene00020601.,47,1393,1440
WBGene00020602.,8,13,21
WBGene00020603.,0,0,0
WBGene00020604.,45,2679,2724
WBGene00020605.,55,468,523
WBGene00020607.,2,2,4
WBGene00020608.,2,2,4
WBGene00020609.,7,5,12
WBGene00020611.,28,0,28
WBGene00020612.,14,118,132
WBGene00020613.,1,2,3
WBGene00020614.,12,2,14
WBGene00020615.,6,1,7
WBGene00020616.,0,1,1
WBGene00020617.,0,7,7
WBGene00020618.,2,3,5
WBGene00020619.,49,121,170
WBGene00020620.,0,4,4
WBGene00020622.,0,3,3
WBGene00020623.,2,2,4
WBGene00020624.,5,2,7
WBGene00020625.,21,449,470
WBGene00020626.,17,110,127
WBGene00020627.,40,61,101
WBGene00020628.,112,1186,1298
WBGene00020629.,76,1377,1453
WBGene00020630.,64,548,612
WBGene00020631.,3,7,10
WBGene00020632.,99,463,562
WBGene00020633.,38,414,452
WBGene00020634.,15,40,55
WBGene00020635.,9,10,19
WBGene00020636.,43,3557,3600
WBGene00020637.,1,7,8
WBGene00020638.,7,29,36
WBGene00020639.,1,5,6
WBGene00020640.,0,3,3
WBGene00020641.,0,0,0
WBGene00020642.,3,4,7
WBGene00020645.,4,1,5
WBGene00020646.,7,21,28
WBGene00020647.,70,1588,1658
WBGene00020648.,11,39,50
WBGene00020649.,191,691,882
WBGene00020650.,4,12,16
WBGene00020651.,93,882,975
WBGene00020652.,49,501,550
WBGene00020653.,4,6,10
WBGene00020655.,7,7,14
WBGene00020656.,5,6,11
WBGene00020657.,95,99,194
WBGene00020658.,83,1878,1961
WBGene00020659.,1,4,5
WBGene00020660.,0,2,2
WBGene00020661.,3,2,5
WBGene00020662.,266,2493,2759
WBGene00020663.,56,203,259
WBGene00020664.,103,159,262
WBGene00020665.,1,12,13
WBGene00020666.,12,4,16
WBGene00020667.,11,2,13
WBGene00020669.,10,0,10
WBGene00020670.,0,2,2
WBGene00020672.,278,45,323
WBGene00020673.,52,582,634
WBGene00020674.,9,11,20
WBGene00020675.,21,71,92
WBGene00020678.,240,1036,1276
WBGene00020679.,295,9593,9888
WBGene00020680.,4,3,7
WBGene00020682.,249,1851,2100
WBGene00020683.,37,2115,2152
WBGene00020684.,9,358,367
WBGene00020686.,45,10,55
WBGene00020687.,46,1272,1318
WBGene00020688.,5,12,17
WBGene00020689.,238,821,1059
WBGene00020690.,110,516,626
WBGene00020691.,4,8,12
WBGene00020692.,11,83,94
WBGene00020693.,91,324,415
WBGene00020694.,46,138,184
WBGene00020695.,140,3347,3487
WBGene00020696.,233,4243,4476
WBGene00020697.,92,168,260
WBGene00020698.,10,27,37
WBGene00020699.,9,66,75
WBGene00020700.,4,18,22
WBGene00020701.,48,276,324
WBGene00020702.,26,12,38
WBGene00020703.,110,1365,1475
WBGene00020705.,643,2660,3303
WBGene00020706.,689,1716,2405
WBGene00020707.,7,12,19
WBGene00020708.,6,111,117
WBGene00020709.,19,1157,1176
WBGene00020710.,31,3148,3179
WBGene00020711.,0,0,0
WBGene00020712.,73,179,252
WBGene00020713.,5,22,27
WBGene00020714.,45,831,876
WBGene00020715.,0,0,0
WBGene00020716.,22,213,235
WBGene00020717.,93,606,699
WBGene00020718.,17,756,773
WBGene00020719.,63,1451,1514
WBGene00020720.,14,72,86
WBGene00020721.,58,453,511
WBGene00020722.,471,6071,6542
WBGene00020725.,13,303,316
WBGene00020726.,27,288,315
WBGene00020727.,20,167,187
WBGene00020728.,15,12,27
WBGene00020729.,68,281,349
WBGene00020730.,12,214,226
WBGene00020732.,780,6873,7653
WBGene00020735.,233,1187,1420
WBGene00020736.,1311,2696,4007
WBGene00020737.,227,582,809
WBGene00020738.,52,1560,1612
WBGene00020739.,5,3,8
WBGene00020740.,43,690,733
WBGene00020741.,5,286,291
WBGene00020742.,103,814,917
WBGene00020743.,11,134,145
WBGene00020744.,12,274,286
WBGene00020746.,7,24,31
WBGene00020747.,4,31,35
WBGene00020748.,56,238,294
WBGene00020749.,5,20,25
WBGene00020750.,3,13,16
WBGene00020751.,1,1,2
WBGene00020752.,0,0,0
WBGene00020753.,0,2,2
WBGene00020754.,0,0,0
WBGene00020755.,3,9,12
WBGene00020756.,39,291,330
WBGene00020757.,31,912,943
WBGene00020758.,64,214,278
WBGene00020759.,12,78,90
WBGene00020760.,52,172,224
WBGene00020761.,111,561,672
WBGene00020762.,209,2692,2901
WBGene00020763.,54,838,892
WBGene00020764.,9,42,51
WBGene00020765.,77,181,258
WBGene00020766.,1,5,6
WBGene00020767.,55,1028,1083
WBGene00020769.,20,26,46
WBGene00020770.,315,186,501
WBGene00020771.,0,0,0
WBGene00020772.,2,11,13
WBGene00020773.,5,0,5
WBGene00020774.,21,84,105
WBGene00020775.,2,8,10
WBGene00020777.,82,407,489
WBGene00020778.,6,59,65
WBGene00020779.,366,1925,2291
WBGene00020781.,242,4243,4485
WBGene00020782.,38,349,387
WBGene00020783.,76,451,527
WBGene00020784.,45,294,339
WBGene00020785.,5,5,10
WBGene00020786.,47,233,280
WBGene00020787.,7,2,9
WBGene00020788.,12,49,61
WBGene00020789.,1,18,19
WBGene00020790.,46,357,403
WBGene00020791.,6,16,22
WBGene00020792.,3,51,54
WBGene00020793.,8,6,14
WBGene00020794.,1,3,4
WBGene00020795.,71,35,106
WBGene00020796.,21,1763,1784
WBGene00020797.,6,17,23
WBGene00020798.,99,309,408
WBGene00020799.,18,373,391
WBGene00020800.,24,143,167
WBGene00020801.,10,343,353
WBGene00020802.,2,13,15
WBGene00020803.,3,14,17
WBGene00020804.,7,29,36
WBGene00020805.,0,14,14
WBGene00020806.,48,390,438
WBGene00020807.,15,69,84
WBGene00020808.,6764,65235,71999
WBGene00020809.,14,7,21
WBGene00020811.,97,706,803
WBGene00020812.,659,6533,7192
WBGene00020813.,16,20,36
WBGene00020817.,0,4,4
WBGene00020819.,48,670,718
WBGene00020820.,19,577,596
WBGene00020821.,152,2488,2640
WBGene00020822.,111,785,896
WBGene00020823.,63,292,355
WBGene00020824.,248,1367,1615
WBGene00020825.,69,500,569
WBGene00020826.,26,40,66
WBGene00020827.,517,2758,3275
WBGene00020829.,11,0,11
WBGene00020830.,103,489,592
WBGene00020831.,77,2492,2569
WBGene00020832.,25,8,33
WBGene00020833.,18,145,163
WBGene00020834.,29,54,83
WBGene00020835.,40,9,49
WBGene00020836.,25,692,717
WBGene00020837.,7,177,184
WBGene00020838.,104,1830,1934
WBGene00020839.,63,733,796
WBGene00020840.,0,38,38
WBGene00020841.,3,3,6
WBGene00020842.,28,321,349
WBGene00020843.,11,407,418
WBGene00020844.,0,62,62
WBGene00020845.,1,3,4
WBGene00020846.,206,1535,1741
WBGene00020847.,67,432,499
WBGene00020849.,29,113,142
WBGene00020850.,9,53,62
WBGene00020851.,11,30,41
WBGene00020852.,241,1638,1879
WBGene00020853.,10,107,117
WBGene00020854.,416,11894,12310
WBGene00020855.,65,40,105
WBGene00020856.,20,20,40
WBGene00020857.,22,41,63
WBGene00020858.,84,226,310
WBGene00020859.,19,110,129
WBGene00020860.,0,34,34
WBGene00020861.,135,461,596
WBGene00020862.,501,5457,5958
WBGene00020863.,18,24,42
WBGene00020864.,36,94,130
WBGene00020865.,160,1445,1605
WBGene00020866.,354,814,1168
WBGene00020867.,403,2394,2797
WBGene00020868.,988,8532,9520
WBGene00020869.,305,4286,4591
WBGene00020870.,3,45,48
WBGene00020871.,1,2,3
WBGene00020872.,10,124,134
WBGene00020873.,90,615,705
WBGene00020874.,2,3,5
WBGene00020875.,0,5,5
WBGene00020877.,7,24,31
WBGene00020878.,25,379,404
WBGene00020879.,5,11,16
WBGene00020880.,5,8,13
WBGene00020881.,27,242,269
WBGene00020882.,12,9,21
WBGene00020883.,8,490,498
WBGene00020884.,435,2159,2594
WBGene00020885.,30,22,52
WBGene00020886.,652,37978,38630
WBGene00020887.,82,409,491
WBGene00020888.,7,6,13
WBGene00020889.,6,40,46
WBGene00020890.,2,1,3
WBGene00020891.,371,2169,2540
WBGene00020892.,5,7,12
WBGene00020893.,21,32,53
WBGene00020894.,1626,47238,48864
WBGene00020895.,663,2439,3102
WBGene00020896.,3,931,934
WBGene00020897.,177,634,811
WBGene00020898.,3,112,115
WBGene00020899.,0,1,1
WBGene00020900.,10,9,19
WBGene00020901.,93,610,703
WBGene00020902.,182,387,569
WBGene00020903.,46,77,123
WBGene00020904.,36,186,222
WBGene00020905.,3,5,8
WBGene00020906.,6,55,61
WBGene00020908.,34,259,293
WBGene00020909.,208,1410,1618
WBGene00020910.,42,392,434
WBGene00020911.,20,61,81
WBGene00020912.,222,4633,4855
WBGene00020913.,4,8,12
WBGene00020914.,12,14,26
WBGene00020915.,59,4988,5047
WBGene00020917.,497,4744,5241
WBGene00020918.,8,3,11
WBGene00020919.,28,206,234
WBGene00020920.,40,153,193
WBGene00020921.,45,814,859
WBGene00020922.,0,4,4
WBGene00020923.,0,14,14
WBGene00020924.,32,274,306
WBGene00020927.,87,8,95
WBGene00020929.,196,1670,1866
WBGene00020930.,4592,10748,15340
WBGene00020931.,116,12264,12380
WBGene00020932.,321,1632,1953
WBGene00020933.,57,1154,1211
WBGene00020935.,207,1203,1410
WBGene00020936.,42,739,781
WBGene00020937.,37,845,882
WBGene00020938.,7,8,15
WBGene00020939.,39,770,809
WBGene00020940.,1,1,2
WBGene00020941.,17,30,47
WBGene00020942.,291,1868,2159
WBGene00020943.,5,20,25
WBGene00020944.,2,4,6
WBGene00020945.,38,3,41
WBGene00020946.,203,2746,2949
WBGene00020947.,181,138,319
WBGene00020948.,15,190,205
WBGene00020949.,22,452,474
WBGene00020950.,210,8072,8282
WBGene00020951.,356,3626,3982
WBGene00020952.,262,297,559
WBGene00020953.,0,20,20
WBGene00020954.,109,980,1089
WBGene00020955.,262,232,494
WBGene00020957.,138,245,383
WBGene00020961.,11,16,27
WBGene00020962.,27,108,135
WBGene00020964.,163,992,1155
WBGene00020966.,13,32,45
WBGene00020967.,7,36,43
WBGene00020970.,108,581,689
WBGene00020971.,0,0,0
WBGene00020972.,14,13,27
WBGene00020973.,15,130,145
WBGene00020974.,0,0,0
WBGene00020976.,28,101,129
WBGene00020977.,19,3,22
WBGene00020978.,4,7,11
WBGene00020979.,0,0,0
WBGene00020981.,33,104,137
WBGene00020982.,7,3,10
WBGene00020983.,9,12,21
WBGene00020984.,2,3,5
WBGene00020985.,1,149,150
WBGene00020986.,12,8,20
WBGene00020987.,2,6,8
WBGene00020988.,1,5,6
WBGene00020989.,6,9,15
WBGene00020990.,0,2,2
WBGene00020991.,2,2,4
WBGene00020992.,3,7,10
WBGene00020993.,30,716,746
WBGene00020994.,35,2437,2472
WBGene00020995.,60,643,703
WBGene00020997.,84,170,254
WBGene00020999.,54,331,385
WBGene00021000.,20,762,782
WBGene00021001.,11,11,22
WBGene00021002.,32,214,246
WBGene00021003.,1,5,6
WBGene00021004.,178,2133,2311
WBGene00021005.,9,7,16
WBGene00021006.,0,0,0
WBGene00021007.,6,17,23
WBGene00021008.,11,21,32
WBGene00021009.,1539,2469,4008
WBGene00021010.,4,2,6
WBGene00021011.,0,502,502
WBGene00021012.,61,532,593
WBGene00021013.,0,75,75
WBGene00021014.,12,438,450
WBGene00021015.,2,213,215
WBGene00021016.,8,3,11
WBGene00021017.,12,89,101
WBGene00021018.,0,23,23
WBGene00021019.,8,16,24
WBGene00021020.,388,511,899
WBGene00021021.,256,794,1050
WBGene00021022.,274,692,966
WBGene00021023.,0,131,131
WBGene00021024.,273,2638,2911
WBGene00021025.,26,31,57
WBGene00021026.,159,2005,2164
WBGene00021027.,44,143,187
WBGene00021028.,27,13,40
WBGene00021029.,0,23,23
WBGene00021030.,0,2,2
WBGene00021031.,5,88,93
WBGene00021032.,12,7,19
WBGene00021033.,1,10,11
WBGene00021034.,2,11,13
WBGene00021035.,20,353,373
WBGene00021036.,1385,8250,9635
WBGene00021037.,51,364,415
WBGene00021038.,221,1794,2015
WBGene00021039.,49,293,342
WBGene00021040.,19,169,188
WBGene00021041.,6,4,10
WBGene00021042.,6,72,78
WBGene00021043.,654,22802,23456
WBGene00021044.,130,833,963
WBGene00021045.,0,7,7
WBGene00021046.,96,566,662
WBGene00021047.,450,2741,3191
WBGene00021048.,197,1287,1484
WBGene00021049.,103,867,970
WBGene00021050.,0,59843,59843
WBGene00021051.,60,900,960
WBGene00021052.,26,136,162
WBGene00021053.,9,30,39
WBGene00021054.,0,5,5
WBGene00021055.,68,301,369
WBGene00021056.,19,196,215
WBGene00021057.,47,1128,1175
WBGene00021058.,196,538,734
WBGene00021059.,203,762,965
WBGene00021060.,61,426,487
WBGene00021061.,77,552,629
WBGene00021063.,20,627,647
WBGene00021066.,7,166,173
WBGene00021067.,7,12,19
WBGene00021068.,668,2314,2982
WBGene00021070.,18,27,45
WBGene00021072.,15,20,35
WBGene00021073.,100,1504,1604
WBGene00021074.,101,2544,2645
WBGene00021075.,6887,191,7078
WBGene00021076.,61,649,710
WBGene00021078.,1092,3666,4758
WBGene00021079.,3359,22182,25541
WBGene00021080.,671,2282,2953
WBGene00021081.,36,26,62
WBGene00021082.,6,518,524
WBGene00021083.,0,2,2
WBGene00021084.,0,3,3
WBGene00021085.,0,0,0
WBGene00021086.,0,0,0
WBGene00021087.,3,11,14
WBGene00021088.,23,1586,1609
WBGene00021089.,25,4348,4373
WBGene00021090.,6,1,7
WBGene00021091.,0,2,2
WBGene00021092.,0,3,3
WBGene00021093.,32,1164,1196
WBGene00021094.,45,175,220
WBGene00021095.,12,17,29
WBGene00021096.,16,4,20
WBGene00021097.,73,1417,1490
WBGene00021098.,0,0,0
WBGene00021099.,3,11,14
WBGene00021100.,8,32,40
WBGene00021101.,2,7,9
WBGene00021103.,267,1316,1583
WBGene00021104.,161,680,841
WBGene00021106.,0,0,0
WBGene00021107.,0,0,0
WBGene00021108.,0,0,0
WBGene00021109.,2,0,2
WBGene00021110.,0,1,1
WBGene00021111.,23,91,114
WBGene00021112.,3,866,869
WBGene00021113.,1,1,2
WBGene00021114.,7,200,207
WBGene00021115.,0,0,0
WBGene00021116.,60,465,525
WBGene00021117.,2,16,18
WBGene00021118.,8,4,12
WBGene00021120.,2,14,16
WBGene00021121.,40,622,662
WBGene00021122.,2,4,6
WBGene00021123.,34,440,474
WBGene00021124.,52,117,169
WBGene00021125.,17,26,43
WBGene00021127.,20,338,358
WBGene00021128.,26,287,313
WBGene00021129.,15,27,42
WBGene00021130.,16,26,42
WBGene00021131.,98,485,583
WBGene00021132.,167,601,768
WBGene00021133.,100,881,981
WBGene00021134.,42,417,459
WBGene00021135.,6,97,103
WBGene00021136.,2,22,24
WBGene00021137.,1,0,1
WBGene00021138.,0,2,2
WBGene00021139.,1,3,4
WBGene00021140.,1,0,1
WBGene00021141.,1,0,1
WBGene00021142.,0,0,0
WBGene00021143.,0,1,1
WBGene00021144.,3,5,8
WBGene00021145.,1,2,3
WBGene00021146.,72,176,248
WBGene00021148.,15,74,89
WBGene00021149.,136,1051,1187
WBGene00021150.,0,2,2
WBGene00021151.,3,2,5
WBGene00021152.,86,188,274
WBGene00021153.,6,7,13
WBGene00021154.,5,21,26
WBGene00021155.,16,483,499
WBGene00021156.,78,339,417
WBGene00021157.,43,151,194
WBGene00021158.,4,30,34
WBGene00021159.,67,265,332
WBGene00021160.,33,150,183
WBGene00021161.,667,6459,7126
WBGene00021162.,1,2,3
WBGene00021163.,18,273,291
WBGene00021164.,5,1,6
WBGene00021165.,0,3,3
WBGene00021166.,7,1,8
WBGene00021167.,66,836,902
WBGene00021168.,4,78,82
WBGene00021169.,0,1,1
WBGene00021170.,28,953,981
WBGene00021171.,542,3224,3766
WBGene00021173.,1,3,4
WBGene00021174.,0,1,1
WBGene00021175.,6,10,16
WBGene00021176.,391,2662,3053
WBGene00021177.,2,1,3
WBGene00021178.,15,131,146
WBGene00021179.,0,0,0
WBGene00021180.,17,25,42
WBGene00021181.,4,3,7
WBGene00021182.,8,15,23
WBGene00021183.,16,80,96
WBGene00021184.,1,0,1
WBGene00021185.,194,793,987
WBGene00021186.,163,164,327
WBGene00021187.,5,1461,1466
WBGene00021188.,0,0,0
WBGene00021190.,7,64,71
WBGene00021191.,163,1098,1261
WBGene00021192.,45,441,486
WBGene00021193.,4,5,9
WBGene00021195.,9,63,72
WBGene00021196.,12,24,36
WBGene00021197.,1,1,2
WBGene00021198.,5,10,15
WBGene00021199.,14,26,40
WBGene00021200.,83,374,457
WBGene00021201.,30,1226,1256
WBGene00021202.,108,1342,1450
WBGene00021204.,15,146,161
WBGene00021205.,52,1443,1495
WBGene00021207.,8,9,17
WBGene00021208.,129,1531,1660
WBGene00021209.,297,735,1032
WBGene00021210.,115,1209,1324
WBGene00021212.,15,8,23
WBGene00021213.,24,21,45
WBGene00021214.,9,28,37
WBGene00021215.,96,156,252
WBGene00021216.,0,0,0
WBGene00021217.,0,0,0
WBGene00021218.,0,0,0
WBGene00021219.,0,0,0
WBGene00021220.,0,0,0
WBGene00021221.,0,0,0
WBGene00021222.,0,0,0
WBGene00021223.,0,0,0
WBGene00021224.,0,0,0
WBGene00021225.,0,0,0
WBGene00021226.,0,0,0
WBGene00021227.,1,0,1
WBGene00021228.,0,0,0
WBGene00021230.,6,0,6
WBGene00021232.,18,39,57
WBGene00021233.,10,4,14
WBGene00021234.,13,2,15
WBGene00021235.,1,5,6
WBGene00021236.,0,92,92
WBGene00021237.,322,684,1006
WBGene00021238.,468,228,696
WBGene00021239.,2430,850,3280
WBGene00021241.,0,3,3
WBGene00021243.,0,5,5
WBGene00021244.,78,55,133
WBGene00021245.,49,365,414
WBGene00021246.,73,428,501
WBGene00021247.,27,66,93
WBGene00021248.,137,1484,1621
WBGene00021249.,7,6,13
WBGene00021252.,14,3,17
WBGene00021253.,299,4573,4872
WBGene00021254.,132,207,339
WBGene00021256.,31,20,51
WBGene00021257.,25,68,93
WBGene00021259.,31,23,54
WBGene00021260.,332,1842,2174
WBGene00021261.,3,4,7
WBGene00021262.,2,20,22
WBGene00021263.,2,2,4
WBGene00021264.,52,832,884
WBGene00021265.,26,89,115
WBGene00021266.,7,2,9
WBGene00021267.,16,65,81
WBGene00021268.,96,2096,2192
WBGene00021269.,94,407,501
WBGene00021270.,2,1128,1130
WBGene00021271.,40,110,150
WBGene00021272.,127,1783,1910
WBGene00021273.,3,0,3
WBGene00021274.,64,499,563
WBGene00021275.,132,146,278
WBGene00021276.,223,376,599
WBGene00021277.,97,1608,1705
WBGene00021278.,26,11,37
WBGene00021279.,4,9,13
WBGene00021280.,0,0,0
WBGene00021281.,2156,5767,7923
WBGene00021282.,13,153,166
WBGene00021284.,10,6,16
WBGene00021285.,0,17,17
WBGene00021286.,175,1775,1950
WBGene00021287.,1,32,33
WBGene00021288.,9,5,14
WBGene00021289.,2,8,10
WBGene00021290.,1,3,4
WBGene00021291.,2,3,5
WBGene00021292.,158,1232,1390
WBGene00021293.,1,0,1
WBGene00021294.,265,584,849
WBGene00021295.,165,671,836
WBGene00021296.,17,646,663
WBGene00021297.,15,11,26
WBGene00021298.,2,2,4
WBGene00021299.,2,5,7
WBGene00021300.,0,0,0
WBGene00021301.,25,24,49
WBGene00021302.,5,4,9
WBGene00021303.,0,7,7
WBGene00021304.,91,187,278
WBGene00021305.,851,711,1562
WBGene00021309.,28,285,313
WBGene00021310.,13,24,37
WBGene00021311.,55,816,871
WBGene00021312.,104,2673,2777
WBGene00021313.,124,822,946
WBGene00021314.,70,594,664
WBGene00021315.,52,809,861
WBGene00021316.,442,4818,5260
WBGene00021317.,1,0,1
WBGene00021319.,123,433,556
WBGene00021320.,200,721,921
WBGene00021321.,44,172,216
WBGene00021322.,164,1131,1295
WBGene00021323.,65,435,500
WBGene00021324.,107,470,577
WBGene00021325.,102,656,758
WBGene00021326.,15,104,119
WBGene00021327.,1099,2247,3346
WBGene00021328.,42,401,443
WBGene00021329.,173,965,1138
WBGene00021331.,41,1339,1380
WBGene00021332.,264,223,487
WBGene00021333.,126,341,467
WBGene00021334.,733,867,1600
WBGene00021335.,0,5,5
WBGene00021336.,13,121,134
WBGene00021337.,8,19,27
WBGene00021338.,37,118,155
WBGene00021339.,4,27,31
WBGene00021340.,377,2176,2553
WBGene00021342.,78,44,122
WBGene00021343.,59,90,149
WBGene00021344.,278,154,432
WBGene00021345.,0,11,11
WBGene00021346.,241,1301,1542
WBGene00021347.,109,1720,1829
WBGene00021348.,149,1861,2010
WBGene00021349.,50,329,379
WBGene00021350.,35845,240745,276590
WBGene00021351.,51,871,922
WBGene00021352.,327,3972,4299
WBGene00021353.,111,264,375
WBGene00021354.,20,71,91
WBGene00021355.,1203,7571,8774
WBGene00021357.,98,218,316
WBGene00021358.,6,37,43
WBGene00021359.,121,1339,1460
WBGene00021360.,3,1,4
WBGene00021362.,110,159,269
WBGene00021363.,182,339,521
WBGene00021364.,1,12,13
WBGene00021365.,243,1238,1481
WBGene00021366.,140,953,1093
WBGene00021367.,24,349,373
WBGene00021368.,8,4,12
WBGene00021369.,260,1017,1277
WBGene00021370.,278,1721,1999
WBGene00021371.,68,662,730
WBGene00021372.,12,331,343
WBGene00021373.,5,4,9
WBGene00021374.,171,659,830
WBGene00021375.,43,1248,1291
WBGene00021376.,117,603,720
WBGene00021377.,71,1420,1491
WBGene00021378.,113,1160,1273
WBGene00021379.,12,107,119
WBGene00021380.,0,0,0
WBGene00021381.,5,13,18
WBGene00021382.,2453,2562,5015
WBGene00021383.,13,26,39
WBGene00021384.,4,9,13
WBGene00021385.,0,4,4
WBGene00021386.,21,28,49
WBGene00021387.,68,303,371
WBGene00021388.,78,384,462
WBGene00021389.,19,15,34
WBGene00021390.,0,13,13
WBGene00021391.,13,576,589
WBGene00021392.,60,1119,1179
WBGene00021394.,231,904,1135
WBGene00021395.,338,2277,2615
WBGene00021396.,55,149,204
WBGene00021397.,3,54,57
WBGene00021398.,1,2,3
WBGene00021400.,66,420,486
WBGene00021401.,37,562,599
WBGene00021402.,50,623,673
WBGene00021403.,0,0,0
WBGene00021404.,0,0,0
WBGene00021405.,0,0,0
WBGene00021406.,0,0,0
WBGene00021407.,0,0,0
WBGene00021408.,1,0,1
WBGene00021409.,0,0,0
WBGene00021410.,16,19,35
WBGene00021412.,16,29,45
WBGene00021413.,33,2,35
WBGene00021414.,0,1,1
WBGene00021415.,149,1194,1343
WBGene00021416.,80,475,555
WBGene00021417.,28,122,150
WBGene00021418.,41,366,407
WBGene00021419.,22,280,302
WBGene00021420.,10,2286,2296
WBGene00021421.,77,904,981
WBGene00021423.,763,1016,1779
WBGene00021425.,218,550,768
WBGene00021427.,45,2007,2052
WBGene00021428.,41,24,65
WBGene00021430.,95,143,238
WBGene00021433.,1,1,2
WBGene00021434.,8,10,18
WBGene00021435.,25,18,43
WBGene00021436.,20,31,51
WBGene00021437.,57,20,77
WBGene00021438.,77,108,185
WBGene00021439.,303,775,1078
WBGene00021440.,107,627,734
WBGene00021441.,93,714,807
WBGene00021442.,53,287,340
WBGene00021443.,567,1463,2030
WBGene00021444.,337,520,857
WBGene00021446.,399,864,1263
WBGene00021448.,0,7,7
WBGene00021449.,3,5,8
WBGene00021450.,21,14,35
WBGene00021451.,46,5,51
WBGene00021452.,14,110,124
WBGene00021453.,1,0,1
WBGene00021454.,1,3,4
WBGene00021456.,199,672,871
WBGene00021457.,15,26,41
WBGene00021458.,2,7,9
WBGene00021460.,42,419,461
WBGene00021461.,137,157,294
WBGene00021463.,29,16,45
WBGene00021464.,5,53,58
WBGene00021465.,12,320,332
WBGene00021466.,247,3999,4246
WBGene00021467.,31,682,713
WBGene00021468.,33,1918,1951
WBGene00021469.,50,7616,7666
WBGene00021470.,61,405,466
WBGene00021471.,3,16,19
WBGene00021472.,5,4,9
WBGene00021473.,260,164,424
WBGene00021474.,1164,3295,4459
WBGene00021475.,216,1705,1921
WBGene00021476.,46,293,339
WBGene00021477.,22,3,25
WBGene00021478.,265,2211,2476
WBGene00021479.,16,8,24
WBGene00021482.,220,1448,1668
WBGene00021483.,5,10,15
WBGene00021484.,2,0,2
WBGene00021485.,10,8,18
WBGene00021486.,362,7583,7945
WBGene00021487.,223,751,974
WBGene00021488.,2,0,2
WBGene00021489.,11,1,12
WBGene00021490.,22,56,78
WBGene00021491.,0,11,11
WBGene00021492.,7,21,28
WBGene00021493.,128,1424,1552
WBGene00021494.,90,691,781
WBGene00021495.,4,149,153
WBGene00021496.,18,14,32
WBGene00021497.,193,788,981
WBGene00021500.,0,2,2
WBGene00021502.,44,317,361
WBGene00021503.,11,153,164
WBGene00021504.,21,45,66
WBGene00021505.,56,226,282
WBGene00021506.,100,695,795
WBGene00021507.,783,1262,2045
WBGene00021508.,75,818,893
WBGene00021509.,992,1574,2566
WBGene00021510.,117,441,558
WBGene00021511.,45,83,128
WBGene00021512.,109,127,236
WBGene00021513.,164,22,186
WBGene00021514.,110,1601,1711
WBGene00021515.,90,645,735
WBGene00021516.,16,62,78
WBGene00021517.,7,15,22
WBGene00021518.,1,26,27
WBGene00021519.,1,34,35
WBGene00021520.,1,22,23
WBGene00021521.,24,137,161
WBGene00021522.,1074,1977,3051
WBGene00021524.,35,79,114
WBGene00021525.,16,31,47
WBGene00021526.,65,121,186
WBGene00021527.,203,612,815
WBGene00021528.,215,577,792
WBGene00021529.,22,301,323
WBGene00021530.,24,5,29
WBGene00021531.,186,563,749
WBGene00021532.,107,2608,2715
WBGene00021533.,9,232,241
WBGene00021534.,629,3626,4255
WBGene00021535.,427,419,846
WBGene00021536.,31,606,637
WBGene00021537.,15,18,33
WBGene00021538.,51,360,411
WBGene00021539.,162,1656,1818
WBGene00021540.,72,391,463
WBGene00021541.,6,283,289
WBGene00021542.,19,3,22
WBGene00021543.,55,1353,1408
WBGene00021544.,190,954,1144
WBGene00021545.,596,1877,2473
WBGene00021546.,102,320,422
WBGene00021547.,78,980,1058
WBGene00021548.,41,966,1007
WBGene00021549.,561,638,1199
WBGene00021551.,451,2550,3001
WBGene00021552.,313,1590,1903
WBGene00021553.,13,16,29
WBGene00021554.,150,3011,3161
WBGene00021555.,24,274,298
WBGene00021556.,84,392,476
WBGene00021557.,0,73,73
WBGene00021558.,83,650,733
WBGene00021559.,213,2861,3074
WBGene00021560.,49,158,207
WBGene00021561.,465,1058,1523
WBGene00021562.,369,3645,4014
WBGene00021563.,96,1058,1154
WBGene00021564.,393,483,876
WBGene00021565.,3,17,20
WBGene00021566.,0,0,0
WBGene00021567.,0,0,0
WBGene00021568.,0,0,0
WBGene00021569.,0,0,0
WBGene00021570.,0,0,0
WBGene00021571.,0,0,0
WBGene00021572.,0,0,0
WBGene00021573.,0,0,0
WBGene00021574.,0,0,0
WBGene00021576.,29,395,424
WBGene00021578.,3,8,11
WBGene00021579.,0,4,4
WBGene00021580.,0,5,5
WBGene00021581.,3,1,4
WBGene00021582.,8,15,23
WBGene00021583.,38,149,187
WBGene00021585.,6,1,7
WBGene00021586.,11,1,12
WBGene00021587.,33,122,155
WBGene00021589.,7,941,948
WBGene00021590.,11,6,17
WBGene00021591.,8,18,26
WBGene00021592.,1,0,1
WBGene00021593.,14,0,14
WBGene00021594.,21,17,38
WBGene00021595.,154,568,722
WBGene00021596.,79,286,365
WBGene00021597.,6109,4770,10879
WBGene00021599.,15,92,107
WBGene00021600.,73,788,861
WBGene00021601.,12,15,27
WBGene00021602.,9,26,35
WBGene00021603.,2,2,4
WBGene00021604.,0,2,2
WBGene00021605.,26,107,133
WBGene00021606.,39,45,84
WBGene00021607.,1,339,340
WBGene00021608.,4,0,4
WBGene00021609.,21,27,48
WBGene00021610.,18,215,233
WBGene00021611.,88,425,513
WBGene00021612.,0,8,8
WBGene00021613.,168,764,932
WBGene00021614.,300,3733,4033
WBGene00021615.,3,0,3
WBGene00021616.,0,1,1
WBGene00021617.,5,2,7
WBGene00021619.,1,1,2
WBGene00021620.,1,2,3
WBGene00021621.,3,3,6
WBGene00021622.,1,0,1
WBGene00021623.,1,6,7
WBGene00021624.,207,2877,3084
WBGene00021625.,0,43,43
WBGene00021626.,121,368,489
WBGene00021627.,0,6,6
WBGene00021628.,120,552,672
WBGene00021629.,430,3108,3538
WBGene00021630.,4,5,9
WBGene00021631.,4,0,4
WBGene00021632.,0,0,0
WBGene00021633.,11,28,39
WBGene00021634.,287,706,993
WBGene00021635.,39,312,351
WBGene00021636.,109,691,800
WBGene00021637.,151,709,860
WBGene00021638.,119,1165,1284
WBGene00021639.,28,242,270
WBGene00021640.,365,1368,1733
WBGene00021641.,24,13,37
WBGene00021643.,138,579,717
WBGene00021644.,99,1253,1352
WBGene00021645.,193,869,1062
WBGene00021646.,269,718,987
WBGene00021647.,533,1642,2175
WBGene00021648.,6,448,454
WBGene00021649.,19,274,293
WBGene00021650.,1,5,6
WBGene00021651.,15,49,64
WBGene00021653.,0,24,24
WBGene00021654.,2,229,231
WBGene00021655.,27,699,726
WBGene00021656.,2,6,8
WBGene00021657.,69,284,353
WBGene00021658.,31,944,975
WBGene00021660.,280,997,1277
WBGene00021661.,64,214,278
WBGene00021662.,1,111,112
WBGene00021664.,11,11,22
WBGene00021666.,76,467,543
WBGene00021667.,8,128,136
WBGene00021668.,9,14,23
WBGene00021671.,4,59,63
WBGene00021672.,32,14,46
WBGene00021673.,58,27,85
WBGene00021675.,27,58,85
WBGene00021676.,34,535,569
WBGene00021677.,33,686,719
WBGene00021678.,20,15,35
WBGene00021679.,25,220,245
WBGene00021681.,425,810,1235
WBGene00021682.,377,1099,1476
WBGene00021683.,212,403,615
WBGene00021685.,1146,967,2113
WBGene00021686.,605,1109,1714
WBGene00021687.,98,295,393
WBGene00021689.,280,528,808
WBGene00021690.,4,11,15
WBGene00021691.,361,16621,16982
WBGene00021692.,40,404,444
WBGene00021693.,70,220,290
WBGene00021694.,6,20,26
WBGene00021697.,452,1252,1704
WBGene00021698.,807,1493,2300
WBGene00021700.,2,7,9
WBGene00021701.,44,52,96
WBGene00021702.,363,1260,1623
WBGene00021703.,9,5,14
WBGene00021704.,68,243,311
WBGene00021706.,15,27,42
WBGene00021707.,4,26,30
WBGene00021708.,3,3,6
WBGene00021709.,18,114,132
WBGene00021710.,10,41,51
WBGene00021711.,7,10,17
WBGene00021713.,1,9,10
WBGene00021714.,94,270,364
WBGene00021715.,199,1939,2138
WBGene00021716.,4,8,12
WBGene00021717.,0,3,3
WBGene00021718.,0,0,0
WBGene00021719.,1,0,1
WBGene00021720.,22,55,77
WBGene00021721.,52,474,526
WBGene00021722.,3,10,13
WBGene00021723.,1,2,3
WBGene00021724.,1,3,4
WBGene00021725.,33,210,243
WBGene00021726.,2,14,16
WBGene00021727.,1,1,2
WBGene00021728.,19,20,39
WBGene00021729.,1,1,2
WBGene00021730.,5,11,16
WBGene00021731.,4,7,11
WBGene00021732.,94,212,306
WBGene00021733.,483,824,1307
WBGene00021734.,62,79,141
WBGene00021735.,313,1422,1735
WBGene00021736.,277,3579,3856
WBGene00021737.,2,3,5
WBGene00021738.,199,425,624
WBGene00021739.,48,1836,1884
WBGene00021740.,240,483,723
WBGene00021741.,9,71,80
WBGene00021743.,41,7,48
WBGene00021744.,3,0,3
WBGene00021745.,35,76,111
WBGene00021746.,2,2,4
WBGene00021747.,7,40,47
WBGene00021748.,96,373,469
WBGene00021749.,143,660,803
WBGene00021750.,42,245,287
WBGene00021751.,514,166,680
WBGene00021752.,342,215,557
WBGene00021753.,252,600,852
WBGene00021754.,436,1401,1837
WBGene00021755.,56,219,275
WBGene00021756.,485,702,1187
WBGene00021757.,162,373,535
WBGene00021758.,114,455,569
WBGene00021763.,91,397,488
WBGene00021764.,75,203,278
WBGene00021765.,278,566,844
WBGene00021766.,66,254,320
WBGene00021768.,36,663,699
WBGene00021771.,512,1495,2007
WBGene00021772.,20,14,34
WBGene00021773.,0,6,6
WBGene00021774.,0,8,8
WBGene00021776.,275,965,1240
WBGene00021778.,27,373,400
WBGene00021779.,3,9,12
WBGene00021780.,0,1,1
WBGene00021781.,40,477,517
WBGene00021783.,322,1394,1716
WBGene00021784.,99,788,887
WBGene00021785.,80,1361,1441
WBGene00021786.,16,25,41
WBGene00021787.,15,5,20
WBGene00021788.,111,68,179
WBGene00021789.,300,702,1002
WBGene00021790.,9,2,11
WBGene00021791.,0,5,5
WBGene00021792.,1,3,4
WBGene00021793.,2,1,3
WBGene00021794.,29,25,54
WBGene00021795.,37,480,517
WBGene00021796.,53,525,578
WBGene00021797.,5,8,13
WBGene00021798.,16,3,19
WBGene00021799.,52,193,245
WBGene00021800.,403,5171,5574
WBGene00021801.,6,0,6
WBGene00021804.,5,45,50
WBGene00021805.,6,30,36
WBGene00021806.,0,0,0
WBGene00021807.,29,74,103
WBGene00021808.,408,1407,1815
WBGene00021809.,0,2,2
WBGene00021810.,695,1416,2111
WBGene00021811.,405,3557,3962
WBGene00021812.,31,398,429
WBGene00021813.,67,558,625
WBGene00021814.,32,50,82
WBGene00021815.,79,700,779
WBGene00021816.,140,712,852
WBGene00021817.,56,416,472
WBGene00021818.,372,2333,2705
WBGene00021819.,29,27,56
WBGene00021820.,589,795,1384
WBGene00021821.,0,3,3
WBGene00021826.,148,905,1053
WBGene00021827.,70,321,391
WBGene00021828.,116,571,687
WBGene00021829.,23,1470,1493
WBGene00021830.,102,1388,1490
WBGene00021831.,372,1042,1414
WBGene00021832.,132,380,512
WBGene00021833.,25,2,27
WBGene00021834.,11,909,920
WBGene00021835.,52,439,491
WBGene00021838.,156,1017,1173
WBGene00021839.,232,2600,2832
WBGene00021840.,178,362,540
WBGene00021841.,24,250,274
WBGene00021842.,537,1058,1595
WBGene00021843.,2813,21645,24458
WBGene00021844.,51,817,868
WBGene00021845.,45,1460,1505
WBGene00021846.,217,605,822
WBGene00021847.,157,480,637
WBGene00021848.,23,39,62
WBGene00021849.,412,6407,6819
WBGene00021850.,18,32,50
WBGene00021852.,83,802,885
WBGene00021853.,0,62,62
WBGene00021854.,251,768,1019
WBGene00021855.,207,1625,1832
WBGene00021856.,378,958,1336
WBGene00021857.,632,2062,2694
WBGene00021858.,45,137,182
WBGene00021859.,9,25,34
WBGene00021860.,7,1,8
WBGene00021861.,4,10,14
WBGene00021862.,42,56,98
WBGene00021863.,135,596,731
WBGene00021864.,94,493,587
WBGene00021865.,12,15,27
WBGene00021866.,172,1478,1650
WBGene00021867.,107,886,993
WBGene00021868.,214,1249,1463
WBGene00021869.,9,70,79
WBGene00021870.,42,132,174
WBGene00021871.,27,177,204
WBGene00021872.,28,521,549
WBGene00021873.,73,423,496
WBGene00021875.,62,620,682
WBGene00021876.,1049,8023,9072
WBGene00021877.,96,173,269
WBGene00021878.,10,3,13
WBGene00021879.,6,102,108
WBGene00021880.,0,0,0
WBGene00021881.,98,165,263
WBGene00021882.,418,461,879
WBGene00021883.,171,5231,5402
WBGene00021884.,2,241,243
WBGene00021885.,8,7,15
WBGene00021886.,996,314,1310
WBGene00021887.,131,570,701
WBGene00021888.,66,1052,1118
WBGene00021889.,0,1,1
WBGene00021890.,754,5284,6038
WBGene00021892.,16,5,21
WBGene00021893.,1803,3570,5373
WBGene00021894.,806,5413,6219
WBGene00021895.,9,59,68
WBGene00021897.,126,265,391
WBGene00021898.,5,486,491
WBGene00021899.,353,5898,6251
WBGene00021900.,478,16552,17030
WBGene00021901.,9,1536,1545
WBGene00021902.,140,573,713
WBGene00021904.,29,488,517
WBGene00021905.,105,650,755
WBGene00021906.,337,992,1329
WBGene00021907.,2,4,6
WBGene00021908.,3,8,11
WBGene00021909.,112,2845,2957
WBGene00021910.,372,608,980
WBGene00021911.,6,43,49
WBGene00021912.,60,324,384
WBGene00021913.,38,598,636
WBGene00021914.,135,247,382
WBGene00021915.,270,815,1085
WBGene00021917.,10,19,29
WBGene00021918.,7,59,66
WBGene00021919.,12,36,48
WBGene00021920.,209,1425,1634
WBGene00021921.,393,2191,2584
WBGene00021922.,109,2172,2281
WBGene00021923.,66,227,293
WBGene00021925.,122,419,541
WBGene00021926.,228,2213,2441
WBGene00021927.,23,478,501
WBGene00021928.,65,281,346
WBGene00021929.,32,950,982
WBGene00021930.,219,3209,3428
WBGene00021931.,33,9,42
WBGene00021932.,64,198,262
WBGene00021933.,48,106,154
WBGene00021934.,78,764,842
WBGene00021935.,120,256,376
WBGene00021936.,551,1322,1873
WBGene00021938.,127,1080,1207
WBGene00021939.,83,78,161
WBGene00021941.,35,83,118
WBGene00021942.,31,254,285
WBGene00021943.,184,922,1106
WBGene00021945.,209,772,981
WBGene00021947.,8,7,15
WBGene00021948.,910,2432,3342
WBGene00021949.,2,5,7
WBGene00021950.,40,191,231
WBGene00021951.,22,17,39
WBGene00021952.,215,2457,2672
WBGene00021953.,9,34,43
WBGene00021956.,142,3985,4127
WBGene00021957.,1,2,3
WBGene00021958.,0,12,12
WBGene00021959.,229,2706,2935
WBGene00021960.,178,2837,3015
WBGene00021961.,1,0,1
WBGene00021963.,10,21,31
WBGene00021964.,1,0,1
WBGene00021965.,49,308,357
WBGene00021966.,0,5,5
WBGene00021967.,3,6,9
WBGene00021968.,30,18,48
WBGene00021969.,1,11,12
WBGene00021970.,71,16,87
WBGene00021971.,0,1,1
WBGene00021972.,32,135,167
WBGene00021973.,239,1129,1368
WBGene00021974.,119,1211,1330
WBGene00021975.,30,519,549
WBGene00021976.,1,4,5
WBGene00021977.,21,370,391
WBGene00021978.,1,45,46
WBGene00021979.,0,793,793
WBGene00021980.,198,448,646
WBGene00021981.,65,4637,4702
WBGene00021983.,133,1368,1501
WBGene00021984.,215,1702,1917
WBGene00021985.,497,1478,1975
WBGene00021986.,196,1452,1648
WBGene00021987.,0,0,0
WBGene00021988.,0,0,0
WBGene00021990.,143,254,397
WBGene00021992.,5,4,9
WBGene00021993.,0,2,2
WBGene00021994.,7,4,11
WBGene00021995.,2,4,6
WBGene00021996.,0,6,6
WBGene00021997.,0,0,0
WBGene00021998.,0,0,0
WBGene00021999.,0,5,5
WBGene00022000.,0,0,0
WBGene00022001.,15,0,15
WBGene00022002.,0,0,0
WBGene00022003.,0,0,0
WBGene00022004.,23,178,201
WBGene00022005.,0,0,0
WBGene00022006.,0,0,0
WBGene00022007.,0,0,0
WBGene00022008.,19,25,44
WBGene00022010.,214,1053,1267
WBGene00022011.,1,0,1
WBGene00022012.,7,50,57
WBGene00022013.,0,71,71
WBGene00022014.,791,1080,1871
WBGene00022015.,673,2265,2938
WBGene00022016.,3,23,26
WBGene00022017.,2,4,6
WBGene00022018.,35,1159,1194
WBGene00022019.,550,2673,3223
WBGene00022020.,0,9,9
WBGene00022021.,335,2759,3094
WBGene00022022.,22,258,280
WBGene00022023.,1,0,1
WBGene00022024.,1,4,5
WBGene00022025.,143,1654,1797
WBGene00022026.,434,2306,2740
WBGene00022027.,542,6599,7141
WBGene00022028.,29,52,81
WBGene00022029.,82,539,621
WBGene00022030.,11,13,24
WBGene00022031.,119,537,656
WBGene00022032.,6,14,20
WBGene00022033.,21,65,86
WBGene00022034.,141,1275,1416
WBGene00022035.,86,118,204
WBGene00022036.,63,346,409
WBGene00022037.,175,961,1136
WBGene00022038.,22,32,54
WBGene00022039.,5,64,69
WBGene00022040.,17,193,210
WBGene00022042.,12624,90143,102767
WBGene00022043.,37,906,943
WBGene00022044.,30,480,510
WBGene00022045.,1395,9088,10483
WBGene00022046.,3,3776,3779
WBGene00022047.,51,776,827
WBGene00022048.,1179,15453,16632
WBGene00022051.,196,650,846
WBGene00022052.,133,692,825
WBGene00022053.,420,4366,4786
WBGene00022054.,99,564,663
WBGene00022055.,86,1052,1138
WBGene00022056.,100,199,299
WBGene00022057.,47,666,713
WBGene00022059.,1750,1732,3482
WBGene00022060.,7,297,304
WBGene00022061.,37,77,114
WBGene00022062.,61,116,177
WBGene00022063.,99,899,998
WBGene00022064.,3,0,3
WBGene00022066.,0,3,3
WBGene00022067.,290,791,1081
WBGene00022069.,281,5086,5367
WBGene00022070.,1,23,24
WBGene00022071.,7,9,16
WBGene00022072.,158,1771,1929
WBGene00022073.,111,389,500
WBGene00022074.,292,1176,1468
WBGene00022075.,104,1945,2049
WBGene00022076.,14,17,31
WBGene00022077.,261,2501,2762
WBGene00022078.,1722,3754,5476
WBGene00022079.,14,20,34
WBGene00022082.,3,6,9
WBGene00022083.,3,14,17
WBGene00022085.,26,37,63
WBGene00022086.,64,78,142
WBGene00022087.,685,769,1454
WBGene00022089.,885,25050,25935
WBGene00022090.,6,18,24
WBGene00022092.,171,1985,2156
WBGene00022093.,442,3675,4117
WBGene00022094.,1,9,10
WBGene00022095.,0,0,0
WBGene00022096.,1,5,6
WBGene00022097.,9,0,9
WBGene00022099.,194,2611,2805
WBGene00022100.,302,727,1029
WBGene00022101.,62,479,541
WBGene00022102.,5,41,46
WBGene00022103.,164,116,280
WBGene00022104.,341,272,613
WBGene00022106.,233,266,499
WBGene00022107.,43,683,726
WBGene00022108.,9,48,57
WBGene00022110.,26,571,597
WBGene00022111.,0,374,374
WBGene00022112.,0,4,4
WBGene00022113.,37,181,218
WBGene00022114.,78,4861,4939
WBGene00022115.,278,2807,3085
WBGene00022117.,61,76,137
WBGene00022118.,115,509,624
WBGene00022119.,16,821,837
WBGene00022121.,236,361,597
WBGene00022122.,23,2078,2101
WBGene00022123.,40,171,211
WBGene00022124.,305,709,1014
WBGene00022125.,68,610,678
WBGene00022126.,118,403,521
WBGene00022127.,5,5903,5908
WBGene00022128.,153,671,824
WBGene00022129.,57,162,219
WBGene00022130.,38,217,255
WBGene00022131.,176,1126,1302
WBGene00022133.,6,3,9
WBGene00022134.,515,1381,1896
WBGene00022138.,484,435,919
WBGene00022139.,444,1426,1870
WBGene00022140.,41,3,44
WBGene00022141.,18,626,644
WBGene00022142.,48,78,126
WBGene00022143.,2,7,9
WBGene00022144.,87,11628,11715
WBGene00022145.,7,12,19
WBGene00022146.,21,261,282
WBGene00022148.,856,1149,2005
WBGene00022149.,330,832,1162
WBGene00022150.,38,1267,1305
WBGene00022152.,272,685,957
WBGene00022153.,265,535,800
WBGene00022154.,39,130,169
WBGene00022155.,33,220,253
WBGene00022156.,3,4,7
WBGene00022157.,16,10,26
WBGene00022158.,38,241,279
WBGene00022159.,222,345,567
WBGene00022160.,23,245,268
WBGene00022161.,32,275,307
WBGene00022162.,1,0,1
WBGene00022163.,16,0,16
WBGene00022165.,133,440,573
WBGene00022166.,217,505,722
WBGene00022167.,133,871,1004
WBGene00022168.,615,1361,1976
WBGene00022169.,200,2135,2335
WBGene00022170.,2809,22642,25451
WBGene00022171.,0,125,125
WBGene00022172.,1,219,220
WBGene00022173.,0,72,72
WBGene00022174.,220,342,562
WBGene00022175.,120,355,475
WBGene00022176.,429,1035,1464
WBGene00022177.,23,104,127
WBGene00022178.,65,460,525
WBGene00022179.,46,44,90
WBGene00022180.,81,188,269
WBGene00022181.,41,227,268
WBGene00022182.,285,1125,1410
WBGene00022185.,193,1538,1731
WBGene00022188.,135,825,960
WBGene00022189.,0,5,5
WBGene00022190.,34,466,500
WBGene00022191.,125,728,853
WBGene00022192.,126,1512,1638
WBGene00022193.,53,635,688
WBGene00022194.,830,20719,21549
WBGene00022195.,162,550,712
WBGene00022196.,54,1217,1271
WBGene00022197.,79,354,433
WBGene00022198.,143,718,861
WBGene00022199.,43,1847,1890
WBGene00022200.,71,684,755
WBGene00022201.,81,748,829
WBGene00022202.,160,656,816
WBGene00022203.,16,528,544
WBGene00022204.,13,44,57
WBGene00022205.,58,199,257
WBGene00022206.,75,215,290
WBGene00022207.,6,2,8
WBGene00022209.,3,0,3
WBGene00022210.,1,2,3
WBGene00022211.,85,438,523
WBGene00022213.,7,34,41
WBGene00022214.,2,2,4
WBGene00022215.,1,6,7
WBGene00022216.,2,6,8
WBGene00022217.,3,0,3
WBGene00022218.,3,2,5
WBGene00022219.,97,324,421
WBGene00022221.,143,511,654
WBGene00022222.,14,54,68
WBGene00022223.,4,3,7
WBGene00022224.,1,36,37
WBGene00022225.,8,15,23
WBGene00022227.,56,222,278
WBGene00022228.,41,62,103
WBGene00022229.,26,17,43
WBGene00022230.,21,105,126
WBGene00022231.,146,295,441
WBGene00022232.,95,416,511
WBGene00022233.,383,7178,7561
WBGene00022235.,433,14249,14682
WBGene00022236.,0,11,11
WBGene00022237.,2,8,10
WBGene00022240.,104,496,600
WBGene00022242.,131,1048,1179
WBGene00022243.,5,68,73
WBGene00022244.,4,460,464
WBGene00022245.,470,4891,5361
WBGene00022246.,17,115,132
WBGene00022247.,97,151,248
WBGene00022248.,176,2695,2871
WBGene00022249.,0,0,0
WBGene00022250.,31,333,364
WBGene00022251.,45,585,630
WBGene00022252.,34,282,316
WBGene00022253.,91,1746,1837
WBGene00022254.,105,3338,3443
WBGene00022255.,89,461,550
WBGene00022256.,0,10,10
WBGene00022257.,1,195,196
WBGene00022258.,35,363,398
WBGene00022259.,33,249,282
WBGene00022260.,81,458,539
WBGene00022261.,10,21,31
WBGene00022262.,0,2,2
WBGene00022263.,6,21,27
WBGene00022264.,0,4,4
WBGene00022265.,2,9,11
WBGene00022266.,3,5,8
WBGene00022267.,18,78,96
WBGene00022268.,407,3991,4398
WBGene00022269.,331,2981,3312
WBGene00022270.,123,135,258
WBGene00022271.,35,1848,1883
WBGene00022272.,3,15,18
WBGene00022273.,63,439,502
WBGene00022274.,23,33,56
WBGene00022275.,3,27,30
WBGene00022276.,211,6641,6852
WBGene00022277.,242,1516,1758
WBGene00022278.,608,1853,2461
WBGene00022279.,188,1356,1544
WBGene00022280.,161,1250,1411
WBGene00022281.,530,701,1231
WBGene00022282.,0,1,1
WBGene00022283.,34,167,201
WBGene00022284.,131,427,558
WBGene00022285.,1553,777,2330
WBGene00022286.,194,479,673
WBGene00022287.,7,47,54
WBGene00022288.,23,180,203
WBGene00022289.,12,213,225
WBGene00022290.,2,0,2
WBGene00022291.,0,0,0
WBGene00022292.,0,1,1
WBGene00022295.,35,116,151
WBGene00022296.,551,1921,2472
WBGene00022297.,103,2183,2286
WBGene00022298.,7,50,57
WBGene00022300.,310,808,1118
WBGene00022301.,592,1023,1615
WBGene00022302.,74,761,835
WBGene00022303.,1,385,386
WBGene00022306.,878,2262,3140
WBGene00022307.,59,1622,1681
WBGene00022308.,0,5,5
WBGene00022309.,133,681,814
WBGene00022310.,298,550,848
WBGene00022311.,8,10,18
WBGene00022312.,2,7,9
WBGene00022313.,89,139,228
WBGene00022314.,256,1251,1507
WBGene00022315.,2,5,7
WBGene00022316.,0,13,13
WBGene00022317.,16,102,118
WBGene00022318.,0,1,1
WBGene00022319.,1,1,2
WBGene00022320.,7,3,10
WBGene00022321.,9,3,12
WBGene00022322.,3,4,7
WBGene00022323.,0,3,3
WBGene00022324.,5,22,27
WBGene00022325.,51,134,185
WBGene00022326.,18,83,101
WBGene00022327.,13,5,18
WBGene00022328.,9,3,12
WBGene00022329.,24,147,171
WBGene00022330.,10,125,135
WBGene00022331.,18,25,43
WBGene00022332.,7,10,17
WBGene00022333.,1,15,16
WBGene00022334.,19,8,27
WBGene00022335.,48,105,153
WBGene00022336.,434,216333,216767
WBGene00022337.,2,41,43
WBGene00022338.,25,63,88
WBGene00022339.,122,1304,1426
WBGene00022340.,2,0,2
WBGene00022341.,0,0,0
WBGene00022342.,7,4,11
WBGene00022343.,1,3,4
WBGene00022344.,5,6,11
WBGene00022345.,7,69,76
WBGene00022346.,4,48,52
WBGene00022347.,222,1595,1817
WBGene00022348.,115,1157,1272
WBGene00022349.,34,51,85
WBGene00022350.,129,426,555
WBGene00022351.,90,178,268
WBGene00022352.,0,0,0
WBGene00022353.,4,184,188
WBGene00022354.,1318,2682,4000
WBGene00022356.,71,3989,4060
WBGene00022357.,77,713,790
WBGene00022358.,411,962,1373
WBGene00022360.,288,618,906
WBGene00022361.,429,860,1289
WBGene00022363.,200,558,758
WBGene00022365.,17,99,116
WBGene00022366.,384,536,920
WBGene00022367.,166,149,315
WBGene00022368.,94,962,1056
WBGene00022369.,165,844,1009
WBGene00022370.,122,215,337
WBGene00022371.,374,258,632
WBGene00022372.,154,364,518
WBGene00022373.,237,1270,1507
WBGene00022374.,21,79,100
WBGene00022375.,10,20,30
WBGene00022376.,237,1957,2194
WBGene00022377.,6,85,91
WBGene00022378.,1092,4833,5925
WBGene00022379.,33,96,129
WBGene00022380.,577,3878,4455
WBGene00022381.,178,985,1163
WBGene00022382.,0,142,142
WBGene00022385.,19,19,38
WBGene00022386.,319,1287,1606
WBGene00022388.,317,576,893
WBGene00022389.,341,867,1208
WBGene00022390.,75,357,432
WBGene00022391.,347,443,790
WBGene00022392.,53,310,363
WBGene00022393.,223,3068,3291
WBGene00022394.,22,1074,1096
WBGene00022395.,3,17,20
WBGene00022396.,57,1210,1267
WBGene00022397.,124,969,1093
WBGene00022398.,60,767,827
WBGene00022399.,76,669,745
WBGene00022400.,61,2070,2131
WBGene00022401.,85,3639,3724
WBGene00022402.,42,1593,1635
WBGene00022403.,7,5,12
WBGene00022404.,2,22,24
WBGene00022405.,13,69,82
WBGene00022406.,7,9,16
WBGene00022407.,3,4,7
WBGene00022408.,2,14,16
WBGene00022409.,12,36,48
WBGene00022410.,21,5474,5495
WBGene00022411.,10,20,30
WBGene00022412.,38,147,185
WBGene00022413.,28,145,173
WBGene00022415.,3,9,12
WBGene00022416.,37,111,148
WBGene00022417.,13,126,139
WBGene00022418.,37,155,192
WBGene00022419.,64,262,326
WBGene00022420.,48,731,779
WBGene00022421.,0,4,4
WBGene00022423.,387,138,525
WBGene00022425.,260,787,1047
WBGene00022426.,191,717,908
WBGene00022427.,260,1231,1491
WBGene00022428.,74,392,466
WBGene00022429.,0,1,1
WBGene00022431.,50,11,61
WBGene00022432.,0,7,7
WBGene00022433.,1,0,1
WBGene00022434.,334,679,1013
WBGene00022435.,115,140,255
WBGene00022438.,4,1,5
WBGene00022439.,151,937,1088
WBGene00022440.,68,317,385
WBGene00022441.,321,2522,2843
WBGene00022442.,2,0,2
WBGene00022443.,2,0,2
WBGene00022444.,0,1,1
WBGene00022445.,49,244,293
WBGene00022446.,0,10,10
WBGene00022447.,220,235,455
WBGene00022448.,97,232,329
WBGene00022450.,56,458,514
WBGene00022452.,2,238,240
WBGene00022453.,216,1190,1406
WBGene00022454.,100,117,217
WBGene00022455.,13,806,819
WBGene00022456.,147,2050,2197
WBGene00022457.,114,769,883
WBGene00022458.,13,1407,1420
WBGene00022459.,49,535,584
WBGene00022460.,71,908,979
WBGene00022462.,21,328,349
WBGene00022463.,140,1140,1280
WBGene00022465.,68,588,656
WBGene00022466.,98,1049,1147
WBGene00022467.,3,8,11
WBGene00022469.,15,136,151
WBGene00022470.,177,1085,1262
WBGene00022471.,53,267,320
WBGene00022472.,183,1842,2025
WBGene00022473.,1788,4116,5904
WBGene00022474.,63,665,728
WBGene00022475.,32,554,586
WBGene00022476.,3,3,6
WBGene00022477.,1,3,4
WBGene00022478.,2,45,47
WBGene00022479.,5,32,37
WBGene00022481.,0,0,0
WBGene00022482.,0,10,10
WBGene00022483.,0,0,0
WBGene00022484.,15,75,90
WBGene00022485.,121,370,491
WBGene00022486.,21,37,58
WBGene00022487.,3,19,22
WBGene00022488.,90,396,486
WBGene00022489.,308,2488,2796
WBGene00022490.,17,73,90
WBGene00022491.,113,141,254
WBGene00022492.,97,1435,1532
WBGene00022493.,142,275,417
WBGene00022494.,237,365,602
WBGene00022495.,0,19,19
WBGene00022496.,0,163,163
WBGene00022497.,0,3136,3136
WBGene00022498.,8,25,33
WBGene00022499.,78,728,806
WBGene00022500.,454,5211,5665
WBGene00022501.,595,839,1434
WBGene00022502.,68,546,614
WBGene00022503.,5,157,162
WBGene00022504.,21,23,44
WBGene00022505.,24,404,428
WBGene00022506.,10,66,76
WBGene00022507.,9,3,12
WBGene00022508.,1,10,11
WBGene00022509.,0,7,7
WBGene00022511.,2,13,15
WBGene00022512.,1,0,1
WBGene00022515.,100,2090,2190
WBGene00022516.,85,3075,3160
WBGene00022517.,67,65,132
WBGene00022518.,417,358,775
WBGene00022519.,260,1353,1613
WBGene00022521.,56,4,60
WBGene00022522.,34,206,240
WBGene00022526.,6,4,10
WBGene00022527.,25,91,116
WBGene00022528.,0,5,5
WBGene00022529.,6,10,16
WBGene00022530.,28,385,413
WBGene00022531.,41,775,816
WBGene00022532.,12,386,398
WBGene00022533.,31,132,163
WBGene00022534.,274,2263,2537
WBGene00022536.,6,10,16
WBGene00022537.,13,34,47
WBGene00022538.,153,2477,2630
WBGene00022539.,14,21,35
WBGene00022540.,32,53,85
WBGene00022541.,0,1,1
WBGene00022542.,0,1,1
WBGene00022544.,44,18,62
WBGene00022545.,3,9,12
WBGene00022546.,24,83,107
WBGene00022547.,29,112,141
WBGene00022548.,12,4,16
WBGene00022549.,28,102,130
WBGene00022550.,7,33,40
WBGene00022551.,0,3,3
WBGene00022552.,3,47,50
WBGene00022553.,0,51,51
WBGene00022554.,90,1475,1565
WBGene00022555.,1,3,4
WBGene00022556.,0,0,0
WBGene00022557.,1,25,26
WBGene00022558.,0,5,5
WBGene00022559.,0,18,18
WBGene00022560.,6,15,21
WBGene00022561.,0,3,3
WBGene00022562.,245,1534,1779
WBGene00022563.,1,1,2
WBGene00022564.,53,314,367
WBGene00022565.,2,11,13
WBGene00022566.,7,85,92
WBGene00022567.,41,125,166
WBGene00022568.,5,111,116
WBGene00022569.,12,199,211
WBGene00022570.,2,9,11
WBGene00022571.,1,2,3
WBGene00022572.,1,1,2
WBGene00022573.,2,14,16
WBGene00022574.,8,397,405
WBGene00022575.,0,138,138
WBGene00022576.,20,131,151
WBGene00022577.,4,4,8
WBGene00022578.,6,4,10
WBGene00022579.,252,2132,2384
WBGene00022580.,138,1385,1523
WBGene00022581.,8,72,80
WBGene00022582.,0,0,0
WBGene00022583.,162,2375,2537
WBGene00022584.,35,127,162
WBGene00022586.,3,62,65
WBGene00022587.,0,13,13
WBGene00022588.,25,144,169
WBGene00022589.,16,2,18
WBGene00022590.,4,87,91
WBGene00022591.,8,100,108
WBGene00022592.,274,837,1111
WBGene00022593.,103,327,430
WBGene00022594.,5,4,9
WBGene00022596.,8,27,35
WBGene00022597.,679,10456,11135
WBGene00022598.,71,975,1046
WBGene00022599.,420,7370,7790
WBGene00022600.,1,0,1
WBGene00022601.,21,145,166
WBGene00022603.,116,2072,2188
WBGene00022604.,1,1,2
WBGene00022605.,5,90,95
WBGene00022606.,20,20,40
WBGene00022608.,132,459,591
WBGene00022609.,100,334,434
WBGene00022610.,30,121,151
WBGene00022611.,20,22,42
WBGene00022612.,4,11,15
WBGene00022613.,68,278,346
WBGene00022614.,237,1224,1461
WBGene00022615.,11,333,344
WBGene00022616.,1,1,2
WBGene00022617.,2,3,5
WBGene00022618.,140,2371,2511
WBGene00022619.,0,13,13
WBGene00022620.,198,2101,2299
WBGene00022621.,3,6,9
WBGene00022622.,6,2,8
WBGene00022623.,18,387,405
WBGene00022624.,84,187,271
WBGene00022627.,12,24,36
WBGene00022628.,2,2,4
WBGene00022629.,30,345,375
WBGene00022630.,1,2,3
WBGene00022631.,33,240,273
WBGene00022632.,7,7,14
WBGene00022633.,28,162,190
WBGene00022634.,2,2,4
WBGene00022635.,106,461,567
WBGene00022636.,2,5,7
WBGene00022637.,2,3,5
WBGene00022638.,0,2,2
WBGene00022639.,2,17,19
WBGene00022640.,5,6,11
WBGene00022641.,6,5,11
WBGene00022642.,80,569,649
WBGene00022643.,9,24,33
WBGene00022644.,7,18,25
WBGene00022645.,3,29,32
WBGene00022646.,14,1161,1175
WBGene00022647.,75,578,653
WBGene00022648.,186,529,715
WBGene00022649.,16,113,129
WBGene00022650.,116,174,290
WBGene00022651.,0,8,8
WBGene00022652.,0,2,2
WBGene00022653.,20,112,132
WBGene00022654.,11,23,34
WBGene00022655.,18,21,39
WBGene00022656.,2,17,19
WBGene00022657.,1,30,31
WBGene00022658.,3,24,27
WBGene00022660.,0,14,14
WBGene00022661.,36,56,92
WBGene00022662.,9,21,30
WBGene00022663.,55,544,599
WBGene00022664.,31,128,159
WBGene00022665.,4,73,77
WBGene00022666.,112,982,1094
WBGene00022667.,176,1169,1345
WBGene00022668.,255,1768,2023
WBGene00022669.,1,2,3
WBGene00022670.,3,2,5
WBGene00022671.,10,15,25
WBGene00022672.,132,611,743
WBGene00022673.,87,807,894
WBGene00022674.,2,2,4
WBGene00022675.,469,691,1160
WBGene00022677.,36,487,523
WBGene00022678.,59,2168,2227
WBGene00022679.,0,18,18
WBGene00022680.,9,9,18
WBGene00022681.,52,162,214
WBGene00022682.,45,85,130
WBGene00022683.,33,223,256
WBGene00022685.,1,3,4
WBGene00022688.,0,8,8
WBGene00022689.,0,6,6
WBGene00022690.,5,1,6
WBGene00022691.,1,10,11
WBGene00022694.,101,1318,1419
WBGene00022695.,49,255,304
WBGene00022696.,42,178,220
WBGene00022697.,156,1267,1423
WBGene00022698.,15,41,56
WBGene00022699.,3,5,8
WBGene00022700.,21,83,104
WBGene00022702.,1,203,204
WBGene00022703.,92,984,1076
WBGene00022704.,71,730,801
WBGene00022705.,2,20,22
WBGene00022706.,11,20,31
WBGene00022707.,3,6,9
WBGene00022708.,1,11,12
WBGene00022709.,5,91,96
WBGene00022710.,1,0,1
WBGene00022711.,18,18,36
WBGene00022712.,93,713,806
WBGene00022713.,2,4,6
WBGene00022714.,3,6,9
WBGene00022715.,6,10,16
WBGene00022716.,2,5,7
WBGene00022717.,86,1128,1214
WBGene00022718.,215,1758,1973
WBGene00022719.,217,1411,1628
WBGene00022720.,37,254,291
WBGene00022721.,63,375,438
WBGene00022722.,102,1174,1276
WBGene00022723.,17,11,28
WBGene00022724.,0,6,6
WBGene00022725.,9,16,25
WBGene00022726.,0,1,1
WBGene00022727.,104,725,829
WBGene00022728.,3,5,8
WBGene00022729.,0,0,0
WBGene00022730.,35,294,329
WBGene00022731.,40,18,58
WBGene00022732.,2,7,9
WBGene00022733.,120,94,214
WBGene00022734.,47,1328,1375
WBGene00022735.,15,72,87
WBGene00022736.,15,200,215
WBGene00022737.,8,353,361
WBGene00022738.,127,1603,1730
WBGene00022739.,193,1836,2029
WBGene00022741.,39,20,59
WBGene00022742.,331,3933,4264
WBGene00022743.,292,622,914
WBGene00022744.,20,83,103
WBGene00022745.,2056,9112,11168
WBGene00022746.,0,12,12
WBGene00022747.,0,3,3
WBGene00022748.,283,25566,25849
WBGene00022749.,75,2539,2614
WBGene00022750.,880,2738,3618
WBGene00022751.,0,0,0
WBGene00022752.,22,227,249
WBGene00022753.,10,9,19
WBGene00022754.,0,11,11
WBGene00022755.,3,71,74
WBGene00022756.,4,12,16
WBGene00022757.,4,2,6
WBGene00022758.,5,2,7
WBGene00022759.,39,1277,1316
WBGene00022760.,0,1,1
WBGene00022761.,0,7,7
WBGene00022762.,91,684,775
WBGene00022763.,0,6,6
WBGene00022765.,367,2966,3333
WBGene00022766.,24,763,787
WBGene00022767.,6,62,68
WBGene00022769.,50,702,752
WBGene00022770.,13,227,240
WBGene00022771.,110,589,699
WBGene00022772.,32,69,101
WBGene00022773.,56,284,340
WBGene00022774.,44,1403,1447
WBGene00022775.,11,331,342
WBGene00022776.,9,1421,1430
WBGene00022778.,3,6,9
WBGene00022780.,3,20,23
WBGene00022781.,387,10718,11105
WBGene00022782.,45,595,640
WBGene00022783.,125,868,993
WBGene00022785.,173,1561,1734
WBGene00022786.,7,167,174
WBGene00022787.,37,457,494
WBGene00022788.,63,2284,2347
WBGene00022789.,14,40,54
WBGene00022790.,37,220,257
WBGene00022791.,328,2110,2438
WBGene00022792.,47,669,716
WBGene00022793.,9,958,967
WBGene00022794.,170,2824,2994
WBGene00022795.,8,14,22
WBGene00022796.,7,60,67
WBGene00022797.,43,557,600
WBGene00022798.,232,3413,3645
WBGene00022799.,2,5,7
WBGene00022800.,129,1713,1842
WBGene00022801.,37,1011,1048
WBGene00022802.,172,1825,1997
WBGene00022803.,41,493,534
WBGene00022804.,0,11,11
WBGene00022805.,228,902,1130
WBGene00022806.,3,4,7
WBGene00022807.,11,32,43
WBGene00022808.,6,7,13
WBGene00022809.,4,2,6
WBGene00022810.,12,183,195
WBGene00022811.,44,18,62
WBGene00022812.,297,3818,4115
WBGene00022813.,9,41,50
WBGene00022814.,34,273,307
WBGene00022815.,27,74,101
WBGene00022816.,27,31,58
WBGene00022817.,300,3239,3539
WBGene00022818.,4,7,11
WBGene00022820.,2,0,2
WBGene00022821.,0,0,0
WBGene00022822.,1,1,2
WBGene00022823.,36,2711,2747
WBGene00022824.,18,285,303
WBGene00022825.,90,296,386
WBGene00022826.,0,1,1
WBGene00022827.,17,20,37
WBGene00022829.,43,85,128
WBGene00022830.,48,1365,1413
WBGene00022831.,166,1543,1709
WBGene00022832.,63,697,760
WBGene00022833.,2,4,6
WBGene00022834.,4,128,132
WBGene00022835.,41,427,468
WBGene00022836.,82,1224,1306
WBGene00022837.,40,304,344
WBGene00022838.,28,103,131
WBGene00022840.,12,5,17
WBGene00022842.,50,364,414
WBGene00022843.,43,117,160
WBGene00022845.,1,34,35
WBGene00022846.,33,2,35
WBGene00022847.,29,200,229
WBGene00022848.,50,590,640
WBGene00022849.,29,61,90
WBGene00022850.,248,656,904
WBGene00022851.,46,1188,1234
WBGene00022852.,1,1645,1646
WBGene00022853.,0,26,26
WBGene00022854.,39,337,376
WBGene00022855.,120,4801,4921
WBGene00022856.,46,7919,7965
WBGene00022857.,5,386,391
WBGene00022858.,40,33,73
WBGene00022861.,3654,846,4500
WBGene00022862.,24,501,525
WBGene00022864.,78,2026,2104
WBGene00022865.,117,1204,1321
WBGene00022866.,11,26,37
WBGene00022867.,85,673,758
WBGene00022868.,55,448,503
WBGene00022869.,2,0,2
WBGene00022870.,5,9,14
WBGene00022871.,2,2,4
WBGene00022872.,5,1,6
WBGene00022873.,2,34,36
WBGene00022874.,60,143,203
WBGene00022875.,0,1,1
WBGene00022876.,1,5,6
WBGene00022877.,2,1,3
WBGene00022880.,89,722,811
WBGene00022881.,24,716,740
WBGene00022882.,82,482,564
WBGene00022883.,17,338,355
WBGene00022884.,0,25,25
WBGene00022885.,60,872,932
WBGene00022886.,6,2,8
WBGene00022887.,53,1053,1106
WBGene00022888.,9,7,16
WBGene00022889.,1,8,9
WBGene00022890.,0,2,2
WBGene00022891.,4,23,27
WBGene00022892.,1,0,1
WBGene00022893.,72,319,391
WBGene00022894.,0,0,0
WBGene00022895.,0,0,0
WBGene00022896.,0,0,0
WBGene00022897.,0,0,0
WBGene00022898.,0,3,3
WBGene00022899.,0,0,0
WBGene00022900.,0,0,0
WBGene00022901.,0,0,0
WBGene00022902.,0,0,0
WBGene00022903.,0,0,0
WBGene00022904.,0,0,0
WBGene00022905.,0,0,0
WBGene00022906.,0,0,0
WBGene00022907.,0,0,0
WBGene00022908.,0,0,0
WBGene00022909.,0,0,0
WBGene00022910.,0,0,0
WBGene00022911.,0,0,0
WBGene00022912.,0,0,0
WBGene00022913.,0,0,0
WBGene00022914.,0,0,0
WBGene00022915.,0,0,0
WBGene00022916.,0,0,0
WBGene00022917.,0,0,0
WBGene00022918.,0,0,0
WBGene00022919.,0,4,4
WBGene00022920.,0,0,0
WBGene00022921.,0,0,0
WBGene00022922.,0,6,6
WBGene00022923.,0,0,0
WBGene00022924.,0,0,0
WBGene00022925.,0,0,0
WBGene00022926.,0,5,5
WBGene00022927.,0,0,0
WBGene00022928.,0,0,0
WBGene00022929.,0,1,1
WBGene00022930.,0,0,0
WBGene00022931.,0,0,0
WBGene00022932.,0,10,10
WBGene00022933.,0,0,0
WBGene00022934.,0,0,0
WBGene00022935.,0,0,0
WBGene00022936.,0,0,0
WBGene00022937.,0,0,0
WBGene00022938.,0,0,0
WBGene00022939.,0,0,0
WBGene00022940.,0,1,1
WBGene00022941.,0,0,0
WBGene00022942.,0,0,0
WBGene00022943.,0,0,0
WBGene00022944.,0,0,0
WBGene00022945.,0,0,0
WBGene00022946.,0,0,0
WBGene00022947.,0,0,0
WBGene00022948.,0,0,0
WBGene00022949.,0,0,0
WBGene00022950.,0,0,0
WBGene00022951.,0,299288,299288
WBGene00022952.,0,0,0
WBGene00022953.,0,0,0
WBGene00022954.,0,0,0
WBGene00022955.,0,0,0
WBGene00022956.,0,35,35
WBGene00022957.,0,0,0
WBGene00022958.,0,0,0
WBGene00022959.,0,0,0
WBGene00022960.,0,0,0
WBGene00022961.,0,0,0
WBGene00022962.,0,0,0
WBGene00022963.,0,0,0
WBGene00022964.,0,0,0
WBGene00022965.,0,0,0
WBGene00022966.,0,0,0
WBGene00022967.,0,0,0
WBGene00022968.,0,0,0
WBGene00022969.,0,0,0
WBGene00022970.,0,185,185
WBGene00022971.,0,2,2
WBGene00022972.,0,0,0
WBGene00022973.,0,0,0
WBGene00022974.,0,0,0
WBGene00022975.,0,0,0
WBGene00022976.,0,0,0
WBGene00022977.,0,0,0
WBGene00022978.,0,0,0
WBGene00022979.,0,0,0
WBGene00022980.,0,0,0
WBGene00022981.,0,0,0
WBGene00022982.,0,237,237
WBGene00022983.,0,84,84
WBGene00022984.,0,0,0
WBGene00022985.,0,0,0
WBGene00022986.,0,0,0
WBGene00022987.,0,0,0
WBGene00022988.,0,0,0
WBGene00022989.,0,0,0
WBGene00022990.,0,0,0
WBGene00022991.,0,0,0
WBGene00022992.,0,0,0
WBGene00022993.,0,0,0
WBGene00022994.,0,0,0
WBGene00022995.,0,0,0
WBGene00022996.,0,1,1
WBGene00022997.,0,0,0
WBGene00022998.,0,0,0
WBGene00022999.,0,0,0
WBGene00023000.,0,0,0
WBGene00023001.,0,0,0
WBGene00023002.,0,0,0
WBGene00023003.,0,0,0
WBGene00023004.,0,0,0
WBGene00023005.,0,0,0
WBGene00023006.,0,0,0
WBGene00023007.,0,0,0
WBGene00023008.,0,0,0
WBGene00023009.,0,0,0
WBGene00023010.,0,0,0
WBGene00023011.,0,0,0
WBGene00023012.,0,0,0
WBGene00023013.,0,0,0
WBGene00023014.,0,0,0
WBGene00023015.,0,0,0
WBGene00023016.,0,0,0
WBGene00023017.,0,0,0
WBGene00023018.,0,0,0
WBGene00023019.,0,0,0
WBGene00023020.,0,454,454
WBGene00023021.,0,758,758
WBGene00023022.,0,0,0
WBGene00023023.,0,0,0
WBGene00023024.,0,0,0
WBGene00023025.,0,0,0
WBGene00023026.,0,1,1
WBGene00023027.,0,0,0
WBGene00023028.,0,0,0
WBGene00023029.,0,0,0
WBGene00023030.,0,0,0
WBGene00023031.,0,1,1
WBGene00023032.,0,0,0
WBGene00023033.,0,0,0
WBGene00023034.,0,0,0
WBGene00023035.,0,0,0
WBGene00023036.,207,1435,1642
WBGene00023037.,0,0,0
WBGene00023038.,0,0,0
WBGene00023039.,22,25,47
WBGene00023040.,0,0,0
WBGene00023041.,0,0,0
WBGene00023042.,0,0,0
WBGene00023043.,0,0,0
WBGene00023044.,0,0,0
WBGene00023045.,0,1,1
WBGene00023046.,0,0,0
WBGene00023047.,0,0,0
WBGene00023048.,0,0,0
WBGene00023049.,0,0,0
WBGene00023050.,0,0,0
WBGene00023051.,0,0,0
WBGene00023052.,0,0,0
WBGene00023053.,0,0,0
WBGene00023054.,0,0,0
WBGene00023055.,0,0,0
WBGene00023056.,0,0,0
WBGene00023057.,0,0,0
WBGene00023058.,0,0,0
WBGene00023059.,0,0,0
WBGene00023060.,0,0,0
WBGene00023061.,0,0,0
WBGene00023062.,0,0,0
WBGene00023063.,0,0,0
WBGene00023064.,0,0,0
WBGene00023065.,0,0,0
WBGene00023066.,0,105,105
WBGene00023067.,2929,5168,8097
WBGene00023068.,125197,180943,306140
WBGene00023069.,6,1070,1076
WBGene00023070.,0,0,0
WBGene00023071.,0,0,0
WBGene00023072.,0,0,0
WBGene00023073.,0,0,0
WBGene00023074.,0,0,0
WBGene00023075.,0,0,0
WBGene00023076.,0,0,0
WBGene00023077.,0,0,0
WBGene00023078.,0,0,0
WBGene00023079.,0,0,0
WBGene00023080.,0,0,0
WBGene00023081.,0,0,0
WBGene00023082.,0,0,0
WBGene00023083.,0,52,52
WBGene00023084.,0,7,7
WBGene00023085.,0,0,0
WBGene00023086.,0,0,0
WBGene00023087.,0,1,1
WBGene00023088.,0,0,0
WBGene00023089.,0,0,0
WBGene00023090.,0,0,0
WBGene00023091.,0,0,0
WBGene00023092.,0,0,0
WBGene00023093.,0,0,0
WBGene00023094.,0,0,0
WBGene00023095.,0,0,0
WBGene00023096.,0,0,0
WBGene00023097.,0,0,0
WBGene00023098.,0,0,0
WBGene00023099.,0,0,0
WBGene00023100.,0,0,0
WBGene00023101.,0,0,0
WBGene00023102.,0,0,0
WBGene00023103.,0,0,0
WBGene00023104.,47,62,109
WBGene00023105.,0,0,0
WBGene00023106.,0,0,0
WBGene00023107.,0,0,0
WBGene00023108.,0,0,0
WBGene00023109.,0,0,0
WBGene00023110.,0,0,0
WBGene00023111.,0,0,0
WBGene00023112.,0,0,0
WBGene00023113.,0,0,0
WBGene00023115.,0,0,0
WBGene00023116.,0,1,1
WBGene00023117.,0,0,0
WBGene00023118.,0,1,1
WBGene00023119.,0,0,0
WBGene00023120.,0,0,0
WBGene00023121.,0,0,0
WBGene00023122.,0,0,0
WBGene00023123.,0,0,0
WBGene00023124.,0,0,0
WBGene00023125.,0,0,0
WBGene00023126.,0,0,0
WBGene00023127.,0,0,0
WBGene00023128.,0,0,0
WBGene00023129.,0,0,0
WBGene00023130.,0,0,0
WBGene00023131.,0,0,0
WBGene00023132.,0,0,0
WBGene00023133.,0,0,0
WBGene00023134.,0,0,0
WBGene00023135.,0,0,0
WBGene00023136.,0,0,0
WBGene00023137.,0,0,0
WBGene00023138.,0,0,0
WBGene00023139.,0,0,0
WBGene00023140.,0,0,0
WBGene00023141.,0,0,0
WBGene00023142.,0,0,0
WBGene00023143.,0,0,0
WBGene00023144.,0,0,0
WBGene00023145.,0,0,0
WBGene00023146.,0,0,0
WBGene00023147.,0,0,0
WBGene00023148.,0,0,0
WBGene00023149.,0,0,0
WBGene00023150.,0,0,0
WBGene00023151.,0,0,0
WBGene00023152.,0,0,0
WBGene00023153.,0,0,0
WBGene00023154.,0,0,0
WBGene00023155.,0,0,0
WBGene00023156.,0,0,0
WBGene00023157.,0,0,0
WBGene00023158.,0,0,0
WBGene00023159.,0,0,0
WBGene00023160.,0,0,0
WBGene00023161.,0,0,0
WBGene00023162.,0,0,0
WBGene00023163.,0,1,1
WBGene00023164.,0,0,0
WBGene00023165.,0,0,0
WBGene00023166.,0,0,0
WBGene00023167.,0,0,0
WBGene00023168.,0,0,0
WBGene00023169.,0,0,0
WBGene00023170.,0,0,0
WBGene00023171.,0,0,0
WBGene00023172.,18,56,74
WBGene00023173.,0,0,0
WBGene00023174.,0,0,0
WBGene00023175.,0,0,0
WBGene00023176.,0,0,0
WBGene00023177.,0,0,0
WBGene00023178.,0,0,0
WBGene00023179.,0,0,0
WBGene00023180.,0,0,0
WBGene00023181.,0,0,0
WBGene00023182.,0,0,0
WBGene00023183.,0,19,19
WBGene00023184.,0,0,0
WBGene00023185.,0,0,0
WBGene00023186.,0,0,0
WBGene00023187.,0,0,0
WBGene00023188.,0,0,0
WBGene00023189.,0,0,0
WBGene00023190.,0,0,0
WBGene00023191.,13,15,28
WBGene00023192.,0,0,0
WBGene00023193.,0,36,36
WBGene00023194.,0,0,0
WBGene00023195.,0,0,0
WBGene00023196.,0,0,0
WBGene00023197.,0,0,0
WBGene00023198.,0,0,0
WBGene00023199.,0,0,0
WBGene00023200.,0,0,0
WBGene00023201.,0,0,0
WBGene00023202.,0,0,0
WBGene00023203.,0,0,0
WBGene00023204.,0,0,0
WBGene00023205.,0,35,35
WBGene00023206.,0,0,0
WBGene00023207.,0,0,0
WBGene00023208.,0,0,0
WBGene00023209.,57,13515,13572
WBGene00023210.,0,0,0
WBGene00023211.,0,0,0
WBGene00023212.,0,0,0
WBGene00023213.,0,0,0
WBGene00023214.,0,0,0
WBGene00023215.,0,0,0
WBGene00023216.,0,0,0
WBGene00023217.,0,0,0
WBGene00023218.,0,0,0
WBGene00023219.,0,0,0
WBGene00023220.,0,0,0
WBGene00023221.,0,0,0
WBGene00023222.,0,0,0
WBGene00023223.,30,17,47
WBGene00023224.,1,0,1
WBGene00023225.,1,1,2
WBGene00023226.,1,2,3
WBGene00023227.,0,0,0
WBGene00023228.,0,0,0
WBGene00023229.,0,0,0
WBGene00023230.,0,0,0
WBGene00023231.,0,0,0
WBGene00023232.,0,0,0
WBGene00023233.,0,0,0
WBGene00023234.,0,0,0
WBGene00023235.,2,2,4
WBGene00023236.,0,0,0
WBGene00023237.,0,3,3
WBGene00023238.,0,0,0
WBGene00023239.,4,9,13
WBGene00023240.,0,1,1
WBGene00023241.,0,1,1
WBGene00023242.,0,0,0
WBGene00023243.,1,0,1
WBGene00023244.,5,5,10
WBGene00023245.,8,154,162
WBGene00023246.,0,40,40
WBGene00023247.,1,2,3
WBGene00023248.,1,5,6
WBGene00023249.,0,3,3
WBGene00023250.,0,0,0
WBGene00023251.,0,0,0
WBGene00023252.,0,43,43
WBGene00023253.,0,0,0
WBGene00023254.,0,0,0
WBGene00023255.,0,0,0
WBGene00023256.,0,0,0
WBGene00023257.,0,0,0
WBGene00023259.,2,2,4
WBGene00023260.,0,0,0
WBGene00023262.,0,2,2
WBGene00023263.,0,7903,7903
WBGene00023264.,35,7,42
WBGene00023265.,1,0,1
WBGene00023266.,0,0,0
WBGene00023267.,0,0,0
WBGene00023268.,0,2,2
WBGene00023269.,0,0,0
WBGene00023270.,3,7,10
WBGene00023271.,0,2,2
WBGene00023272.,0,0,0
WBGene00023273.,1,2,3
WBGene00023274.,2,0,2
WBGene00023275.,0,0,0
WBGene00023276.,0,24,24
WBGene00023277.,0,21,21
WBGene00023278.,1,1,2
WBGene00023279.,0,6,6
WBGene00023281.,5,20,25
WBGene00023282.,0,10,10
WBGene00023283.,0,0,0
WBGene00023284.,1,231,232
WBGene00023285.,0,9,9
WBGene00023287.,0,6,6
WBGene00023288.,0,7,7
WBGene00023289.,0,0,0
WBGene00023290.,0,0,0
WBGene00023291.,0,0,0
WBGene00023293.,0,3,3
WBGene00023294.,0,6,6
WBGene00023295.,0,0,0
WBGene00023296.,0,0,0
WBGene00023297.,0,0,0
WBGene00023298.,0,0,0
WBGene00023299.,0,0,0
WBGene00023300.,0,0,0
WBGene00023301.,2,3,5
WBGene00023302.,4,284,288
WBGene00023303.,6,7,13
WBGene00023304.,0,0,0
WBGene00023305.,0,0,0
WBGene00023306.,0,1,1
WBGene00023307.,0,0,0
WBGene00023308.,22,0,22
WBGene00023309.,0,0,0
WBGene00023310.,0,0,0
WBGene00023311.,0,0,0
WBGene00023312.,0,0,0
WBGene00023313.,0,0,0
WBGene00023314.,0,36,36
WBGene00023315.,0,0,0
WBGene00023316.,0,3,3
WBGene00023317.,1,0,1
WBGene00023318.,10,93,103
WBGene00023319.,0,21,21
WBGene00023320.,0,1,1
WBGene00023321.,0,0,0
WBGene00023322.,0,0,0
WBGene00023323.,18,205,223
WBGene00023324.,0,0,0
WBGene00023325.,1,5,6
WBGene00023326.,0,7,7
WBGene00023327.,0,0,0
WBGene00023328.,0,0,0
WBGene00023329.,0,0,0
WBGene00023330.,7,1,8
WBGene00023331.,0,8,8
WBGene00023332.,0,0,0
WBGene00023333.,0,0,0
WBGene00023334.,0,0,0
WBGene00023335.,1,4,5
WBGene00023336.,0,1,1
WBGene00023337.,1,2,3
WBGene00023338.,0,4,4
WBGene00023339.,1,1,2
WBGene00023340.,0,0,0
WBGene00023341.,0,0,0
WBGene00023342.,0,0,0
WBGene00023343.,0,0,0
WBGene00023344.,0,0,0
WBGene00023345.,0,0,0
WBGene00023346.,0,0,0
WBGene00023348.,1,7,8
WBGene00023349.,0,0,0
WBGene00023351.,0,7,7
WBGene00023352.,0,0,0
WBGene00023353.,0,0,0
WBGene00023354.,0,1,1
WBGene00023355.,249,87,336
WBGene00023356.,0,1,1
WBGene00023357.,0,0,0
WBGene00023358.,0,11,11
WBGene00023359.,0,0,0
WBGene00023360.,0,0,0
WBGene00023361.,0,0,0
WBGene00023362.,0,0,0
WBGene00023363.,0,0,0
WBGene00023364.,0,30,30
WBGene00023365.,0,0,0
WBGene00023366.,0,0,0
WBGene00023367.,0,0,0
WBGene00023368.,0,0,0
WBGene00023369.,0,0,0
WBGene00023370.,0,0,0
WBGene00023371.,0,0,0
WBGene00023372.,0,0,0
WBGene00023373.,0,5,5
WBGene00023375.,0,0,0
WBGene00023376.,0,0,0
WBGene00023377.,0,0,0
WBGene00023378.,0,0,0
WBGene00023379.,0,0,0
WBGene00023380.,0,0,0
WBGene00023381.,0,4,4
WBGene00023382.,0,1,1
WBGene00023383.,0,1,1
WBGene00023384.,0,0,0
WBGene00023385.,0,0,0
WBGene00023386.,0,0,0
WBGene00023387.,0,0,0
WBGene00023388.,0,0,0
WBGene00023389.,0,0,0
WBGene00023390.,0,0,0
WBGene00023391.,0,0,0
WBGene00023392.,0,0,0
WBGene00023393.,0,0,0
WBGene00023394.,0,0,0
WBGene00023395.,3,13,16
WBGene00023396.,0,10,10
WBGene00023397.,0,0,0
WBGene00023398.,0,0,0
WBGene00023399.,0,1,1
WBGene00023400.,0,0,0
WBGene00023401.,0,2301,2301
WBGene00023402.,0,1,1
WBGene00023404.,59,235,294
WBGene00023405.,100,1055,1155
WBGene00023407.,484,12978,13462
WBGene00023408.,111,5346,5457
WBGene00023409.,44,488,532
WBGene00023410.,4,0,4
WBGene00023411.,5,19,24
WBGene00023413.,5,22,27
WBGene00023414.,210,503,713
WBGene00023415.,79,238,317
WBGene00023416.,35,522,557
WBGene00023417.,25,1910,1935
WBGene00023418.,17,1005,1022
WBGene00023419.,18,282,300
WBGene00023420.,3,10,13
WBGene00023421.,60,347,407
WBGene00023422.,89,646,735
WBGene00023423.,33,44,77
WBGene00023424.,2,13,15
WBGene00023425.,1,11,12
WBGene00023427.,45,218,263
WBGene00023428.,0,0,0
WBGene00023429.,0,0,0
WBGene00023430.,0,0,0
WBGene00023431.,147,369,516
WBGene00023432.,133,1256,1389
WBGene00023450.,131,366,497
WBGene00023451.,13,83,96
WBGene00023452.,0,0,0
WBGene00023453.,0,4,4
WBGene00023454.,0,0,0
WBGene00023455.,0,0,0
WBGene00023456.,0,0,0
WBGene00023457.,0,0,0
WBGene00023458.,19,1073,1092
WBGene00023459.,1,1,2
WBGene00023460.,5,18,23
WBGene00023461.,0,0,0
WBGene00023462.,4,4,8
WBGene00023463.,4,0,4
WBGene00023464.,5,0,5
WBGene00023465.,10,13,23
WBGene00023466.,0,0,0
WBGene00023467.,0,0,0
WBGene00023468.,0,0,0
WBGene00023469.,0,0,0
WBGene00023470.,5,7,12
WBGene00023471.,9,4,13
WBGene00023472.,69,687,756
WBGene00023474.,3,0,3
WBGene00023475.,8,2,10
WBGene00023476.,0,5,5
WBGene00023477.,0,10,10
WBGene00023478.,3,6,9
WBGene00023479.,1,0,1
WBGene00023480.,10,20,30
WBGene00023481.,1,1,2
WBGene00023482.,0,0,0
WBGene00023483.,1,3,4
WBGene00023484.,8,2,10
WBGene00023485.,3,937,940
WBGene00023486.,6,145,151
WBGene00023487.,149,3292,3441
WBGene00023488.,10,9,19
WBGene00023489.,414,44,458
WBGene00023490.,30,565,595
WBGene00023491.,163,506,669
WBGene00023492.,12,115,127
WBGene00023493.,1,34,35
WBGene00023497.,85,1076,1161
WBGene00023498.,22,956,978
WBGene00023499.,7,7,14
WBGene00023500.,21,140,161
WBGene00023501.,97,601,698
WBGene00023502.,60,194,254
WBGene00023503.,8,30,38
WBGene00023504.,106,686,792
WBGene00023505.,6,3,9
WBGene00023506.,2,3,5
WBGene00023507.,4,7,11
WBGene00023508.,2,2,4
WBGene00023509.,0,0,0
WBGene00023510.,1,3,4
WBGene00023511.,2,3,5
WBGene00023512.,0,1,1
WBGene00023513.,3,2,5
WBGene00023514.,1,4,5
WBGene00023515.,29,61,90
WBGene00023516.,0,1,1
WBGene00023517.,0,11,11
WBGene00023518.,0,0,0
WBGene00023519.,20,35,55
WBGene00023520.,49,129,178
WBGene00043049.,14,60,74
WBGene00043050.,247,1939,2186
WBGene00043051.,153,672,825
WBGene00043052.,3,2,5
WBGene00043053.,123,62,185
WBGene00043054.,24,270,294
WBGene00043055.,0,0,0
WBGene00043056.,163,309,472
WBGene00043057.,109,585,694
WBGene00043058.,0,0,0
WBGene00043059.,4,1,5
WBGene00043060.,264,1476,1740
WBGene00043061.,13,5,18
WBGene00043062.,12,7,19
WBGene00043064.,20,1752,1772
WBGene00043065.,17,17,34
WBGene00043066.,16,24,40
WBGene00043067.,12,120,132
WBGene00043068.,17,223,240
WBGene00043069.,8,9,17
WBGene00043097.,141,2082,2223
WBGene00043120.,2,31,33
WBGene00043147.,0,12,12
WBGene00043156.,54,146,200
WBGene00043187.,0,1,1
WBGene00043239.,12,0,12
WBGene00043279.,365,999,1364
WBGene00043283.,0,0,0
WBGene00043297.,190,2243,2433
WBGene00043302.,31,228,259
WBGene00043308.,2,199,201
WBGene00043327.,0,0,0
WBGene00043328.,0,0,0
WBGene00043466.,4,3,7
WBGene00043469.,0,0,0
WBGene00043534.,42,56,98
WBGene00043666.,0,2,2
WBGene00043702.,0,78,78
WBGene00043705.,44,263,307
WBGene00043743.,0,1,1
WBGene00043948.,0,0,0
WBGene00043952.,36,43,79
WBGene00043980.,1,3,4
WBGene00043981.,20,26,46
WBGene00043982.,109,1247,1356
WBGene00043983.,29,397,426
WBGene00043984.,0,3,3
WBGene00043985.,14,76,90
WBGene00043986.,5,1,6
WBGene00043987.,0,0,0
WBGene00043988.,79,66,145
WBGene00043989.,0,0,0
WBGene00043990.,0,0,0
WBGene00043991.,0,0,0
WBGene00043992.,52,281,333
WBGene00043993.,2,1,3
WBGene00043994.,41,858,899
WBGene00043995.,148,533,681
WBGene00043996.,88,30,118
WBGene00043997.,61,288,349
WBGene00043998.,13,129,142
WBGene00044000.,9,10,19
WBGene00044001.,40,1427,1467
WBGene00044002.,1,1,2
WBGene00044003.,6,0,6
WBGene00044004.,0,195,195
WBGene00044005.,1,2,3
WBGene00044006.,82,976,1058
WBGene00044007.,117,726,843
WBGene00044008.,140,1224,1364
WBGene00044009.,98,662,760
WBGene00044011.,0,2,2
WBGene00044012.,4,1,5
WBGene00044013.,1,3,4
WBGene00044014.,3,1,4
WBGene00044015.,0,176,176
WBGene00044016.,2,11,13
WBGene00044018.,0,0,0
WBGene00044019.,41,410,451
WBGene00044020.,6,59,65
WBGene00044021.,85,530,615
WBGene00044022.,3,6,9
WBGene00044024.,1,9,10
WBGene00044025.,181,2380,2561
WBGene00044026.,30,1565,1595
WBGene00044027.,1,15,16
WBGene00044028.,19,360,379
WBGene00044029.,61,633,694
WBGene00044030.,14,4,18
WBGene00044031.,0,3,3
WBGene00044032.,6,25,31
WBGene00044034.,1,76,77
WBGene00044035.,23,294,317
WBGene00044036.,0,0,0
WBGene00044037.,0,3,3
WBGene00044038.,29,13,42
WBGene00044040.,0,0,0
WBGene00044041.,27,5,32
WBGene00044042.,0,0,0
WBGene00044043.,0,2,2
WBGene00044044.,0,3,3
WBGene00044045.,50,221,271
WBGene00044046.,0,0,0
WBGene00044047.,0,4,4
WBGene00044048.,12,10,22
WBGene00044049.,600,2924,3524
WBGene00044051.,0,7,7
WBGene00044052.,0,7,7
WBGene00044053.,10,217,227
WBGene00044054.,13,3,16
WBGene00044056.,15,0,15
WBGene00044057.,1,1,2
WBGene00044058.,3,6,9
WBGene00044059.,0,10,10
WBGene00044061.,133,527,660
WBGene00044062.,0,4,4
WBGene00044063.,91,1662,1753
WBGene00044065.,157,300,457
WBGene00044066.,1,28,29
WBGene00044067.,11,219,230
WBGene00044068.,484,3422,3906
WBGene00044069.,35,580,615
WBGene00044070.,95,1067,1162
WBGene00044071.,108,1027,1135
WBGene00044072.,276,1465,1741
WBGene00044073.,11,72,83
WBGene00044074.,18,4,22
WBGene00044077.,145,1908,2053
WBGene00044078.,1902,14720,16622
WBGene00044079.,302,1469,1771
WBGene00044080.,0,6,6
WBGene00044081.,5,6,11
WBGene00044082.,71,1163,1234
WBGene00044083.,0,0,0
WBGene00044084.,7,5,12
WBGene00044085.,1,10,11
WBGene00044086.,0,0,0
WBGene00044087.,8,0,8
WBGene00044088.,3,4,7
WBGene00044089.,1,0,1
WBGene00044090.,2,1,3
WBGene00044091.,9,27,36
WBGene00044092.,8,14,22
WBGene00044093.,3,12,15
WBGene00044094.,40,488,528
WBGene00044095.,5,9,14
WBGene00044096.,1,1,2
WBGene00044097.,0,5,5
WBGene00044099.,0,0,0
WBGene00044100.,3,2,5
WBGene00044101.,3,1,4
WBGene00044102.,1,17,18
WBGene00044103.,0,6,6
WBGene00044104.,18,14,32
WBGene00044105.,0,3,3
WBGene00044106.,0,3,3
WBGene00044107.,4,39,43
WBGene00044109.,0,1,1
WBGene00044112.,4,8,12
WBGene00044113.,2,17,19
WBGene00044114.,4,2,6
WBGene00044115.,3,9,12
WBGene00044116.,5,2,7
WBGene00044117.,3,20,23
WBGene00044119.,1,3,4
WBGene00044120.,43,138,181
WBGene00044121.,4,8,12
WBGene00044122.,34,29,63
WBGene00044124.,4,4,8
WBGene00044125.,22,31,53
WBGene00044126.,1,4,5
WBGene00044127.,0,2,2
WBGene00044128.,0,0,0
WBGene00044129.,0,5,5
WBGene00044130.,0,3,3
WBGene00044131.,0,0,0
WBGene00044132.,23,134,157
WBGene00044133.,3,0,3
WBGene00044134.,50,291,341
WBGene00044135.,18,44,62
WBGene00044136.,4,1,5
WBGene00044137.,0,32,32
WBGene00044138.,18,80,98
WBGene00044139.,8,76,84
WBGene00044140.,1,8,9
WBGene00044141.,0,21,21
WBGene00044142.,11,17,28
WBGene00044143.,264,706,970
WBGene00044144.,12,338,350
WBGene00044145.,0,13,13
WBGene00044146.,2,0,2
WBGene00044147.,0,0,0
WBGene00044148.,0,5,5
WBGene00044149.,0,1,1
WBGene00044150.,10,8,18
WBGene00044151.,46,323,369
WBGene00044152.,7,23,30
WBGene00044153.,28,16,44
WBGene00044154.,10,10,20
WBGene00044155.,69,49,118
WBGene00044156.,4,66,70
WBGene00044157.,2,0,2
WBGene00044158.,8,1,9
WBGene00044159.,2,0,2
WBGene00044160.,4,1,5
WBGene00044161.,5,15,20
WBGene00044162.,1,0,1
WBGene00044163.,2,9,11
WBGene00044164.,0,2,2
WBGene00044166.,11,68,79
WBGene00044167.,47,692,739
WBGene00044168.,2,74,76
WBGene00044169.,5,28,33
WBGene00044170.,1,3,4
WBGene00044171.,0,1,1
WBGene00044174.,0,3,3
WBGene00044175.,4,9,13
WBGene00044176.,56,962,1018
WBGene00044177.,7,7,14
WBGene00044178.,0,0,0
WBGene00044179.,5,3,8
WBGene00044180.,77,131,208
WBGene00044181.,2,11,13
WBGene00044182.,0,16,16
WBGene00044183.,2,0,2
WBGene00044184.,3,16,19
WBGene00044185.,0,0,0
WBGene00044187.,1725,23,1748
WBGene00044188.,67,499,566
WBGene00044189.,2,10,12
WBGene00044191.,146,792,938
WBGene00044192.,0,1,1
WBGene00044193.,0,12,12
WBGene00044194.,0,0,0
WBGene00044195.,0,0,0
WBGene00044196.,0,0,0
WBGene00044197.,1,12,13
WBGene00044198.,0,12,12
WBGene00044199.,3,2,5
WBGene00044200.,78,271,349
WBGene00044201.,0,192,192
WBGene00044202.,4,0,4
WBGene00044203.,0,6,6
WBGene00044204.,32,556,588
WBGene00044205.,4,156,160
WBGene00044206.,43,764,807
WBGene00044207.,1,0,1
WBGene00044208.,2,1,3
WBGene00044209.,7,71,78
WBGene00044210.,114,834,948
WBGene00044211.,5,16,21
WBGene00044212.,3,4,7
WBGene00044213.,6,60,66
WBGene00044215.,1,0,1
WBGene00044216.,1,3,4
WBGene00044217.,0,14,14
WBGene00044218.,8,247,255
WBGene00044219.,0,0,0
WBGene00044220.,2,21,23
WBGene00044221.,21,458,479
WBGene00044222.,0,30,30
WBGene00044224.,16,11,27
WBGene00044225.,0,5,5
WBGene00044226.,0,3,3
WBGene00044227.,10,7,17
WBGene00044228.,19,27,46
WBGene00044229.,14,7,21
WBGene00044230.,3,3,6
WBGene00044232.,16,3,19
WBGene00044233.,45,169,214
WBGene00044235.,0,2,2
WBGene00044236.,3,670,673
WBGene00044237.,8,5,13
WBGene00044238.,26,133,159
WBGene00044239.,25,815,840
WBGene00044240.,2,9,11
WBGene00044241.,9,63,72
WBGene00044242.,0,0,0
WBGene00044243.,2,11,13
WBGene00044244.,1,1,2
WBGene00044245.,0,27,27
WBGene00044246.,0,2,2
WBGene00044247.,4,3,7
WBGene00044249.,14,24,38
WBGene00044250.,6,13,19
WBGene00044251.,27,241,268
WBGene00044253.,18,446,464
WBGene00044256.,1,5,6
WBGene00044257.,9,21,30
WBGene00044258.,49,86,135
WBGene00044259.,0,3,3
WBGene00044260.,49,1724,1773
WBGene00044261.,8,12,20
WBGene00044262.,37,38,75
WBGene00044263.,0,3,3
WBGene00044264.,1,5,6
WBGene00044265.,23,193,216
WBGene00044266.,0,8,8
WBGene00044267.,2,2,4
WBGene00044268.,14,14,28
WBGene00044270.,3,5,8
WBGene00044271.,0,1,1
WBGene00044272.,0,0,0
WBGene00044273.,0,0,0
WBGene00044274.,0,0,0
WBGene00044275.,0,0,0
WBGene00044276.,0,0,0
WBGene00044277.,0,0,0
WBGene00044278.,0,0,0
WBGene00044279.,0,14,14
WBGene00044280.,1042,647,1689
WBGene00044281.,5,15,20
WBGene00044282.,2,2,4
WBGene00044283.,1000,3211,4211
WBGene00044284.,0,4,4
WBGene00044285.,1,0,1
WBGene00044286.,2,1,3
WBGene00044287.,2,3,5
WBGene00044288.,5,17,22
WBGene00044289.,159,4875,5034
WBGene00044290.,451,516,967
WBGene00044291.,54,415,469
WBGene00044292.,6,49,55
WBGene00044293.,4,8,12
WBGene00044294.,131,457,588
WBGene00044295.,5,65,70
WBGene00044296.,4,102,106
WBGene00044297.,21,82,103
WBGene00044298.,0,0,0
WBGene00044299.,2,22,24
WBGene00044300.,6,13,19
WBGene00044301.,941,11390,12331
WBGene00044302.,0,22,22
WBGene00044303.,46,269,315
WBGene00044304.,121,322,443
WBGene00044305.,36,794,830
WBGene00044306.,2,2,4
WBGene00044307.,0,1,1
WBGene00044308.,21,36,57
WBGene00044309.,1,3,4
WBGene00044310.,47,229,276
WBGene00044311.,16,225,241
WBGene00044312.,37,107,144
WBGene00044313.,12,74,86
WBGene00044314.,0,1,1
WBGene00044315.,0,6,6
WBGene00044316.,299,1717,2016
WBGene00044317.,1,32,33
WBGene00044318.,58,1830,1888
WBGene00044319.,5,396,401
WBGene00044321.,148,993,1141
WBGene00044322.,30,831,861
WBGene00044323.,48,568,616
WBGene00044324.,5,1357,1362
WBGene00044325.,41,614,655
WBGene00044326.,203,1793,1996
WBGene00044329.,89,1065,1154
WBGene00044330.,11,331,342
WBGene00044331.,2,13,15
WBGene00044332.,0,23,23
WBGene00044333.,2,0,2
WBGene00044337.,0,0,0
WBGene00044338.,4,480,484
WBGene00044339.,0,20,20
WBGene00044340.,0,1,1
WBGene00044341.,82,596,678
WBGene00044342.,116,302,418
WBGene00044343.,1,9,10
WBGene00044344.,41,602,643
WBGene00044345.,51,383,434
WBGene00044346.,1,2,3
WBGene00044347.,16,8,24
WBGene00044348.,341,258,599
WBGene00044349.,32,76,108
WBGene00044350.,266,935,1201
WBGene00044352.,2,4,6
WBGene00044353.,8,37,45
WBGene00044354.,10,111,121
WBGene00044355.,9,110,119
WBGene00044356.,0,2,2
WBGene00044357.,0,0,0
WBGene00044358.,9,6,15
WBGene00044359.,1,37,38
WBGene00044360.,0,1,1
WBGene00044361.,0,3,3
WBGene00044362.,0,1,1
WBGene00044363.,11,97,108
WBGene00044364.,0,3,3
WBGene00044365.,0,7,7
WBGene00044366.,0,4,4
WBGene00044367.,10,137,147
WBGene00044368.,78,17,95
WBGene00044369.,2,0,2
WBGene00044370.,0,0,0
WBGene00044371.,0,2,2
WBGene00044372.,0,1,1
WBGene00044373.,14,340,354
WBGene00044374.,2,10,12
WBGene00044375.,0,0,0
WBGene00044376.,0,12,12
WBGene00044377.,0,2,2
WBGene00044378.,0,8,8
WBGene00044379.,0,1,1
WBGene00044380.,1,19,20
WBGene00044381.,2,3,5
WBGene00044382.,4,27,31
WBGene00044383.,1,4,5
WBGene00044384.,33,1,34
WBGene00044385.,3,6,9
WBGene00044386.,4,42,46
WBGene00044387.,120,1679,1799
WBGene00044388.,0,0,0
WBGene00044389.,505,7215,7720
WBGene00044390.,7,25,32
WBGene00044391.,52,71,123
WBGene00044392.,12,54,66
WBGene00044393.,0,1,1
WBGene00044394.,1,16,17
WBGene00044395.,5,18,23
WBGene00044396.,30,592,622
WBGene00044397.,0,11,11
WBGene00044398.,0,1,1
WBGene00044399.,1,3,4
WBGene00044401.,160,1416,1576
WBGene00044402.,16,8,24
WBGene00044403.,38,104,142
WBGene00044405.,1,3,4
WBGene00044406.,15,254,269
WBGene00044409.,25,89,114
WBGene00044410.,51,250,301
WBGene00044411.,117,743,860
WBGene00044412.,22,647,669
WBGene00044413.,461,200,661
WBGene00044414.,10,49,59
WBGene00044415.,0,0,0
WBGene00044416.,0,2,2
WBGene00044417.,0,8,8
WBGene00044418.,387,2265,2652
WBGene00044419.,8,0,8
WBGene00044420.,19,495,514
WBGene00044421.,115,524,639
WBGene00044423.,19,66,85
WBGene00044424.,2,6,8
WBGene00044425.,0,2,2
WBGene00044427.,7,25,32
WBGene00044428.,14,7,21
WBGene00044429.,13,0,13
WBGene00044430.,3,2,5
WBGene00044431.,225,1364,1589
WBGene00044432.,3,10,13
WBGene00044433.,174,1585,1759
WBGene00044434.,5,3,8
WBGene00044435.,0,34,34
WBGene00044436.,14,195,209
WBGene00044437.,52,76,128
WBGene00044438.,167,373,540
WBGene00044439.,0,3,3
WBGene00044440.,133,271,404
WBGene00044441.,0,9,9
WBGene00044442.,28,1498,1526
WBGene00044443.,233,5549,5782
WBGene00044444.,6,5,11
WBGene00044445.,128,736,864
WBGene00044446.,4,3,7
WBGene00044447.,2,2,4
WBGene00044448.,0,2,2
WBGene00044449.,0,1,1
WBGene00044450.,0,1,1
WBGene00044451.,0,0,0
WBGene00044452.,111,998,1109
WBGene00044453.,2,12,14
WBGene00044454.,0,1,1
WBGene00044455.,8,23,31
WBGene00044457.,9,44,53
WBGene00044458.,0,1,1
WBGene00044459.,62,123,185
WBGene00044460.,2,17,19
WBGene00044461.,38,13,51
WBGene00044462.,50,150,200
WBGene00044463.,16,45,61
WBGene00044464.,77,217,294
WBGene00044466.,20,505,525
WBGene00044467.,408,1387,1795
WBGene00044468.,51,975,1026
WBGene00044469.,1,1,2
WBGene00044470.,3,20,23
WBGene00044471.,57,1068,1125
WBGene00044472.,6,125,131
WBGene00044473.,0,0,0
WBGene00044474.,0,1,1
WBGene00044475.,0,0,0
WBGene00044476.,0,0,0
WBGene00044477.,34,249,283
WBGene00044478.,7,298,305
WBGene00044479.,40,451,491
WBGene00044480.,6,4,10
WBGene00044481.,42,309,351
WBGene00044482.,54,357,411
WBGene00044483.,4,557,561
WBGene00044484.,80,448,528
WBGene00044485.,93,617,710
WBGene00044486.,5,24,29
WBGene00044487.,29,160,189
WBGene00044488.,11,12,23
WBGene00044489.,0,17,17
WBGene00044490.,0,9,9
WBGene00044491.,3,3,6
WBGene00044492.,20,19,39
WBGene00044493.,22,397,419
WBGene00044495.,50,127,177
WBGene00044498.,0,2,2
WBGene00044499.,0,11,11
WBGene00044500.,122,796,918
WBGene00044501.,51,1,52
WBGene00044502.,9,61,70
WBGene00044503.,0,5,5
WBGene00044504.,17,100,117
WBGene00044505.,23,8,31
WBGene00044508.,227,1866,2093
WBGene00044509.,22,968,990
WBGene00044510.,38,130,168
WBGene00044511.,9,46,55
WBGene00044512.,45,385,430
WBGene00044513.,164,959,1123
WBGene00044514.,167,4240,4407
WBGene00044515.,4,32,36
WBGene00044516.,2,1,3
WBGene00044517.,130,219,349
WBGene00044518.,0,1,1
WBGene00044519.,2,0,2
WBGene00044520.,0,15,15
WBGene00044521.,0,11,11
WBGene00044523.,1,2,3
WBGene00044524.,0,3,3
WBGene00044525.,17,99,116
WBGene00044526.,15,140,155
WBGene00044527.,22,113,135
WBGene00044528.,86,79,165
WBGene00044529.,34,51,85
WBGene00044530.,5,45,50
WBGene00044531.,33,5,38
WBGene00044533.,1,28,29
WBGene00044534.,15,77,92
WBGene00044535.,0,6,6
WBGene00044536.,250,5933,6183
WBGene00044537.,0,0,0
WBGene00044538.,2,7,9
WBGene00044539.,3,23,26
WBGene00044541.,0,20,20
WBGene00044542.,31,12,43
WBGene00044543.,1,0,1
WBGene00044544.,325,578,903
WBGene00044545.,3,2,5
WBGene00044546.,5,10,15
WBGene00044547.,0,207,207
WBGene00044548.,0,1,1
WBGene00044549.,4,1,5
WBGene00044550.,11,1,12
WBGene00044551.,6,26,32
WBGene00044552.,1,14,15
WBGene00044553.,34,2896,2930
WBGene00044554.,11,40,51
WBGene00044556.,13,242,255
WBGene00044557.,29,97,126
WBGene00044558.,0,1,1
WBGene00044559.,3,61,64
WBGene00044560.,7,7,14
WBGene00044561.,2,0,2
WBGene00044562.,0,51,51
WBGene00044563.,13,4,17
WBGene00044564.,6,2,8
WBGene00044565.,0,1,1
WBGene00044567.,5,2,7
WBGene00044568.,171,1122,1293
WBGene00044569.,2,11,13
WBGene00044570.,604,189,793
WBGene00044571.,73,12,85
WBGene00044573.,4,7,11
WBGene00044574.,19,10,29
WBGene00044575.,6,1,7
WBGene00044577.,0,0,0
WBGene00044578.,1,15,16
WBGene00044579.,0,1,1
WBGene00044580.,1,0,1
WBGene00044581.,0,0,0
WBGene00044582.,7,88,95
WBGene00044583.,0,1,1
WBGene00044584.,34,58,92
WBGene00044585.,4,6,10
WBGene00044586.,1,24,25
WBGene00044587.,3,7,10
WBGene00044588.,28,136,164
WBGene00044589.,2,7,9
WBGene00044602.,4,4,8
WBGene00044603.,36,160,196
WBGene00044604.,29,545,574
WBGene00044605.,306,2365,2671
WBGene00044606.,0,0,0
WBGene00044607.,38,195,233
WBGene00044608.,17,486,503
WBGene00044609.,238,349,587
WBGene00044610.,0,10,10
WBGene00044611.,33,144,177
WBGene00044612.,30,601,631
WBGene00044614.,47,579,626
WBGene00044615.,65,500,565
WBGene00044616.,0,5,5
WBGene00044617.,8,70,78
WBGene00044618.,21,155,176
WBGene00044620.,9,27,36
WBGene00044621.,1,44,45
WBGene00044623.,3,29,32
WBGene00044630.,32,51,83
WBGene00044631.,7,69,76
WBGene00044632.,8,16,24
WBGene00044633.,5,13,18
WBGene00044634.,0,0,0
WBGene00044636.,422,5621,6043
WBGene00044637.,46,79,125
WBGene00044638.,0,313,313
WBGene00044639.,4,0,4
WBGene00044640.,649,4782,5431
WBGene00044641.,58,16,74
WBGene00044642.,4,2,6
WBGene00044643.,12,1333,1345
WBGene00044644.,40,383,423
WBGene00044645.,13,27,40
WBGene00044646.,27,72,99
WBGene00044648.,35,465,500
WBGene00044649.,35,8,43
WBGene00044650.,857,3319,4176
WBGene00044651.,325,416,741
WBGene00044653.,2,11,13
WBGene00044654.,10,43,53
WBGene00044655.,4,6,10
WBGene00044657.,0,0,0
WBGene00044658.,0,9,9
WBGene00044659.,0,11,11
WBGene00044660.,17,94,111
WBGene00044661.,11,41,52
WBGene00044662.,3,6,9
WBGene00044663.,0,18,18
WBGene00044664.,4,4,8
WBGene00044665.,2,4,6
WBGene00044666.,70,1029,1099
WBGene00044667.,4,42,46
WBGene00044668.,0,1,1
WBGene00044670.,75,7,82
WBGene00044672.,10,120,130
WBGene00044673.,1,0,1
WBGene00044674.,2,3,5
WBGene00044675.,27,313,340
WBGene00044676.,0,17,17
WBGene00044677.,610,1106,1716
WBGene00044678.,2,32,34
WBGene00044679.,19,307,326
WBGene00044680.,3,3,6
WBGene00044681.,163,1049,1212
WBGene00044683.,2,1,3
WBGene00044684.,5,8,13
WBGene00044686.,65,1630,1695
WBGene00044687.,5,13,18
WBGene00044689.,264,955,1219
WBGene00044690.,40,268,308
WBGene00044691.,0,0,0
WBGene00044692.,5,6,11
WBGene00044693.,0,2,2
WBGene00044694.,0,3,3
WBGene00044695.,0,1,1
WBGene00044696.,157,1188,1345
WBGene00044697.,20,125,145
WBGene00044698.,89,2585,2674
WBGene00044699.,17,248,265
WBGene00044700.,23,44,67
WBGene00044701.,114,473,587
WBGene00044702.,2,3,5
WBGene00044703.,3,0,3
WBGene00044704.,0,7,7
WBGene00044705.,33,157,190
WBGene00044706.,5,4,9
WBGene00044707.,4,1,5
WBGene00044708.,11,1,12
WBGene00044709.,0,0,0
WBGene00044710.,0,0,0
WBGene00044711.,2,3,5
WBGene00044712.,1,4,5
WBGene00044713.,0,1,1
WBGene00044714.,2,3,5
WBGene00044716.,0,2,2
WBGene00044718.,0,1,1
WBGene00044719.,1,5,6
WBGene00044720.,0,30,30
WBGene00044722.,2,0,2
WBGene00044723.,4,4,8
WBGene00044724.,0,5,5
WBGene00044725.,42,604,646
WBGene00044726.,12,8,20
WBGene00044727.,0,0,0
WBGene00044728.,0,41811,41811
WBGene00044729.,0,4,4
WBGene00044732.,5,67,72
WBGene00044733.,1,2,3
WBGene00044734.,0,0,0
WBGene00044735.,0,0,0
WBGene00044736.,98,819,917
WBGene00044737.,861,6593,7454
WBGene00044738.,11,7,18
WBGene00044739.,0,1,1
WBGene00044741.,3,15,18
WBGene00044742.,0,15,15
WBGene00044743.,97,836,933
WBGene00044744.,9,52,61
WBGene00044745.,59,237,296
WBGene00044746.,0,1010,1010
WBGene00044747.,0,0,0
WBGene00044748.,0,0,0
WBGene00044749.,0,0,0
WBGene00044750.,0,0,0
WBGene00044751.,0,0,0
WBGene00044752.,0,4,4
WBGene00044753.,13,19,32
WBGene00044754.,7,1,8
WBGene00044755.,0,1,1
WBGene00044756.,27,127,154
WBGene00044757.,32,454,486
WBGene00044758.,19,112,131
WBGene00044759.,1,20,21
WBGene00044760.,1,7,8
WBGene00044761.,24,161,185
WBGene00044762.,92,2177,2269
WBGene00044763.,11,12,23
WBGene00044764.,35,93,128
WBGene00044767.,10,186,196
WBGene00044768.,11,2,13
WBGene00044769.,1,0,1
WBGene00044770.,10,108,118
WBGene00044771.,76,356,432
WBGene00044772.,60,201,261
WBGene00044773.,5,8,13
WBGene00044774.,211,1179,1390
WBGene00044775.,0,1,1
WBGene00044776.,18,91,109
WBGene00044777.,2,1,3
WBGene00044778.,0,0,0
WBGene00044779.,226,1638,1864
WBGene00044780.,13,21,34
WBGene00044781.,0,3,3
WBGene00044782.,0,0,0
WBGene00044783.,1,9,10
WBGene00044784.,37,2190,2227
WBGene00044786.,2,0,2
WBGene00044787.,0,2,2
WBGene00044788.,19,32,51
WBGene00044789.,10,265,275
WBGene00044790.,29,315,344
WBGene00044791.,1,4,5
WBGene00044792.,33,167,200
WBGene00044794.,0,0,0
WBGene00044795.,28,271,299
WBGene00044796.,7,9,16
WBGene00044797.,0,32,32
WBGene00044798.,11,1,12
WBGene00044799.,0,56,56
WBGene00044800.,0,1,1
WBGene00044801.,0,0,0
WBGene00044802.,0,0,0
WBGene00044803.,30,75,105
WBGene00044804.,1,3,4
WBGene00044805.,0,2,2
WBGene00044806.,0,4,4
WBGene00044807.,0,14,14
WBGene00044808.,0,1,1
WBGene00044809.,0,0,0
WBGene00044810.,0,1,1
WBGene00044811.,46,545,591
WBGene00044889.,0,0,0
WBGene00044891.,245,1793,2038
WBGene00044892.,0,0,0
WBGene00044894.,26,222,248
WBGene00044895.,38,33,71
WBGene00044896.,3,1,4
WBGene00044897.,1,9,10
WBGene00044898.,26,14,40
WBGene00044900.,303,3291,3594
WBGene00044901.,1,129,130
WBGene00044902.,0,0,0
WBGene00044903.,70,182,252
WBGene00044905.,2,4,6
WBGene00044906.,6,44,50
WBGene00044907.,13,15,28
WBGene00044908.,13,17,30
WBGene00044909.,1,13,14
WBGene00044911.,11,4,15
WBGene00044912.,7,0,7
WBGene00044914.,0,5,5
WBGene00044916.,119,1349,1468
WBGene00044917.,4,19,23
WBGene00044920.,16,135,151
WBGene00044921.,757,18236,18993
WBGene00044922.,74,1296,1370
WBGene00044923.,0,0,0
WBGene00044924.,147,655,802
WBGene00044925.,0,0,0
WBGene00044926.,0,2,2
WBGene00044927.,0,20,20
WBGene00044928.,0,0,0
WBGene00044929.,0,0,0
WBGene00044930.,0,2,2
WBGene00044931.,0,0,0
WBGene00044932.,0,0,0
WBGene00044933.,0,42,42
WBGene00044934.,0,63,63
WBGene00044935.,0,0,0
WBGene00044936.,0,0,0
WBGene00044937.,0,0,0
WBGene00044938.,0,5,5
WBGene00044939.,0,0,0
WBGene00044940.,0,0,0
WBGene00044941.,0,0,0
WBGene00044942.,0,0,0
WBGene00044943.,0,0,0
WBGene00044944.,0,0,0
WBGene00044945.,0,0,0
WBGene00044946.,0,0,0
WBGene00044947.,0,5,5
WBGene00044948.,0,0,0
WBGene00044949.,64,721,785
WBGene00044951.,0,0,0
WBGene00044952.,0,0,0
WBGene00044953.,2,0,2
WBGene00044954.,0,0,0
WBGene00044955.,0,0,0
WBGene00044956.,0,0,0
WBGene00044957.,0,0,0
WBGene00044958.,0,0,0
WBGene00044960.,0,170,170
WBGene00044961.,0,3,3
WBGene00044962.,0,0,0
WBGene00044963.,0,0,0
WBGene00044964.,0,0,0
WBGene00044965.,0,0,0
WBGene00044966.,0,0,0
WBGene00044967.,0,3,3
WBGene00044968.,0,0,0
WBGene00044969.,0,0,0
WBGene00044970.,0,0,0
WBGene00044971.,0,1,1
WBGene00044972.,0,0,0
WBGene00044973.,0,2,2
WBGene00044974.,0,0,0
WBGene00044975.,0,4,4
WBGene00044976.,5,25,30
WBGene00044977.,337,4315,4652
WBGene00044978.,0,4,4
WBGene00044979.,6,10,16
WBGene00044980.,0,0,0
WBGene00044981.,0,0,0
WBGene00044982.,0,0,0
WBGene00044983.,0,0,0
WBGene00044984.,0,0,0
WBGene00044985.,0,0,0
WBGene00044986.,0,0,0
WBGene00044987.,112,562,674
WBGene00044988.,0,5,5
WBGene00044989.,397,1191,1588
WBGene00044990.,48,445,493
WBGene00044991.,9,116,125
WBGene00044995.,0,0,0
WBGene00044997.,0,17,17
WBGene00044998.,0,0,0
WBGene00045000.,0,2,2
WBGene00045002.,0,1,1
WBGene00045003.,0,0,0
WBGene00045006.,0,0,0
WBGene00045007.,0,0,0
WBGene00045009.,0,2,2
WBGene00045011.,0,0,0
WBGene00045012.,0,2,2
WBGene00045013.,3,448,451
WBGene00045016.,0,2,2
WBGene00045017.,0,1,1
WBGene00045018.,0,5,5
WBGene00045019.,0,0,0
WBGene00045022.,0,0,0
WBGene00045024.,14,10,24
WBGene00045025.,4,1,5
WBGene00045026.,2,0,2
WBGene00045027.,0,5,5
WBGene00045028.,2,3,5
WBGene00045029.,0,2,2
WBGene00045036.,10,53,63
WBGene00045037.,1,0,1
WBGene00045038.,0,0,0
WBGene00045040.,0,2,2
WBGene00045043.,141,2,143
WBGene00045045.,7,5,12
WBGene00045046.,0,0,0
WBGene00045048.,0,28,28
WBGene00045050.,4,63,67
WBGene00045051.,0,0,0
WBGene00045052.,21,168,189
WBGene00045053.,16,47,63
WBGene00045055.,0,0,0
WBGene00045056.,71,767,838
WBGene00045057.,0,0,0
WBGene00045058.,21,108,129
WBGene00045059.,5,5,10
WBGene00045060.,2,3,5
WBGene00045061.,0,1,1
WBGene00045062.,0,77,77
WBGene00045063.,148,245,393
WBGene00045065.,0,0,0
WBGene00045066.,17,0,17
WBGene00045067.,1,18,19
WBGene00045068.,0,1,1
WBGene00045069.,0,2,2
WBGene00045071.,0,0,0
WBGene00045072.,0,0,0
WBGene00045074.,0,0,0
WBGene00045075.,0,4,4
WBGene00045076.,1,12,13
WBGene00045077.,36,337,373
WBGene00045078.,30,188,218
WBGene00045082.,0,0,0
WBGene00045083.,0,19,19
WBGene00045084.,0,0,0
WBGene00045085.,0,0,0
WBGene00045086.,0,0,0
WBGene00045087.,0,0,0
WBGene00045088.,0,0,0
WBGene00045089.,0,10,10
WBGene00045090.,0,0,0
WBGene00045091.,0,4,4
WBGene00045092.,0,0,0
WBGene00045093.,0,217,217
WBGene00045094.,0,0,0
WBGene00045095.,0,222,222
WBGene00045096.,0,451,451
WBGene00045097.,15,42,57
WBGene00045098.,0,0,0
WBGene00045099.,0,2,2
WBGene00045100.,0,0,0
WBGene00045101.,2,15,17
WBGene00045102.,0,0,0
WBGene00045103.,3,2,5
WBGene00045104.,0,5,5
WBGene00045105.,0,2,2
WBGene00045106.,0,0,0
WBGene00045107.,0,0,0
WBGene00045108.,4,2,6
WBGene00045109.,0,0,0
WBGene00045110.,0,0,0
WBGene00045111.,0,0,0
WBGene00045112.,0,0,0
WBGene00045113.,0,0,0
WBGene00045114.,0,19,19
WBGene00045115.,0,0,0
WBGene00045116.,0,0,0
WBGene00045117.,0,4,4
WBGene00045118.,0,161,161
WBGene00045119.,0,14,14
WBGene00045120.,0,0,0
WBGene00045121.,0,59,59
WBGene00045122.,8,1,9
WBGene00045123.,0,11,11
WBGene00045124.,0,46,46
WBGene00045125.,0,0,0
WBGene00045126.,0,0,0
WBGene00045127.,0,5,5
WBGene00045128.,2,0,2
WBGene00045129.,0,326,326
WBGene00045130.,0,0,0
WBGene00045131.,0,0,0
WBGene00045132.,0,3139,3139
WBGene00045133.,0,5,5
WBGene00045134.,0,0,0
WBGene00045136.,0,0,0
WBGene00045137.,0,0,0
WBGene00045138.,0,0,0
WBGene00045139.,0,0,0
WBGene00045140.,0,14,14
WBGene00045141.,0,15,15
WBGene00045142.,0,147,147
WBGene00045143.,0,1,1
WBGene00045144.,10,0,10
WBGene00045145.,0,0,0
WBGene00045146.,48,299,347
WBGene00045147.,0,134,134
WBGene00045148.,0,0,0
WBGene00045149.,0,3,3
WBGene00045150.,0,21,21
WBGene00045151.,0,0,0
WBGene00045152.,0,0,0
WBGene00045153.,0,0,0
WBGene00045154.,0,0,0
WBGene00045155.,0,0,0
WBGene00045156.,0,70,70
WBGene00045157.,0,112,112
WBGene00045158.,0,0,0
WBGene00045159.,0,26,26
WBGene00045160.,0,3,3
WBGene00045161.,0,0,0
WBGene00045162.,0,21,21
WBGene00045163.,0,27,27
WBGene00045164.,0,16,16
WBGene00045165.,0,0,0
WBGene00045167.,0,10,10
WBGene00045168.,0,0,0
WBGene00045169.,0,0,0
WBGene00045170.,0,0,0
WBGene00045171.,0,424,424
WBGene00045172.,0,0,0
WBGene00045174.,0,0,0
WBGene00045175.,0,307,307
WBGene00045176.,0,43,43
WBGene00045177.,6,12,18
WBGene00045178.,1,37,38
WBGene00045179.,0,0,0
WBGene00045180.,1,2,3
WBGene00045182.,0,0,0
WBGene00045183.,21,408,429
WBGene00045184.,0,0,0
WBGene00045185.,0,0,0
WBGene00045188.,0,23,23
WBGene00045189.,0,123,123
WBGene00045190.,65,417,482
WBGene00045192.,7,765,772
WBGene00045193.,6,0,6
WBGene00045194.,0,0,0
WBGene00045195.,339,174,513
WBGene00045197.,0,22,22
WBGene00045198.,1,10,11
WBGene00045199.,0,0,0
WBGene00045200.,0,0,0
WBGene00045201.,0,14,14
WBGene00045202.,0,1,1
WBGene00045203.,0,0,0
WBGene00045204.,0,0,0
WBGene00045205.,0,0,0
WBGene00045207.,27,152,179
WBGene00045208.,0,1112,1112
WBGene00045209.,0,1,1
WBGene00045210.,18,55,73
WBGene00045211.,3,5,8
WBGene00045212.,98,630,728
WBGene00045215.,24,99,123
WBGene00045218.,22,55,77
WBGene00045234.,0,1,1
WBGene00045235.,0,2,2
WBGene00045236.,0,5,5
WBGene00045237.,38,534,572
WBGene00045238.,0,1254,1254
WBGene00045239.,3,6,9
WBGene00045242.,0,5,5
WBGene00045245.,36,365,401
WBGene00045246.,20,36,56
WBGene00045247.,10,22,32
WBGene00045248.,86,250,336
WBGene00045249.,97,1881,1978
WBGene00045250.,41,78,119
WBGene00045251.,1,2,3
WBGene00045252.,24,64,88
WBGene00045253.,54,287,341
WBGene00045254.,3,0,3
WBGene00045255.,303,736,1039
WBGene00045261.,0,17,17
WBGene00045265.,0,9,9
WBGene00045268.,1,4,5
WBGene00045269.,0,6,6
WBGene00045270.,15,3,18
WBGene00045271.,3,70,73
WBGene00045272.,0,8177,8177
WBGene00045273.,1,1,2
WBGene00045275.,0,133,133
WBGene00045276.,0,1589,1589
WBGene00045277.,101,403,504
WBGene00045278.,0,1,1
WBGene00045279.,1,0,1
WBGene00045280.,1,0,1
WBGene00045281.,0,3,3
WBGene00045282.,8,6,14
WBGene00045283.,0,5,5
WBGene00045285.,0,5,5
WBGene00045286.,0,0,0
WBGene00045287.,0,1,1
WBGene00045289.,35,60,95
WBGene00045290.,0,1,1
WBGene00045291.,4,85,89
WBGene00045292.,4,38,42
WBGene00045293.,45,72,117
WBGene00045294.,1,0,1
WBGene00045295.,102,500,602
WBGene00045297.,4,105,109
WBGene00045298.,0,0,0
WBGene00045299.,0,0,0
WBGene00045300.,0,0,0
WBGene00045301.,0,0,0
WBGene00045302.,1,1,2
WBGene00045303.,0,5,5
WBGene00045304.,0,0,0
WBGene00045305.,0,422,422
WBGene00045306.,2,5,7
WBGene00045308.,8,6,14
WBGene00045309.,4,6,10
WBGene00045311.,0,0,0
WBGene00045313.,0,0,0
WBGene00045314.,1,3,4
WBGene00045315.,0,2,2
WBGene00045316.,13,10,23
WBGene00045319.,0,12,12
WBGene00045321.,0,16,16
WBGene00045322.,0,0,0
WBGene00045323.,0,0,0
WBGene00045324.,0,1,1
WBGene00045325.,0,0,0
WBGene00045326.,0,0,0
WBGene00045327.,0,0,0
WBGene00045328.,0,0,0
WBGene00045329.,0,2,2
WBGene00045330.,0,0,0
WBGene00045331.,6,62,68
WBGene00045332.,0,1,1
WBGene00045336.,75,462,537
WBGene00045337.,3,30,33
WBGene00045338.,0,217,217
WBGene00045339.,2,151,153
WBGene00045340.,45,107,152
WBGene00045341.,0,0,0
WBGene00045342.,0,0,0
WBGene00045343.,0,0,0
WBGene00045344.,0,0,0
WBGene00045345.,2,0,2
WBGene00045346.,0,0,0
WBGene00045347.,0,0,0
WBGene00045348.,0,0,0
WBGene00045350.,0,1,1
WBGene00045351.,0,1,1
WBGene00045352.,0,0,0
WBGene00045353.,0,2,2
WBGene00045354.,0,0,0
WBGene00045355.,12,18,30
WBGene00045356.,19,124,143
WBGene00045357.,59,90,149
WBGene00045358.,0,0,0
WBGene00045359.,0,1,1
WBGene00045360.,0,1,1
WBGene00045361.,2,1,3
WBGene00045362.,0,1,1
WBGene00045363.,3,2,5
WBGene00045364.,20,0,20
WBGene00045365.,4,75,79
WBGene00045366.,697,2053,2750
WBGene00045367.,0,0,0
WBGene00045368.,0,0,0
WBGene00045369.,0,0,0
WBGene00045370.,0,0,0
WBGene00045371.,0,0,0
WBGene00045372.,0,0,0
WBGene00045373.,0,0,0
WBGene00045374.,0,0,0
WBGene00045375.,0,113,113
WBGene00045376.,0,0,0
WBGene00045377.,0,0,0
WBGene00045378.,0,5,5
WBGene00045379.,2,35,37
WBGene00045380.,3,1,4
WBGene00045381.,2,2,4
WBGene00045382.,1,15,16
WBGene00045383.,84,1287,1371
WBGene00045385.,14,37,51
WBGene00045386.,111,986,1097
WBGene00045387.,381,2846,3227
WBGene00045388.,0,0,0
WBGene00045389.,0,0,0
WBGene00045390.,80,968,1048
WBGene00045391.,0,13,13
WBGene00045392.,108,847,955
WBGene00045393.,3,15,18
WBGene00045394.,0,163,163
WBGene00045395.,27,97,124
WBGene00045396.,990,600,1590
WBGene00045397.,146,1169,1315
WBGene00045398.,0,7,7
WBGene00045399.,3,26,29
WBGene00045400.,39,243,282
WBGene00045401.,0,9,9
WBGene00045402.,1,0,1
WBGene00045403.,8,58,66
WBGene00045404.,9,49,58
WBGene00045405.,28,113,141
WBGene00045406.,0,6,6
WBGene00045407.,92,878,970
WBGene00045408.,1,1,2
WBGene00045410.,78,582,660
WBGene00045411.,67,1817,1884
WBGene00045412.,4,227,231
WBGene00045413.,28,22,50
WBGene00045414.,4,6,10
WBGene00045415.,6,45,51
WBGene00045416.,3,7,10
WBGene00045417.,4,2,6
WBGene00045418.,133,2498,2631
WBGene00045419.,466,3164,3630
WBGene00045433.,89,623,712
WBGene00045434.,144,746,890
WBGene00045455.,4,11,15
WBGene00045456.,7,1,8
WBGene00045457.,2,47,49
WBGene00045458.,4,4,8
WBGene00045459.,0,3,3
WBGene00045460.,0,26,26
WBGene00045461.,62,691,753
WBGene00045468.,0,9,9
WBGene00045473.,0,2,2
WBGene00045474.,2,6,8
WBGene00045475.,23,29,52
WBGene00045480.,62,66,128
WBGene00045481.,5,8,13
WBGene00045482.,81,231,312
WBGene00045483.,318,3467,3785
WBGene00045484.,20,40,60
WBGene00045486.,0,0,0
WBGene00045487.,0,1,1
WBGene00045488.,10,72,82
WBGene00045490.,1,1,2
WBGene00045491.,0,1,1
WBGene00045492.,0,8,8
WBGene00045493.,3,2,5
WBGene00045494.,25,4,29
WBGene00045495.,59,864,923
WBGene00045496.,1,0,1
WBGene00045497.,6,10,16
WBGene00045498.,0,3,3
WBGene00045500.,5,7,12
WBGene00045501.,3,4,7
WBGene00045502.,0,0,0
WBGene00045506.,6,0,6
WBGene00045507.,10,739,749
WBGene00045508.,3,1,4
WBGene00045509.,85,194,279
WBGene00045510.,3,8,11
WBGene00045511.,10,41,51
WBGene00045513.,6,1,7
WBGene00045514.,0,0,0
WBGene00045515.,2,0,2
WBGene00045516.,5,278,283
WBGene00045517.,324,2116,2440
WBGene00045518.,0,0,0
WBGene00045519.,0,0,0
WBGene00045520.,0,0,0
WBGene00045521.,0,0,0
WBGene00045522.,0,0,0
WBGene00045523.,0,0,0
WBGene00045524.,0,0,0
WBGene00045525.,0,0,0
WBGene00045526.,0,0,0
WBGene00045527.,0,0,0
WBGene00045528.,0,0,0
WBGene00045529.,0,0,0
WBGene00045530.,0,0,0
WBGene00045531.,0,0,0
WBGene00045532.,0,0,0
WBGene00045533.,0,0,0
WBGene00045534.,0,0,0
WBGene00045535.,0,0,0
WBGene00045536.,0,0,0
WBGene00045537.,0,0,0
WBGene00045538.,0,0,0
WBGene00045539.,0,0,0
WBGene00045540.,0,0,0
WBGene00045541.,0,0,0
WBGene00045542.,0,0,0
WBGene00045543.,0,0,0
WBGene00045544.,0,0,0
WBGene00045545.,0,0,0
WBGene00045546.,0,0,0
WBGene00045547.,0,0,0
WBGene00045548.,0,0,0
WBGene00045549.,0,0,0
WBGene00045550.,0,0,0
WBGene00045551.,0,0,0
WBGene00045552.,0,0,0
WBGene00045553.,0,0,0
WBGene00045554.,0,0,0
WBGene00045555.,0,0,0
WBGene00045556.,0,0,0
WBGene00045557.,0,0,0
WBGene00045558.,0,0,0
WBGene00045559.,0,0,0
WBGene00045560.,0,0,0
WBGene00045561.,0,0,0
WBGene00045562.,0,0,0
WBGene00045563.,0,0,0
WBGene00045564.,0,0,0
WBGene00045565.,0,0,0
WBGene00045566.,0,0,0
WBGene00045567.,0,0,0
WBGene00045568.,0,0,0
WBGene00045569.,0,0,0
WBGene00045570.,0,0,0
WBGene00045571.,0,0,0
WBGene00045572.,0,0,0
WBGene00045573.,0,0,0
WBGene00045574.,0,0,0
WBGene00045575.,0,0,0
WBGene00045576.,0,0,0
WBGene00045577.,0,0,0
WBGene00045578.,0,0,0
WBGene00045579.,0,0,0
WBGene00045580.,0,0,0
WBGene00045581.,0,0,0
WBGene00045582.,0,0,0
WBGene00045583.,0,0,0
WBGene00045584.,0,0,0
WBGene00045585.,0,0,0
WBGene00045586.,0,0,0
WBGene00045587.,0,0,0
WBGene00045588.,0,0,0
WBGene00045589.,0,0,0
WBGene00045590.,0,0,0
WBGene00045591.,0,0,0
WBGene00045592.,0,0,0
WBGene00045593.,0,0,0
WBGene00045594.,0,0,0
WBGene00045595.,0,0,0
WBGene00045596.,0,0,0
WBGene00045597.,0,0,0
WBGene00045598.,0,0,0
WBGene00045599.,0,0,0
WBGene00045600.,0,0,0
WBGene00045601.,0,0,0
WBGene00045602.,0,0,0
WBGene00045603.,0,0,0
WBGene00045604.,0,0,0
WBGene00045605.,0,0,0
WBGene00045606.,0,0,0
WBGene00045607.,0,0,0
WBGene00045608.,0,0,0
WBGene00045609.,0,0,0
WBGene00045610.,0,0,0
WBGene00045611.,0,0,0
WBGene00045612.,0,0,0
WBGene00045613.,0,0,0
WBGene00045614.,0,0,0
WBGene00045615.,0,0,0
WBGene00045616.,0,0,0
WBGene00045617.,0,0,0
WBGene00045618.,0,0,0
WBGene00045619.,0,0,0
WBGene00045620.,0,0,0
WBGene00045621.,0,0,0
WBGene00045622.,0,0,0
WBGene00045623.,0,0,0
WBGene00045624.,0,0,0
WBGene00045625.,0,0,0
WBGene00045626.,0,0,0
WBGene00045627.,0,0,0
WBGene00045628.,0,0,0
WBGene00045629.,0,0,0
WBGene00045630.,0,0,0
WBGene00045631.,0,0,0
WBGene00045632.,0,0,0
WBGene00045633.,0,0,0
WBGene00045634.,0,0,0
WBGene00045635.,0,0,0
WBGene00045636.,0,0,0
WBGene00045637.,0,0,0
WBGene00045638.,0,0,0
WBGene00045639.,0,0,0
WBGene00045640.,0,0,0
WBGene00045641.,0,0,0
WBGene00045642.,0,0,0
WBGene00045643.,0,0,0
WBGene00045644.,0,0,0
WBGene00045645.,0,0,0
WBGene00045646.,0,0,0
WBGene00045647.,0,0,0
WBGene00045648.,0,0,0
WBGene00045649.,0,0,0
WBGene00045650.,0,0,0
WBGene00045651.,0,0,0
WBGene00045652.,0,0,0
WBGene00045653.,0,0,0
WBGene00045654.,0,0,0
WBGene00045655.,0,0,0
WBGene00045656.,0,0,0
WBGene00045657.,0,0,0
WBGene00045658.,0,0,0
WBGene00045659.,0,0,0
WBGene00045660.,0,0,0
WBGene00045661.,0,0,0
WBGene00045662.,0,0,0
WBGene00045663.,0,0,0
WBGene00045664.,0,0,0
WBGene00045665.,0,0,0
WBGene00045666.,0,0,0
WBGene00045667.,0,0,0
WBGene00045668.,0,0,0
WBGene00045669.,0,0,0
WBGene00045670.,0,0,0
WBGene00045671.,0,0,0
WBGene00045672.,0,0,0
WBGene00045673.,0,0,0
WBGene00045674.,0,0,0
WBGene00045675.,0,0,0
WBGene00045676.,0,0,0
WBGene00045677.,0,0,0
WBGene00045678.,0,0,0
WBGene00045679.,0,0,0
WBGene00045680.,0,0,0
WBGene00045681.,0,0,0
WBGene00045682.,0,0,0
WBGene00045683.,0,0,0
WBGene00045684.,0,0,0
WBGene00045685.,0,0,0
WBGene00045686.,0,0,0
WBGene00045687.,0,0,0
WBGene00045688.,0,0,0
WBGene00045689.,0,0,0
WBGene00045690.,0,0,0
WBGene00045691.,0,0,0
WBGene00045692.,0,0,0
WBGene00045693.,0,0,0
WBGene00045694.,0,0,0
WBGene00045695.,0,0,0
WBGene00045696.,0,0,0
WBGene00045697.,0,0,0
WBGene00045698.,0,0,0
WBGene00045699.,0,0,0
WBGene00045700.,0,0,0
WBGene00045701.,0,0,0
WBGene00045702.,0,0,0
WBGene00045703.,0,0,0
WBGene00045704.,0,0,0
WBGene00045705.,0,0,0
WBGene00045706.,0,0,0
WBGene00045707.,0,0,0
WBGene00045708.,0,0,0
WBGene00045709.,0,0,0
WBGene00045710.,0,0,0
WBGene00045711.,0,0,0
WBGene00045712.,0,0,0
WBGene00045713.,0,0,0
WBGene00045714.,0,0,0
WBGene00045715.,0,0,0
WBGene00045716.,0,0,0
WBGene00045717.,0,0,0
WBGene00045718.,0,0,0
WBGene00045719.,0,0,0
WBGene00045720.,0,0,0
WBGene00045721.,0,0,0
WBGene00045722.,0,0,0
WBGene00045723.,0,0,0
WBGene00045724.,0,0,0
WBGene00045725.,0,0,0
WBGene00045726.,0,0,0
WBGene00045727.,0,0,0
WBGene00045728.,0,0,0
WBGene00045729.,0,0,0
WBGene00045730.,0,0,0
WBGene00045731.,0,0,0
WBGene00045732.,0,0,0
WBGene00045733.,0,0,0
WBGene00045734.,0,0,0
WBGene00045735.,0,0,0
WBGene00045736.,0,0,0
WBGene00045737.,0,0,0
WBGene00045738.,0,0,0
WBGene00045739.,0,0,0
WBGene00045740.,0,0,0
WBGene00045741.,0,0,0
WBGene00045743.,0,0,0
WBGene00045744.,0,0,0
WBGene00045745.,0,0,0
WBGene00045746.,0,0,0
WBGene00045747.,0,0,0
WBGene00045748.,0,0,0
WBGene00045749.,0,0,0
WBGene00045750.,0,0,0
WBGene00045751.,0,0,0
WBGene00045752.,0,0,0
WBGene00045753.,0,0,0
WBGene00045754.,0,0,0
WBGene00045755.,0,0,0
WBGene00045756.,0,0,0
WBGene00045757.,0,0,0
WBGene00045758.,0,0,0
WBGene00045759.,0,0,0
WBGene00045760.,0,0,0
WBGene00045761.,0,0,0
WBGene00045762.,0,0,0
WBGene00045763.,0,0,0
WBGene00045764.,0,0,0
WBGene00045765.,0,0,0
WBGene00045766.,0,0,0
WBGene00045767.,0,0,0
WBGene00045768.,0,0,0
WBGene00045769.,0,0,0
WBGene00045770.,0,0,0
WBGene00045771.,0,0,0
WBGene00045772.,0,0,0
WBGene00045773.,0,0,0
WBGene00045774.,0,0,0
WBGene00045775.,0,0,0
WBGene00045776.,0,0,0
WBGene00045777.,0,0,0
WBGene00045778.,0,0,0
WBGene00045779.,0,0,0
WBGene00045780.,0,0,0
WBGene00045781.,0,0,0
WBGene00045782.,0,0,0
WBGene00045783.,0,0,0
WBGene00045784.,0,0,0
WBGene00045785.,0,0,0
WBGene00045786.,0,0,0
WBGene00045787.,0,0,0
WBGene00045788.,0,0,0
WBGene00045789.,0,0,0
WBGene00045790.,0,0,0
WBGene00045791.,0,0,0
WBGene00045792.,0,0,0
WBGene00045793.,0,0,0
WBGene00045794.,0,0,0
WBGene00045795.,0,0,0
WBGene00045796.,0,0,0
WBGene00045797.,0,0,0
WBGene00045798.,0,0,0
WBGene00045799.,0,0,0
WBGene00045800.,0,0,0
WBGene00045801.,0,0,0
WBGene00045802.,0,0,0
WBGene00045803.,0,0,0
WBGene00045804.,0,0,0
WBGene00045805.,0,0,0
WBGene00045806.,0,0,0
WBGene00045807.,0,0,0
WBGene00045808.,0,0,0
WBGene00045809.,0,0,0
WBGene00045810.,0,0,0
WBGene00045811.,0,0,0
WBGene00045812.,0,0,0
WBGene00045813.,0,0,0
WBGene00045814.,0,0,0
WBGene00045815.,0,0,0
WBGene00045816.,0,0,0
WBGene00045817.,0,0,0
WBGene00045818.,0,0,0
WBGene00045819.,0,0,0
WBGene00045820.,0,0,0
WBGene00045821.,0,0,0
WBGene00045822.,0,0,0
WBGene00045823.,0,0,0
WBGene00045824.,0,0,0
WBGene00045825.,0,0,0
WBGene00045826.,0,0,0
WBGene00045827.,0,0,0
WBGene00045828.,0,0,0
WBGene00045829.,0,0,0
WBGene00045830.,0,0,0
WBGene00045831.,0,0,0
WBGene00045832.,0,0,0
WBGene00045833.,0,0,0
WBGene00045834.,0,0,0
WBGene00045835.,0,0,0
WBGene00045836.,0,0,0
WBGene00045837.,0,0,0
WBGene00045838.,0,0,0
WBGene00045839.,0,0,0
WBGene00045840.,0,0,0
WBGene00045841.,0,0,0
WBGene00045842.,0,0,0
WBGene00045843.,0,0,0
WBGene00045844.,0,0,0
WBGene00045845.,0,0,0
WBGene00045846.,0,0,0
WBGene00045847.,0,0,0
WBGene00045848.,0,0,0
WBGene00045849.,0,0,0
WBGene00045850.,0,0,0
WBGene00045851.,0,0,0
WBGene00045852.,0,0,0
WBGene00045853.,0,0,0
WBGene00045854.,0,0,0
WBGene00045855.,0,0,0
WBGene00045856.,0,0,0
WBGene00045857.,0,0,0
WBGene00045858.,0,0,0
WBGene00045859.,0,0,0
WBGene00045860.,0,0,0
WBGene00045861.,0,0,0
WBGene00045862.,0,0,0
WBGene00045863.,0,0,0
WBGene00045864.,0,0,0
WBGene00045865.,0,0,0
WBGene00045866.,0,0,0
WBGene00045867.,0,0,0
WBGene00045868.,0,0,0
WBGene00045869.,0,0,0
WBGene00045870.,0,0,0
WBGene00045871.,0,0,0
WBGene00045872.,0,0,0
WBGene00045873.,0,0,0
WBGene00045874.,0,0,0
WBGene00045875.,0,0,0
WBGene00045876.,0,0,0
WBGene00045877.,0,0,0
WBGene00045878.,0,0,0
WBGene00045879.,0,0,0
WBGene00045880.,0,0,0
WBGene00045881.,0,0,0
WBGene00045882.,0,0,0
WBGene00045883.,0,0,0
WBGene00045884.,0,0,0
WBGene00045885.,0,0,0
WBGene00045886.,0,0,0
WBGene00045887.,0,0,0
WBGene00045888.,0,0,0
WBGene00045889.,0,0,0
WBGene00045890.,0,0,0
WBGene00045891.,0,0,0
WBGene00045892.,0,0,0
WBGene00045893.,0,0,0
WBGene00045894.,0,0,0
WBGene00045895.,0,0,0
WBGene00045896.,0,0,0
WBGene00045897.,0,0,0
WBGene00045898.,0,0,0
WBGene00045899.,0,0,0
WBGene00045900.,0,0,0
WBGene00045901.,0,0,0
WBGene00045902.,0,0,0
WBGene00045903.,0,0,0
WBGene00045904.,0,0,0
WBGene00045905.,0,0,0
WBGene00045906.,0,0,0
WBGene00045907.,0,0,0
WBGene00045908.,0,0,0
WBGene00045909.,0,0,0
WBGene00045910.,0,0,0
WBGene00045911.,0,0,0
WBGene00045912.,0,0,0
WBGene00045913.,0,0,0
WBGene00045914.,0,0,0
WBGene00045915.,0,0,0
WBGene00045916.,0,0,0
WBGene00045917.,0,0,0
WBGene00045918.,0,0,0
WBGene00045919.,0,0,0
WBGene00045920.,0,0,0
WBGene00045921.,0,0,0
WBGene00045922.,0,0,0
WBGene00045923.,0,0,0
WBGene00045924.,0,0,0
WBGene00045925.,0,0,0
WBGene00045926.,0,0,0
WBGene00045927.,0,0,0
WBGene00045928.,0,0,0
WBGene00045929.,0,0,0
WBGene00045930.,0,0,0
WBGene00045931.,0,0,0
WBGene00045932.,0,0,0
WBGene00045933.,0,0,0
WBGene00045934.,0,0,0
WBGene00045935.,0,0,0
WBGene00045936.,0,0,0
WBGene00045937.,0,0,0
WBGene00045938.,0,0,0
WBGene00045939.,0,0,0
WBGene00045940.,0,0,0
WBGene00045941.,0,0,0
WBGene00045942.,0,0,0
WBGene00045943.,0,0,0
WBGene00045944.,0,0,0
WBGene00045945.,0,0,0
WBGene00045946.,0,0,0
WBGene00045947.,0,0,0
WBGene00045948.,0,0,0
WBGene00045949.,0,0,0
WBGene00045950.,0,0,0
WBGene00045951.,0,0,0
WBGene00045952.,0,0,0
WBGene00045953.,0,0,0
WBGene00045954.,0,0,0
WBGene00045955.,0,0,0
WBGene00045956.,0,0,0
WBGene00045957.,0,0,0
WBGene00045958.,0,0,0
WBGene00045959.,0,0,0
WBGene00045960.,0,0,0
WBGene00045961.,0,0,0
WBGene00045962.,0,0,0
WBGene00045963.,0,0,0
WBGene00045964.,0,0,0
WBGene00045965.,0,0,0
WBGene00045966.,0,0,0
WBGene00045967.,0,0,0
WBGene00045968.,0,0,0
WBGene00045969.,0,0,0
WBGene00045970.,0,0,0
WBGene00045971.,0,0,0
WBGene00045972.,0,0,0
WBGene00045973.,0,0,0
WBGene00045974.,0,0,0
WBGene00045975.,0,0,0
WBGene00045976.,0,0,0
WBGene00045977.,0,0,0
WBGene00045978.,0,0,0
WBGene00045979.,0,0,0
WBGene00045980.,0,0,0
WBGene00045981.,0,0,0
WBGene00045982.,0,0,0
WBGene00045983.,0,0,0
WBGene00045984.,0,0,0
WBGene00045985.,0,0,0
WBGene00045986.,0,0,0
WBGene00045987.,0,0,0
WBGene00045988.,0,0,0
WBGene00045989.,0,0,0
WBGene00045990.,0,0,0
WBGene00045991.,0,0,0
WBGene00045992.,0,0,0
WBGene00045993.,0,0,0
WBGene00045994.,0,0,0
WBGene00045995.,0,0,0
WBGene00045996.,0,0,0
WBGene00045997.,0,0,0
WBGene00045998.,0,0,0
WBGene00045999.,0,0,0
WBGene00046000.,0,0,0
WBGene00046001.,0,0,0
WBGene00046002.,0,0,0
WBGene00046003.,0,0,0
WBGene00046004.,0,0,0
WBGene00046005.,0,0,0
WBGene00046006.,0,0,0
WBGene00046007.,0,0,0
WBGene00046008.,0,0,0
WBGene00046009.,0,0,0
WBGene00046010.,0,0,0
WBGene00046011.,0,0,0
WBGene00046012.,0,0,0
WBGene00046013.,0,0,0
WBGene00046014.,0,0,0
WBGene00046015.,0,0,0
WBGene00046016.,0,0,0
WBGene00046017.,0,0,0
WBGene00046018.,0,0,0
WBGene00046019.,0,0,0
WBGene00046020.,0,0,0
WBGene00046021.,0,0,0
WBGene00046022.,0,0,0
WBGene00046023.,0,0,0
WBGene00046024.,0,0,0
WBGene00046025.,0,0,0
WBGene00046026.,0,0,0
WBGene00046027.,0,0,0
WBGene00046028.,0,0,0
WBGene00046029.,0,0,0
WBGene00046030.,0,0,0
WBGene00046031.,0,0,0
WBGene00046032.,0,0,0
WBGene00046033.,0,0,0
WBGene00046034.,0,0,0
WBGene00046035.,0,0,0
WBGene00046036.,0,0,0
WBGene00046037.,0,0,0
WBGene00046038.,0,0,0
WBGene00046039.,0,0,0
WBGene00046040.,0,0,0
WBGene00046041.,0,0,0
WBGene00046042.,0,0,0
WBGene00046043.,0,0,0
WBGene00046044.,0,0,0
WBGene00046045.,0,0,0
WBGene00046046.,0,0,0
WBGene00046047.,0,0,0
WBGene00046048.,0,0,0
WBGene00046049.,0,0,0
WBGene00046050.,0,0,0
WBGene00046051.,0,0,0
WBGene00046052.,0,0,0
WBGene00046053.,0,0,0
WBGene00046054.,0,0,0
WBGene00046055.,0,0,0
WBGene00046056.,0,0,0
WBGene00046057.,0,0,0
WBGene00046058.,0,0,0
WBGene00046059.,0,0,0
WBGene00046060.,0,0,0
WBGene00046061.,0,0,0
WBGene00046062.,0,0,0
WBGene00046063.,0,0,0
WBGene00046064.,0,0,0
WBGene00046065.,0,0,0
WBGene00046066.,0,0,0
WBGene00046067.,0,0,0
WBGene00046068.,0,0,0
WBGene00046069.,0,0,0
WBGene00046070.,0,0,0
WBGene00046071.,0,0,0
WBGene00046072.,0,0,0
WBGene00046073.,0,0,0
WBGene00046074.,0,0,0
WBGene00046075.,0,0,0
WBGene00046076.,0,0,0
WBGene00046077.,0,0,0
WBGene00046078.,0,0,0
WBGene00046079.,0,0,0
WBGene00046080.,0,0,0
WBGene00046081.,0,0,0
WBGene00046082.,0,0,0
WBGene00046083.,0,0,0
WBGene00046084.,0,0,0
WBGene00046085.,0,0,0
WBGene00046086.,0,0,0
WBGene00046087.,0,0,0
WBGene00046088.,0,0,0
WBGene00046089.,0,0,0
WBGene00046090.,0,0,0
WBGene00046091.,0,0,0
WBGene00046092.,0,0,0
WBGene00046093.,0,0,0
WBGene00046094.,0,0,0
WBGene00046095.,0,0,0
WBGene00046096.,0,0,0
WBGene00046097.,0,0,0
WBGene00046098.,0,0,0
WBGene00046099.,0,0,0
WBGene00046100.,0,0,0
WBGene00046101.,0,0,0
WBGene00046102.,0,0,0
WBGene00046103.,0,0,0
WBGene00046104.,0,0,0
WBGene00046105.,0,0,0
WBGene00046106.,0,0,0
WBGene00046107.,0,0,0
WBGene00046108.,0,0,0
WBGene00046109.,0,0,0
WBGene00046110.,0,0,0
WBGene00046111.,0,0,0
WBGene00046112.,0,0,0
WBGene00046113.,0,0,0
WBGene00046114.,0,0,0
WBGene00046115.,0,0,0
WBGene00046116.,0,0,0
WBGene00046117.,0,0,0
WBGene00046118.,0,0,0
WBGene00046119.,0,0,0
WBGene00046120.,0,0,0
WBGene00046121.,0,0,0
WBGene00046122.,0,0,0
WBGene00046123.,0,0,0
WBGene00046124.,0,0,0
WBGene00046125.,0,0,0
WBGene00046126.,0,0,0
WBGene00046127.,0,0,0
WBGene00046128.,0,0,0
WBGene00046129.,0,0,0
WBGene00046130.,0,0,0
WBGene00046131.,0,0,0
WBGene00046132.,0,0,0
WBGene00046133.,0,0,0
WBGene00046134.,0,0,0
WBGene00046135.,0,0,0
WBGene00046136.,0,0,0
WBGene00046137.,0,0,0
WBGene00046138.,0,0,0
WBGene00046139.,0,0,0
WBGene00046140.,0,0,0
WBGene00046141.,0,0,0
WBGene00046142.,0,0,0
WBGene00046143.,0,0,0
WBGene00046144.,0,0,0
WBGene00046145.,0,0,0
WBGene00046146.,0,0,0
WBGene00046147.,0,0,0
WBGene00046148.,0,0,0
WBGene00046149.,0,0,0
WBGene00046150.,0,0,0
WBGene00046151.,0,0,0
WBGene00046152.,0,0,0
WBGene00046153.,0,0,0
WBGene00046154.,0,0,0
WBGene00046155.,0,0,0
WBGene00046156.,0,0,0
WBGene00046157.,0,0,0
WBGene00046158.,0,0,0
WBGene00046159.,0,0,0
WBGene00046160.,0,0,0
WBGene00046161.,0,0,0
WBGene00046162.,0,0,0
WBGene00046163.,0,0,0
WBGene00046164.,0,0,0
WBGene00046165.,0,0,0
WBGene00046166.,0,0,0
WBGene00046167.,0,0,0
WBGene00046168.,0,0,0
WBGene00046169.,0,0,0
WBGene00046170.,0,0,0
WBGene00046171.,0,0,0
WBGene00046172.,0,0,0
WBGene00046173.,0,0,0
WBGene00046174.,0,0,0
WBGene00046175.,0,0,0
WBGene00046176.,0,0,0
WBGene00046177.,0,0,0
WBGene00046178.,0,0,0
WBGene00046179.,0,0,0
WBGene00046180.,0,0,0
WBGene00046181.,0,0,0
WBGene00046182.,0,0,0
WBGene00046183.,0,0,0
WBGene00046184.,0,0,0
WBGene00046185.,0,0,0
WBGene00046186.,0,0,0
WBGene00046187.,0,0,0
WBGene00046188.,0,0,0
WBGene00046189.,0,0,0
WBGene00046190.,0,0,0
WBGene00046191.,0,0,0
WBGene00046192.,0,0,0
WBGene00046193.,0,0,0
WBGene00046194.,0,0,0
WBGene00046195.,0,0,0
WBGene00046196.,0,0,0
WBGene00046197.,0,0,0
WBGene00046198.,0,0,0
WBGene00046199.,0,0,0
WBGene00046200.,0,0,0
WBGene00046201.,0,0,0
WBGene00046202.,0,0,0
WBGene00046203.,0,0,0
WBGene00046204.,0,0,0
WBGene00046205.,0,0,0
WBGene00046206.,0,0,0
WBGene00046207.,0,0,0
WBGene00046208.,0,0,0
WBGene00046209.,0,0,0
WBGene00046210.,0,0,0
WBGene00046211.,0,0,0
WBGene00046212.,0,0,0
WBGene00046213.,0,0,0
WBGene00046214.,0,0,0
WBGene00046215.,0,0,0
WBGene00046216.,0,0,0
WBGene00046217.,0,0,0
WBGene00046218.,0,0,0
WBGene00046219.,0,0,0
WBGene00046220.,0,0,0
WBGene00046221.,0,0,0
WBGene00046222.,0,0,0
WBGene00046223.,0,0,0
WBGene00046224.,0,0,0
WBGene00046225.,0,0,0
WBGene00046226.,0,0,0
WBGene00046227.,0,0,0
WBGene00046228.,0,0,0
WBGene00046229.,0,0,0
WBGene00046230.,0,0,0
WBGene00046231.,0,0,0
WBGene00046232.,0,0,0
WBGene00046233.,0,0,0
WBGene00046234.,0,0,0
WBGene00046235.,0,0,0
WBGene00046236.,0,0,0
WBGene00046237.,0,0,0
WBGene00046238.,0,0,0
WBGene00046239.,0,0,0
WBGene00046240.,0,0,0
WBGene00046241.,0,0,0
WBGene00046242.,0,0,0
WBGene00046243.,0,0,0
WBGene00046244.,0,0,0
WBGene00046245.,0,0,0
WBGene00046246.,0,0,0
WBGene00046247.,0,0,0
WBGene00046248.,0,0,0
WBGene00046249.,0,0,0
WBGene00046250.,0,0,0
WBGene00046251.,0,0,0
WBGene00046252.,0,0,0
WBGene00046253.,0,0,0
WBGene00046254.,0,0,0
WBGene00046255.,0,0,0
WBGene00046256.,0,0,0
WBGene00046257.,0,0,0
WBGene00046258.,0,0,0
WBGene00046259.,0,0,0
WBGene00046260.,0,0,0
WBGene00046261.,0,0,0
WBGene00046262.,0,0,0
WBGene00046263.,0,0,0
WBGene00046264.,0,0,0
WBGene00046265.,0,0,0
WBGene00046266.,0,0,0
WBGene00046267.,0,0,0
WBGene00046268.,0,0,0
WBGene00046269.,0,0,0
WBGene00046270.,0,0,0
WBGene00046271.,0,0,0
WBGene00046272.,0,0,0
WBGene00046273.,0,0,0
WBGene00046274.,0,0,0
WBGene00046275.,0,0,0
WBGene00046276.,0,0,0
WBGene00046277.,0,0,0
WBGene00046278.,0,0,0
WBGene00046279.,0,0,0
WBGene00046280.,0,0,0
WBGene00046281.,0,0,0
WBGene00046282.,0,0,0
WBGene00046283.,0,0,0
WBGene00046284.,0,0,0
WBGene00046285.,0,0,0
WBGene00046286.,0,0,0
WBGene00046287.,0,0,0
WBGene00046288.,0,0,0
WBGene00046289.,0,0,0
WBGene00046290.,0,0,0
WBGene00046291.,0,0,0
WBGene00046292.,0,0,0
WBGene00046293.,0,0,0
WBGene00046294.,0,0,0
WBGene00046295.,0,0,0
WBGene00046296.,0,0,0
WBGene00046297.,0,0,0
WBGene00046298.,0,0,0
WBGene00046299.,0,0,0
WBGene00046300.,0,0,0
WBGene00046301.,0,0,0
WBGene00046302.,0,0,0
WBGene00046303.,0,0,0
WBGene00046304.,0,0,0
WBGene00046305.,0,0,0
WBGene00046306.,0,0,0
WBGene00046307.,0,0,0
WBGene00046308.,0,0,0
WBGene00046309.,0,0,0
WBGene00046310.,0,0,0
WBGene00046311.,0,0,0
WBGene00046312.,0,0,0
WBGene00046313.,0,0,0
WBGene00046314.,0,0,0
WBGene00046315.,0,0,0
WBGene00046316.,0,0,0
WBGene00046317.,0,0,0
WBGene00046318.,0,0,0
WBGene00046319.,0,0,0
WBGene00046320.,0,0,0
WBGene00046321.,0,0,0
WBGene00046322.,0,0,0
WBGene00046323.,0,0,0
WBGene00046324.,0,0,0
WBGene00046325.,0,0,0
WBGene00046326.,0,0,0
WBGene00046327.,0,0,0
WBGene00046328.,0,0,0
WBGene00046329.,0,0,0
WBGene00046330.,0,0,0
WBGene00046331.,0,0,0
WBGene00046332.,0,0,0
WBGene00046333.,0,0,0
WBGene00046334.,0,0,0
WBGene00046335.,0,0,0
WBGene00046336.,0,0,0
WBGene00046337.,0,0,0
WBGene00046338.,0,0,0
WBGene00046339.,0,0,0
WBGene00046340.,0,0,0
WBGene00046341.,0,0,0
WBGene00046342.,0,0,0
WBGene00046343.,0,0,0
WBGene00046344.,0,0,0
WBGene00046345.,0,0,0
WBGene00046346.,0,0,0
WBGene00046347.,0,0,0
WBGene00046348.,0,0,0
WBGene00046349.,0,0,0
WBGene00046350.,0,0,0
WBGene00046351.,0,0,0
WBGene00046352.,0,0,0
WBGene00046353.,0,0,0
WBGene00046354.,0,0,0
WBGene00046355.,0,0,0
WBGene00046356.,0,0,0
WBGene00046357.,0,0,0
WBGene00046358.,0,0,0
WBGene00046359.,0,0,0
WBGene00046360.,0,0,0
WBGene00046361.,0,0,0
WBGene00046362.,0,0,0
WBGene00046363.,0,0,0
WBGene00046364.,0,0,0
WBGene00046365.,0,0,0
WBGene00046366.,0,0,0
WBGene00046367.,0,0,0
WBGene00046368.,0,0,0
WBGene00046369.,0,0,0
WBGene00046370.,0,0,0
WBGene00046371.,0,0,0
WBGene00046372.,0,0,0
WBGene00046373.,0,0,0
WBGene00046374.,0,0,0
WBGene00046375.,0,0,0
WBGene00046376.,0,0,0
WBGene00046377.,0,0,0
WBGene00046378.,0,0,0
WBGene00046379.,0,0,0
WBGene00046380.,0,0,0
WBGene00046381.,0,0,0
WBGene00046382.,0,0,0
WBGene00046383.,0,0,0
WBGene00046384.,0,0,0
WBGene00046385.,0,0,0
WBGene00046386.,0,0,0
WBGene00046387.,0,0,0
WBGene00046388.,0,0,0
WBGene00046389.,0,0,0
WBGene00046390.,0,0,0
WBGene00046391.,0,0,0
WBGene00046392.,0,0,0
WBGene00046393.,0,0,0
WBGene00046394.,0,0,0
WBGene00046395.,0,0,0
WBGene00046396.,0,0,0
WBGene00046397.,0,0,0
WBGene00046398.,0,0,0
WBGene00046399.,0,0,0
WBGene00046400.,0,0,0
WBGene00046401.,0,0,0
WBGene00046402.,0,0,0
WBGene00046403.,0,0,0
WBGene00046404.,0,0,0
WBGene00046405.,0,0,0
WBGene00046406.,0,0,0
WBGene00046407.,0,0,0
WBGene00046408.,0,0,0
WBGene00046409.,0,0,0
WBGene00046410.,0,0,0
WBGene00046411.,0,0,0
WBGene00046412.,0,0,0
WBGene00046413.,0,0,0
WBGene00046414.,0,0,0
WBGene00046415.,0,0,0
WBGene00046416.,0,0,0
WBGene00046417.,0,0,0
WBGene00046418.,0,0,0
WBGene00046419.,0,0,0
WBGene00046420.,0,0,0
WBGene00046421.,0,0,0
WBGene00046422.,0,0,0
WBGene00046423.,0,0,0
WBGene00046424.,0,0,0
WBGene00046425.,0,0,0
WBGene00046426.,0,0,0
WBGene00046427.,0,0,0
WBGene00046428.,0,0,0
WBGene00046429.,0,0,0
WBGene00046430.,0,0,0
WBGene00046431.,0,0,0
WBGene00046432.,0,0,0
WBGene00046433.,0,0,0
WBGene00046434.,0,0,0
WBGene00046435.,0,0,0
WBGene00046436.,0,0,0
WBGene00046437.,0,0,0
WBGene00046438.,0,0,0
WBGene00046439.,0,0,0
WBGene00046440.,0,0,0
WBGene00046441.,0,0,0
WBGene00046442.,0,0,0
WBGene00046443.,0,0,0
WBGene00046444.,0,0,0
WBGene00046445.,0,0,0
WBGene00046446.,0,0,0
WBGene00046447.,0,0,0
WBGene00046448.,0,0,0
WBGene00046449.,0,0,0
WBGene00046450.,0,0,0
WBGene00046451.,0,0,0
WBGene00046452.,0,0,0
WBGene00046453.,0,0,0
WBGene00046454.,0,0,0
WBGene00046455.,0,0,0
WBGene00046456.,0,0,0
WBGene00046457.,0,0,0
WBGene00046458.,0,0,0
WBGene00046459.,0,0,0
WBGene00046460.,0,0,0
WBGene00046461.,0,0,0
WBGene00046462.,0,0,0
WBGene00046463.,0,0,0
WBGene00046464.,0,0,0
WBGene00046465.,0,0,0
WBGene00046466.,0,0,0
WBGene00046467.,0,0,0
WBGene00046468.,0,0,0
WBGene00046469.,0,0,0
WBGene00046470.,0,0,0
WBGene00046471.,0,0,0
WBGene00046472.,0,0,0
WBGene00046473.,0,0,0
WBGene00046474.,0,0,0
WBGene00046475.,0,0,0
WBGene00046476.,0,0,0
WBGene00046477.,0,0,0
WBGene00046478.,0,0,0
WBGene00046479.,0,0,0
WBGene00046480.,0,0,0
WBGene00046481.,0,0,0
WBGene00046482.,0,0,0
WBGene00046483.,0,0,0
WBGene00046484.,0,0,0
WBGene00046485.,0,0,0
WBGene00046486.,0,0,0
WBGene00046487.,0,0,0
WBGene00046488.,0,0,0
WBGene00046489.,0,0,0
WBGene00046490.,0,0,0
WBGene00046491.,0,0,0
WBGene00046492.,0,0,0
WBGene00046493.,0,0,0
WBGene00046494.,0,0,0
WBGene00046495.,0,0,0
WBGene00046496.,0,0,0
WBGene00046497.,0,0,0
WBGene00046498.,0,0,0
WBGene00046499.,0,0,0
WBGene00046500.,0,0,0
WBGene00046501.,0,0,0
WBGene00046502.,0,0,0
WBGene00046503.,0,0,0
WBGene00046504.,0,0,0
WBGene00046505.,0,0,0
WBGene00046506.,0,0,0
WBGene00046507.,0,0,0
WBGene00046508.,0,0,0
WBGene00046509.,0,0,0
WBGene00046510.,0,0,0
WBGene00046511.,0,0,0
WBGene00046512.,0,0,0
WBGene00046513.,0,0,0
WBGene00046514.,0,0,0
WBGene00046515.,0,0,0
WBGene00046516.,0,0,0
WBGene00046517.,0,0,0
WBGene00046518.,0,0,0
WBGene00046519.,0,0,0
WBGene00046520.,0,0,0
WBGene00046521.,0,0,0
WBGene00046522.,0,0,0
WBGene00046523.,0,0,0
WBGene00046524.,0,0,0
WBGene00046525.,0,0,0
WBGene00046526.,0,0,0
WBGene00046527.,0,0,0
WBGene00046528.,0,0,0
WBGene00046529.,0,0,0
WBGene00046530.,0,0,0
WBGene00046531.,0,0,0
WBGene00046532.,0,0,0
WBGene00046533.,0,0,0
WBGene00046534.,0,0,0
WBGene00046535.,0,0,0
WBGene00046536.,0,0,0
WBGene00046537.,0,0,0
WBGene00046538.,0,0,0
WBGene00046539.,0,0,0
WBGene00046540.,0,0,0
WBGene00046541.,0,0,0
WBGene00046542.,0,0,0
WBGene00046543.,0,0,0
WBGene00046544.,0,0,0
WBGene00046545.,0,0,0
WBGene00046546.,0,0,0
WBGene00046547.,0,0,0
WBGene00046548.,0,0,0
WBGene00046549.,0,0,0
WBGene00046550.,0,0,0
WBGene00046551.,0,0,0
WBGene00046552.,0,0,0
WBGene00046553.,0,0,0
WBGene00046554.,0,0,0
WBGene00046555.,0,0,0
WBGene00046556.,0,0,0
WBGene00046557.,0,0,0
WBGene00046558.,0,0,0
WBGene00046559.,0,0,0
WBGene00046560.,0,0,0
WBGene00046561.,0,0,0
WBGene00046562.,0,0,0
WBGene00046563.,0,0,0
WBGene00046564.,0,0,0
WBGene00046565.,0,0,0
WBGene00046566.,0,0,0
WBGene00046567.,0,0,0
WBGene00046568.,0,0,0
WBGene00046569.,0,0,0
WBGene00046570.,0,0,0
WBGene00046571.,0,0,0
WBGene00046572.,0,0,0
WBGene00046573.,0,0,0
WBGene00046574.,0,0,0
WBGene00046575.,0,0,0
WBGene00046576.,0,0,0
WBGene00046577.,0,0,0
WBGene00046578.,0,0,0
WBGene00046579.,0,0,0
WBGene00046580.,0,0,0
WBGene00046581.,0,0,0
WBGene00046582.,0,0,0
WBGene00046583.,0,0,0
WBGene00046584.,0,0,0
WBGene00046585.,0,0,0
WBGene00046586.,0,0,0
WBGene00046587.,0,0,0
WBGene00046588.,0,0,0
WBGene00046589.,0,0,0
WBGene00046590.,0,0,0
WBGene00046591.,0,0,0
WBGene00046592.,0,0,0
WBGene00046593.,0,0,0
WBGene00046594.,0,0,0
WBGene00046595.,0,0,0
WBGene00046596.,0,0,0
WBGene00046597.,0,0,0
WBGene00046598.,0,0,0
WBGene00046599.,0,0,0
WBGene00046600.,0,0,0
WBGene00046601.,0,0,0
WBGene00046602.,0,0,0
WBGene00046603.,0,0,0
WBGene00046604.,0,0,0
WBGene00046605.,0,0,0
WBGene00046606.,0,0,0
WBGene00046607.,0,0,0
WBGene00046608.,0,0,0
WBGene00046609.,0,0,0
WBGene00046610.,0,0,0
WBGene00046611.,0,0,0
WBGene00046612.,0,0,0
WBGene00046613.,0,0,0
WBGene00046614.,0,0,0
WBGene00046615.,0,0,0
WBGene00046616.,0,0,0
WBGene00046617.,0,0,0
WBGene00046618.,0,0,0
WBGene00046619.,0,0,0
WBGene00046620.,0,0,0
WBGene00046621.,0,0,0
WBGene00046622.,0,0,0
WBGene00046623.,0,0,0
WBGene00046624.,0,0,0
WBGene00046625.,0,0,0
WBGene00046626.,0,0,0
WBGene00046627.,0,0,0
WBGene00046628.,0,0,0
WBGene00046629.,0,0,0
WBGene00046630.,0,0,0
WBGene00046631.,0,0,0
WBGene00046632.,0,0,0
WBGene00046633.,0,0,0
WBGene00046634.,0,0,0
WBGene00046635.,0,0,0
WBGene00046636.,0,0,0
WBGene00046637.,0,0,0
WBGene00046638.,0,0,0
WBGene00046639.,0,0,0
WBGene00046640.,0,0,0
WBGene00046641.,0,0,0
WBGene00046642.,0,0,0
WBGene00046643.,0,0,0
WBGene00046644.,0,0,0
WBGene00046645.,0,0,0
WBGene00046646.,0,0,0
WBGene00046647.,0,0,0
WBGene00046648.,0,0,0
WBGene00046649.,0,0,0
WBGene00046650.,0,0,0
WBGene00046651.,0,0,0
WBGene00046652.,0,0,0
WBGene00046653.,0,0,0
WBGene00046654.,0,0,0
WBGene00046655.,0,0,0
WBGene00046656.,0,0,0
WBGene00046657.,0,0,0
WBGene00046658.,0,0,0
WBGene00046659.,0,0,0
WBGene00046660.,0,0,0
WBGene00046661.,0,0,0
WBGene00046662.,0,0,0
WBGene00046663.,0,0,0
WBGene00046664.,0,0,0
WBGene00046665.,0,0,0
WBGene00046666.,0,0,0
WBGene00046667.,0,0,0
WBGene00046668.,0,0,0
WBGene00046669.,0,0,0
WBGene00046670.,0,0,0
WBGene00046671.,0,0,0
WBGene00046672.,0,0,0
WBGene00046673.,0,0,0
WBGene00046674.,0,0,0
WBGene00046675.,0,0,0
WBGene00046676.,0,0,0
WBGene00046677.,0,0,0
WBGene00046678.,0,0,0
WBGene00046679.,0,0,0
WBGene00046680.,0,0,0
WBGene00046681.,0,0,0
WBGene00046682.,0,0,0
WBGene00046683.,0,0,0
WBGene00046684.,0,0,0
WBGene00046685.,0,0,0
WBGene00046686.,0,0,0
WBGene00046687.,0,0,0
WBGene00046688.,0,0,0
WBGene00046689.,0,0,0
WBGene00046690.,0,0,0
WBGene00046691.,0,0,0
WBGene00046692.,0,0,0
WBGene00046693.,0,0,0
WBGene00046694.,0,0,0
WBGene00046695.,0,0,0
WBGene00046696.,0,0,0
WBGene00046697.,0,0,0
WBGene00046698.,0,0,0
WBGene00046699.,0,0,0
WBGene00046700.,0,0,0
WBGene00046701.,0,0,0
WBGene00046702.,0,0,0
WBGene00046703.,0,0,0
WBGene00046704.,0,0,0
WBGene00046705.,0,0,0
WBGene00046706.,0,0,0
WBGene00046707.,0,0,0
WBGene00046708.,0,0,0
WBGene00046709.,0,0,0
WBGene00046710.,0,0,0
WBGene00046711.,0,0,0
WBGene00046712.,0,0,0
WBGene00046713.,0,0,0
WBGene00046714.,0,0,0
WBGene00046715.,0,0,0
WBGene00046716.,0,0,0
WBGene00046717.,0,0,0
WBGene00046718.,0,0,0
WBGene00046719.,0,0,0
WBGene00046720.,0,0,0
WBGene00046721.,0,0,0
WBGene00046722.,0,0,0
WBGene00046723.,0,0,0
WBGene00046724.,0,0,0
WBGene00046725.,0,0,0
WBGene00046726.,0,0,0
WBGene00046727.,0,0,0
WBGene00046728.,0,0,0
WBGene00046729.,0,0,0
WBGene00046730.,0,0,0
WBGene00046731.,0,0,0
WBGene00046732.,0,0,0
WBGene00046733.,0,0,0
WBGene00046734.,0,0,0
WBGene00046735.,0,0,0
WBGene00046736.,0,0,0
WBGene00046737.,0,0,0
WBGene00046738.,0,0,0
WBGene00046739.,0,0,0
WBGene00046740.,0,0,0
WBGene00046741.,0,0,0
WBGene00046742.,0,0,0
WBGene00046743.,0,0,0
WBGene00046744.,0,0,0
WBGene00046745.,0,0,0
WBGene00046746.,0,0,0
WBGene00046747.,0,0,0
WBGene00046748.,0,0,0
WBGene00046749.,0,0,0
WBGene00046750.,0,0,0
WBGene00046751.,0,0,0
WBGene00046752.,0,0,0
WBGene00046753.,0,0,0
WBGene00046754.,0,0,0
WBGene00046755.,0,0,0
WBGene00046756.,0,0,0
WBGene00046757.,0,0,0
WBGene00046758.,0,0,0
WBGene00046759.,0,0,0
WBGene00046760.,0,0,0
WBGene00046761.,0,0,0
WBGene00046762.,0,0,0
WBGene00046763.,0,0,0
WBGene00046764.,0,0,0
WBGene00046765.,0,0,0
WBGene00046766.,0,0,0
WBGene00046767.,0,0,0
WBGene00046768.,0,0,0
WBGene00046769.,0,0,0
WBGene00046770.,0,0,0
WBGene00046771.,0,0,0
WBGene00046772.,0,0,0
WBGene00046773.,0,0,0
WBGene00046774.,0,0,0
WBGene00046775.,0,0,0
WBGene00046776.,0,0,0
WBGene00046777.,0,0,0
WBGene00046778.,0,0,0
WBGene00046779.,0,0,0
WBGene00046780.,0,0,0
WBGene00046781.,0,0,0
WBGene00046782.,0,0,0
WBGene00046783.,0,0,0
WBGene00046784.,0,0,0
WBGene00046785.,0,0,0
WBGene00046786.,0,0,0
WBGene00046787.,0,0,0
WBGene00046788.,0,0,0
WBGene00046789.,0,0,0
WBGene00046790.,0,0,0
WBGene00046791.,0,0,0
WBGene00046792.,0,0,0
WBGene00046793.,0,0,0
WBGene00046794.,0,0,0
WBGene00046795.,0,0,0
WBGene00046796.,0,0,0
WBGene00046797.,0,0,0
WBGene00046798.,0,0,0
WBGene00046799.,0,0,0
WBGene00046800.,0,0,0
WBGene00046801.,0,0,0
WBGene00046802.,0,0,0
WBGene00046803.,0,0,0
WBGene00046804.,0,0,0
WBGene00046805.,0,0,0
WBGene00046806.,0,0,0
WBGene00046807.,0,0,0
WBGene00046808.,0,0,0
WBGene00046809.,0,0,0
WBGene00046810.,0,0,0
WBGene00046811.,0,0,0
WBGene00046812.,0,0,0
WBGene00046813.,0,0,0
WBGene00046814.,0,0,0
WBGene00046815.,0,0,0
WBGene00046816.,0,0,0
WBGene00046817.,0,0,0
WBGene00046818.,0,0,0
WBGene00046819.,0,0,0
WBGene00046820.,0,0,0
WBGene00046821.,0,0,0
WBGene00046822.,0,0,0
WBGene00046823.,0,0,0
WBGene00046824.,0,0,0
WBGene00046825.,0,0,0
WBGene00046826.,0,0,0
WBGene00046827.,0,0,0
WBGene00046828.,0,0,0
WBGene00046829.,0,0,0
WBGene00046830.,0,0,0
WBGene00046831.,0,0,0
WBGene00046832.,0,0,0
WBGene00046833.,0,0,0
WBGene00046834.,0,0,0
WBGene00046835.,0,0,0
WBGene00046836.,0,0,0
WBGene00046837.,0,0,0
WBGene00046838.,0,0,0
WBGene00046839.,0,0,0
WBGene00046840.,0,0,0
WBGene00046841.,0,0,0
WBGene00046842.,0,0,0
WBGene00046843.,0,0,0
WBGene00046844.,0,0,0
WBGene00046845.,0,0,0
WBGene00046846.,0,0,0
WBGene00046847.,0,0,0
WBGene00046848.,0,0,0
WBGene00046849.,0,0,0
WBGene00046850.,0,0,0
WBGene00046851.,0,0,0
WBGene00046852.,0,0,0
WBGene00046853.,0,0,0
WBGene00046854.,0,0,0
WBGene00046855.,0,0,0
WBGene00046856.,0,0,0
WBGene00046857.,0,0,0
WBGene00046858.,0,0,0
WBGene00046859.,0,0,0
WBGene00046860.,0,0,0
WBGene00046861.,0,0,0
WBGene00046862.,0,0,0
WBGene00046863.,0,0,0
WBGene00046864.,0,0,0
WBGene00046865.,0,0,0
WBGene00046866.,0,0,0
WBGene00046867.,0,0,0
WBGene00046868.,0,0,0
WBGene00046869.,0,0,0
WBGene00046870.,0,0,0
WBGene00046871.,0,0,0
WBGene00046872.,0,0,0
WBGene00046873.,0,0,0
WBGene00046874.,0,0,0
WBGene00046875.,0,0,0
WBGene00046876.,0,0,0
WBGene00046877.,0,0,0
WBGene00046878.,0,0,0
WBGene00046879.,0,0,0
WBGene00046880.,0,0,0
WBGene00046881.,0,0,0
WBGene00046882.,0,0,0
WBGene00046883.,0,0,0
WBGene00046884.,0,0,0
WBGene00046885.,0,0,0
WBGene00046886.,0,0,0
WBGene00046887.,0,0,0
WBGene00046888.,0,0,0
WBGene00046889.,0,0,0
WBGene00046890.,0,0,0
WBGene00046891.,0,0,0
WBGene00046892.,0,0,0
WBGene00046893.,0,0,0
WBGene00046894.,0,0,0
WBGene00046895.,0,0,0
WBGene00046896.,0,0,0
WBGene00046897.,0,0,0
WBGene00046898.,0,0,0
WBGene00046899.,0,0,0
WBGene00046900.,0,0,0
WBGene00046901.,0,0,0
WBGene00046902.,0,0,0
WBGene00046903.,0,0,0
WBGene00046904.,0,0,0
WBGene00046905.,0,0,0
WBGene00046906.,0,0,0
WBGene00046907.,0,0,0
WBGene00046908.,0,0,0
WBGene00046909.,0,0,0
WBGene00046910.,0,0,0
WBGene00046911.,0,0,0
WBGene00046912.,0,0,0
WBGene00046913.,0,0,0
WBGene00046914.,0,0,0
WBGene00046915.,0,0,0
WBGene00046916.,0,0,0
WBGene00046917.,0,0,0
WBGene00046918.,0,0,0
WBGene00046919.,0,0,0
WBGene00046920.,0,0,0
WBGene00046921.,0,0,0
WBGene00046922.,0,0,0
WBGene00046923.,0,0,0
WBGene00046924.,0,0,0
WBGene00046925.,0,0,0
WBGene00046926.,0,0,0
WBGene00046927.,0,0,0
WBGene00046928.,0,0,0
WBGene00046929.,0,0,0
WBGene00046930.,0,0,0
WBGene00046931.,0,0,0
WBGene00046932.,0,0,0
WBGene00046933.,0,0,0
WBGene00046934.,0,0,0
WBGene00046935.,0,0,0
WBGene00046936.,0,0,0
WBGene00046937.,0,0,0
WBGene00046938.,0,0,0
WBGene00046939.,0,0,0
WBGene00046940.,0,0,0
WBGene00046941.,0,0,0
WBGene00046942.,0,0,0
WBGene00046943.,0,0,0
WBGene00046944.,0,0,0
WBGene00046945.,0,0,0
WBGene00046946.,0,0,0
WBGene00046947.,0,0,0
WBGene00046948.,0,0,0
WBGene00046949.,0,0,0
WBGene00046950.,0,0,0
WBGene00046951.,0,0,0
WBGene00046952.,0,0,0
WBGene00046953.,0,0,0
WBGene00046954.,0,0,0
WBGene00046955.,0,0,0
WBGene00046956.,0,0,0
WBGene00046957.,0,0,0
WBGene00046958.,0,0,0
WBGene00046959.,0,0,0
WBGene00046960.,0,0,0
WBGene00046961.,0,0,0
WBGene00046962.,0,0,0
WBGene00046963.,0,0,0
WBGene00046964.,0,0,0
WBGene00046965.,0,0,0
WBGene00046966.,0,0,0
WBGene00046967.,0,0,0
WBGene00046968.,0,0,0
WBGene00046969.,0,0,0
WBGene00046970.,0,0,0
WBGene00046971.,0,0,0
WBGene00046972.,0,0,0
WBGene00046973.,0,0,0
WBGene00046974.,0,0,0
WBGene00046975.,0,0,0
WBGene00046976.,0,0,0
WBGene00046977.,0,0,0
WBGene00046978.,0,0,0
WBGene00046979.,0,0,0
WBGene00046980.,0,0,0
WBGene00046981.,0,0,0
WBGene00046982.,0,0,0
WBGene00046983.,0,0,0
WBGene00046984.,0,0,0
WBGene00046985.,0,0,0
WBGene00046986.,0,0,0
WBGene00046987.,0,0,0
WBGene00046988.,0,0,0
WBGene00046989.,0,0,0
WBGene00046990.,0,0,0
WBGene00046991.,0,0,0
WBGene00046992.,0,0,0
WBGene00046993.,0,0,0
WBGene00046994.,0,0,0
WBGene00046995.,0,0,0
WBGene00046996.,0,0,0
WBGene00046997.,0,0,0
WBGene00046998.,0,0,0
WBGene00046999.,0,0,0
WBGene00047000.,0,0,0
WBGene00047001.,0,0,0
WBGene00047002.,0,0,0
WBGene00047003.,0,0,0
WBGene00047004.,0,0,0
WBGene00047005.,0,0,0
WBGene00047006.,0,0,0
WBGene00047007.,0,0,0
WBGene00047008.,0,0,0
WBGene00047009.,0,0,0
WBGene00047010.,0,0,0
WBGene00047011.,0,0,0
WBGene00047012.,0,0,0
WBGene00047013.,0,0,0
WBGene00047014.,0,0,0
WBGene00047015.,0,0,0
WBGene00047016.,0,0,0
WBGene00047017.,0,0,0
WBGene00047018.,0,0,0
WBGene00047019.,0,0,0
WBGene00047020.,0,0,0
WBGene00047021.,0,0,0
WBGene00047022.,0,0,0
WBGene00047023.,0,0,0
WBGene00047024.,0,0,0
WBGene00047025.,0,0,0
WBGene00047026.,0,0,0
WBGene00047027.,0,0,0
WBGene00047028.,0,0,0
WBGene00047029.,0,0,0
WBGene00047030.,0,0,0
WBGene00047031.,0,0,0
WBGene00047032.,0,0,0
WBGene00047033.,0,0,0
WBGene00047034.,0,0,0
WBGene00047035.,0,0,0
WBGene00047036.,0,0,0
WBGene00047037.,0,0,0
WBGene00047038.,0,0,0
WBGene00047039.,0,0,0
WBGene00047040.,0,0,0
WBGene00047041.,0,0,0
WBGene00047042.,0,0,0
WBGene00047043.,0,0,0
WBGene00047044.,0,0,0
WBGene00047045.,0,0,0
WBGene00047046.,0,0,0
WBGene00047047.,0,0,0
WBGene00047048.,0,0,0
WBGene00047049.,0,0,0
WBGene00047050.,0,0,0
WBGene00047051.,0,0,0
WBGene00047052.,0,0,0
WBGene00047053.,0,0,0
WBGene00047054.,0,0,0
WBGene00047055.,0,0,0
WBGene00047056.,0,0,0
WBGene00047057.,0,0,0
WBGene00047058.,0,0,0
WBGene00047059.,0,0,0
WBGene00047060.,0,0,0
WBGene00047061.,0,0,0
WBGene00047062.,0,0,0
WBGene00047063.,0,0,0
WBGene00047064.,0,0,0
WBGene00047065.,0,0,0
WBGene00047066.,0,0,0
WBGene00047067.,0,0,0
WBGene00047068.,0,0,0
WBGene00047069.,0,0,0
WBGene00047070.,0,0,0
WBGene00047071.,0,0,0
WBGene00047072.,0,0,0
WBGene00047073.,0,0,0
WBGene00047074.,0,0,0
WBGene00047075.,0,0,0
WBGene00047076.,0,0,0
WBGene00047077.,0,0,0
WBGene00047078.,0,0,0
WBGene00047079.,0,0,0
WBGene00047080.,0,0,0
WBGene00047081.,0,0,0
WBGene00047082.,0,0,0
WBGene00047083.,0,0,0
WBGene00047084.,0,0,0
WBGene00047085.,0,0,0
WBGene00047086.,0,0,0
WBGene00047087.,0,0,0
WBGene00047088.,0,0,0
WBGene00047089.,0,0,0
WBGene00047090.,0,0,0
WBGene00047091.,0,0,0
WBGene00047092.,0,0,0
WBGene00047093.,0,0,0
WBGene00047094.,0,0,0
WBGene00047095.,0,0,0
WBGene00047096.,0,0,0
WBGene00047097.,0,0,0
WBGene00047098.,0,0,0
WBGene00047099.,0,0,0
WBGene00047100.,0,0,0
WBGene00047101.,0,0,0
WBGene00047102.,0,0,0
WBGene00047103.,0,0,0
WBGene00047104.,0,0,0
WBGene00047105.,0,0,0
WBGene00047106.,0,0,0
WBGene00047107.,0,0,0
WBGene00047108.,0,0,0
WBGene00047109.,0,0,0
WBGene00047110.,0,0,0
WBGene00047111.,0,0,0
WBGene00047112.,0,0,0
WBGene00047113.,0,0,0
WBGene00047114.,0,0,0
WBGene00047115.,0,0,0
WBGene00047116.,0,0,0
WBGene00047117.,0,0,0
WBGene00047118.,0,0,0
WBGene00047119.,0,0,0
WBGene00047120.,0,0,0
WBGene00047121.,0,0,0
WBGene00047122.,0,0,0
WBGene00047123.,0,0,0
WBGene00047124.,0,0,0
WBGene00047125.,0,0,0
WBGene00047126.,0,0,0
WBGene00047127.,0,0,0
WBGene00047128.,0,0,0
WBGene00047129.,0,0,0
WBGene00047130.,0,0,0
WBGene00047131.,0,0,0
WBGene00047132.,0,0,0
WBGene00047133.,0,0,0
WBGene00047134.,0,0,0
WBGene00047135.,0,0,0
WBGene00047136.,0,0,0
WBGene00047137.,0,0,0
WBGene00047138.,0,0,0
WBGene00047139.,0,0,0
WBGene00047140.,0,0,0
WBGene00047141.,0,0,0
WBGene00047142.,0,0,0
WBGene00047143.,0,0,0
WBGene00047144.,0,0,0
WBGene00047145.,0,0,0
WBGene00047146.,0,0,0
WBGene00047147.,0,0,0
WBGene00047148.,0,0,0
WBGene00047149.,0,0,0
WBGene00047150.,0,0,0
WBGene00047151.,0,0,0
WBGene00047152.,0,0,0
WBGene00047153.,0,0,0
WBGene00047154.,0,0,0
WBGene00047155.,0,0,0
WBGene00047156.,0,0,0
WBGene00047157.,0,0,0
WBGene00047158.,0,0,0
WBGene00047159.,0,0,0
WBGene00047160.,0,0,0
WBGene00047161.,0,0,0
WBGene00047162.,0,0,0
WBGene00047163.,0,0,0
WBGene00047164.,0,0,0
WBGene00047165.,0,0,0
WBGene00047166.,0,0,0
WBGene00047167.,0,0,0
WBGene00047168.,0,0,0
WBGene00047169.,0,0,0
WBGene00047170.,0,0,0
WBGene00047171.,0,0,0
WBGene00047172.,0,0,0
WBGene00047173.,0,0,0
WBGene00047174.,0,0,0
WBGene00047175.,0,0,0
WBGene00047176.,0,0,0
WBGene00047177.,0,0,0
WBGene00047178.,0,0,0
WBGene00047179.,0,0,0
WBGene00047180.,0,0,0
WBGene00047181.,0,0,0
WBGene00047182.,0,0,0
WBGene00047183.,0,0,0
WBGene00047184.,0,0,0
WBGene00047185.,0,0,0
WBGene00047186.,0,0,0
WBGene00047187.,0,0,0
WBGene00047188.,0,0,0
WBGene00047189.,0,0,0
WBGene00047190.,0,0,0
WBGene00047191.,0,0,0
WBGene00047192.,0,0,0
WBGene00047193.,0,0,0
WBGene00047194.,0,0,0
WBGene00047195.,0,0,0
WBGene00047196.,0,0,0
WBGene00047197.,0,0,0
WBGene00047198.,0,0,0
WBGene00047199.,0,0,0
WBGene00047200.,0,0,0
WBGene00047201.,0,0,0
WBGene00047202.,0,0,0
WBGene00047203.,0,0,0
WBGene00047204.,0,0,0
WBGene00047205.,0,0,0
WBGene00047206.,0,0,0
WBGene00047207.,0,0,0
WBGene00047208.,0,0,0
WBGene00047209.,0,0,0
WBGene00047210.,0,0,0
WBGene00047211.,0,0,0
WBGene00047212.,0,0,0
WBGene00047213.,0,0,0
WBGene00047214.,0,0,0
WBGene00047215.,0,0,0
WBGene00047216.,0,0,0
WBGene00047217.,0,0,0
WBGene00047218.,0,0,0
WBGene00047219.,0,0,0
WBGene00047220.,0,0,0
WBGene00047221.,0,0,0
WBGene00047222.,0,0,0
WBGene00047223.,0,0,0
WBGene00047224.,0,0,0
WBGene00047225.,0,0,0
WBGene00047226.,0,0,0
WBGene00047227.,0,0,0
WBGene00047228.,0,0,0
WBGene00047229.,0,0,0
WBGene00047230.,0,0,0
WBGene00047231.,0,0,0
WBGene00047232.,0,0,0
WBGene00047233.,0,0,0
WBGene00047234.,0,0,0
WBGene00047235.,0,0,0
WBGene00047236.,0,0,0
WBGene00047237.,0,0,0
WBGene00047238.,0,0,0
WBGene00047239.,0,0,0
WBGene00047240.,0,0,0
WBGene00047241.,0,0,0
WBGene00047242.,0,0,0
WBGene00047243.,0,0,0
WBGene00047244.,0,0,0
WBGene00047245.,0,0,0
WBGene00047246.,0,0,0
WBGene00047247.,0,0,0
WBGene00047248.,0,0,0
WBGene00047249.,0,0,0
WBGene00047250.,0,0,0
WBGene00047251.,0,0,0
WBGene00047252.,0,0,0
WBGene00047253.,0,0,0
WBGene00047254.,0,0,0
WBGene00047255.,0,0,0
WBGene00047256.,0,0,0
WBGene00047257.,0,0,0
WBGene00047258.,0,0,0
WBGene00047259.,0,0,0
WBGene00047260.,0,0,0
WBGene00047261.,0,0,0
WBGene00047262.,0,0,0
WBGene00047263.,0,0,0
WBGene00047264.,0,0,0
WBGene00047265.,0,0,0
WBGene00047266.,0,0,0
WBGene00047267.,0,0,0
WBGene00047268.,0,0,0
WBGene00047269.,0,0,0
WBGene00047270.,0,0,0
WBGene00047271.,0,0,0
WBGene00047272.,0,0,0
WBGene00047273.,0,0,0
WBGene00047274.,0,0,0
WBGene00047275.,0,0,0
WBGene00047276.,0,0,0
WBGene00047277.,0,0,0
WBGene00047278.,0,0,0
WBGene00047279.,0,0,0
WBGene00047280.,0,0,0
WBGene00047281.,0,0,0
WBGene00047282.,0,0,0
WBGene00047283.,0,0,0
WBGene00047284.,0,0,0
WBGene00047285.,0,0,0
WBGene00047286.,0,0,0
WBGene00047287.,0,0,0
WBGene00047288.,0,0,0
WBGene00047289.,0,0,0
WBGene00047290.,0,0,0
WBGene00047291.,0,0,0
WBGene00047292.,0,0,0
WBGene00047293.,0,0,0
WBGene00047294.,0,0,0
WBGene00047295.,0,0,0
WBGene00047296.,0,0,0
WBGene00047297.,0,0,0
WBGene00047298.,0,0,0
WBGene00047299.,0,0,0
WBGene00047300.,0,0,0
WBGene00047301.,0,0,0
WBGene00047302.,0,0,0
WBGene00047303.,0,0,0
WBGene00047304.,0,0,0
WBGene00047305.,0,0,0
WBGene00047306.,0,0,0
WBGene00047307.,0,0,0
WBGene00047308.,0,0,0
WBGene00047309.,0,0,0
WBGene00047310.,0,0,0
WBGene00047311.,0,0,0
WBGene00047312.,0,0,0
WBGene00047313.,0,0,0
WBGene00047314.,0,0,0
WBGene00047315.,0,0,0
WBGene00047316.,0,0,0
WBGene00047317.,0,0,0
WBGene00047318.,0,0,0
WBGene00047319.,0,0,0
WBGene00047320.,0,0,0
WBGene00047321.,0,0,0
WBGene00047322.,0,0,0
WBGene00047323.,0,0,0
WBGene00047324.,0,0,0
WBGene00047325.,0,0,0
WBGene00047326.,0,0,0
WBGene00047327.,0,0,0
WBGene00047328.,0,0,0
WBGene00047329.,0,0,0
WBGene00047330.,0,0,0
WBGene00047331.,0,0,0
WBGene00047332.,0,0,0
WBGene00047333.,0,0,0
WBGene00047334.,0,0,0
WBGene00047335.,0,0,0
WBGene00047336.,0,0,0
WBGene00047337.,0,0,0
WBGene00047338.,0,0,0
WBGene00047339.,0,0,0
WBGene00047340.,0,0,0
WBGene00047341.,0,0,0
WBGene00047342.,0,0,0
WBGene00047343.,0,0,0
WBGene00047344.,0,0,0
WBGene00047345.,0,0,0
WBGene00047346.,0,0,0
WBGene00047347.,0,0,0
WBGene00047348.,0,0,0
WBGene00047349.,0,0,0
WBGene00047350.,0,0,0
WBGene00047351.,0,0,0
WBGene00047352.,0,0,0
WBGene00047353.,0,0,0
WBGene00047354.,0,0,0
WBGene00047355.,0,0,0
WBGene00047356.,0,0,0
WBGene00047357.,0,0,0
WBGene00047358.,0,0,0
WBGene00047359.,0,0,0
WBGene00047360.,0,0,0
WBGene00047361.,0,0,0
WBGene00047362.,0,0,0
WBGene00047363.,0,0,0
WBGene00047364.,0,0,0
WBGene00047365.,0,0,0
WBGene00047366.,0,0,0
WBGene00047367.,0,0,0
WBGene00047368.,0,0,0
WBGene00047369.,0,0,0
WBGene00047370.,0,0,0
WBGene00047371.,0,0,0
WBGene00047372.,0,0,0
WBGene00047373.,0,0,0
WBGene00047374.,0,0,0
WBGene00047375.,0,0,0
WBGene00047376.,0,0,0
WBGene00047377.,0,0,0
WBGene00047378.,0,0,0
WBGene00047379.,0,0,0
WBGene00047380.,0,0,0
WBGene00047381.,0,0,0
WBGene00047382.,0,0,0
WBGene00047383.,0,0,0
WBGene00047384.,0,0,0
WBGene00047385.,0,0,0
WBGene00047386.,0,0,0
WBGene00047387.,0,0,0
WBGene00047388.,0,0,0
WBGene00047389.,0,0,0
WBGene00047390.,0,0,0
WBGene00047391.,0,0,0
WBGene00047392.,0,0,0
WBGene00047393.,0,0,0
WBGene00047394.,0,0,0
WBGene00047395.,0,0,0
WBGene00047396.,0,0,0
WBGene00047397.,0,0,0
WBGene00047398.,0,0,0
WBGene00047399.,0,0,0
WBGene00047400.,0,0,0
WBGene00047401.,0,0,0
WBGene00047402.,0,0,0
WBGene00047403.,0,0,0
WBGene00047404.,0,0,0
WBGene00047405.,0,0,0
WBGene00047406.,0,0,0
WBGene00047407.,0,0,0
WBGene00047408.,0,0,0
WBGene00047409.,0,0,0
WBGene00047410.,0,0,0
WBGene00047411.,0,0,0
WBGene00047412.,0,0,0
WBGene00047413.,0,0,0
WBGene00047414.,0,0,0
WBGene00047415.,0,0,0
WBGene00047416.,0,0,0
WBGene00047417.,0,0,0
WBGene00047418.,0,0,0
WBGene00047419.,0,0,0
WBGene00047420.,0,0,0
WBGene00047421.,0,0,0
WBGene00047422.,0,0,0
WBGene00047423.,0,0,0
WBGene00047424.,0,0,0
WBGene00047425.,0,0,0
WBGene00047426.,0,0,0
WBGene00047427.,0,0,0
WBGene00047428.,0,0,0
WBGene00047429.,0,0,0
WBGene00047430.,0,0,0
WBGene00047431.,0,0,0
WBGene00047432.,0,0,0
WBGene00047433.,0,0,0
WBGene00047434.,0,0,0
WBGene00047435.,0,0,0
WBGene00047436.,0,0,0
WBGene00047437.,0,0,0
WBGene00047438.,0,0,0
WBGene00047439.,0,0,0
WBGene00047440.,0,0,0
WBGene00047441.,0,0,0
WBGene00047442.,0,0,0
WBGene00047443.,0,0,0
WBGene00047444.,0,0,0
WBGene00047445.,0,0,0
WBGene00047446.,0,0,0
WBGene00047447.,0,0,0
WBGene00047448.,0,0,0
WBGene00047449.,0,0,0
WBGene00047450.,0,0,0
WBGene00047451.,0,0,0
WBGene00047452.,0,0,0
WBGene00047453.,0,0,0
WBGene00047454.,0,0,0
WBGene00047455.,0,0,0
WBGene00047456.,0,0,0
WBGene00047457.,0,0,0
WBGene00047458.,0,0,0
WBGene00047459.,0,0,0
WBGene00047460.,0,0,0
WBGene00047461.,0,0,0
WBGene00047462.,0,0,0
WBGene00047463.,0,0,0
WBGene00047464.,0,0,0
WBGene00047465.,0,0,0
WBGene00047466.,0,0,0
WBGene00047467.,0,0,0
WBGene00047468.,0,0,0
WBGene00047469.,0,0,0
WBGene00047470.,0,0,0
WBGene00047471.,0,0,0
WBGene00047472.,0,0,0
WBGene00047473.,0,0,0
WBGene00047474.,0,0,0
WBGene00047475.,0,0,0
WBGene00047476.,0,0,0
WBGene00047477.,0,0,0
WBGene00047478.,0,0,0
WBGene00047479.,0,0,0
WBGene00047480.,0,0,0
WBGene00047481.,0,0,0
WBGene00047482.,0,0,0
WBGene00047483.,0,0,0
WBGene00047484.,0,0,0
WBGene00047485.,0,0,0
WBGene00047486.,0,0,0
WBGene00047487.,0,0,0
WBGene00047488.,0,0,0
WBGene00047489.,0,0,0
WBGene00047490.,0,0,0
WBGene00047491.,0,0,0
WBGene00047492.,0,0,0
WBGene00047493.,0,0,0
WBGene00047494.,0,0,0
WBGene00047495.,0,0,0
WBGene00047496.,0,0,0
WBGene00047497.,0,0,0
WBGene00047498.,0,0,0
WBGene00047499.,0,0,0
WBGene00047500.,0,0,0
WBGene00047501.,0,0,0
WBGene00047502.,0,0,0
WBGene00047503.,0,0,0
WBGene00047504.,0,0,0
WBGene00047505.,0,0,0
WBGene00047506.,0,0,0
WBGene00047507.,0,0,0
WBGene00047508.,0,0,0
WBGene00047509.,0,0,0
WBGene00047510.,0,0,0
WBGene00047511.,0,0,0
WBGene00047512.,0,0,0
WBGene00047513.,0,0,0
WBGene00047514.,0,0,0
WBGene00047515.,0,0,0
WBGene00047516.,0,0,0
WBGene00047517.,0,0,0
WBGene00047518.,0,0,0
WBGene00047519.,0,0,0
WBGene00047520.,0,0,0
WBGene00047521.,0,0,0
WBGene00047522.,0,0,0
WBGene00047523.,0,0,0
WBGene00047524.,0,0,0
WBGene00047525.,0,0,0
WBGene00047526.,0,0,0
WBGene00047527.,0,0,0
WBGene00047528.,0,0,0
WBGene00047529.,0,0,0
WBGene00047530.,0,0,0
WBGene00047531.,0,0,0
WBGene00047532.,0,0,0
WBGene00047533.,0,0,0
WBGene00047534.,0,0,0
WBGene00047535.,0,0,0
WBGene00047536.,0,0,0
WBGene00047537.,0,0,0
WBGene00047538.,0,0,0
WBGene00047539.,0,0,0
WBGene00047540.,0,0,0
WBGene00047541.,0,0,0
WBGene00047542.,0,0,0
WBGene00047543.,0,0,0
WBGene00047544.,0,0,0
WBGene00047545.,0,0,0
WBGene00047546.,0,0,0
WBGene00047547.,0,0,0
WBGene00047548.,0,0,0
WBGene00047549.,0,0,0
WBGene00047550.,0,0,0
WBGene00047551.,0,0,0
WBGene00047552.,0,0,0
WBGene00047553.,0,0,0
WBGene00047554.,0,0,0
WBGene00047555.,0,0,0
WBGene00047556.,0,0,0
WBGene00047557.,0,0,0
WBGene00047558.,0,0,0
WBGene00047559.,0,0,0
WBGene00047560.,0,0,0
WBGene00047561.,0,0,0
WBGene00047562.,0,0,0
WBGene00047563.,0,0,0
WBGene00047564.,0,0,0
WBGene00047565.,0,0,0
WBGene00047566.,0,0,0
WBGene00047567.,0,0,0
WBGene00047568.,0,0,0
WBGene00047569.,0,0,0
WBGene00047570.,0,0,0
WBGene00047571.,0,0,0
WBGene00047572.,0,0,0
WBGene00047573.,0,0,0
WBGene00047574.,0,0,0
WBGene00047575.,0,0,0
WBGene00047576.,0,0,0
WBGene00047577.,0,0,0
WBGene00047578.,0,0,0
WBGene00047579.,0,0,0
WBGene00047580.,0,0,0
WBGene00047581.,0,0,0
WBGene00047582.,0,0,0
WBGene00047583.,0,0,0
WBGene00047584.,0,0,0
WBGene00047585.,0,0,0
WBGene00047586.,0,0,0
WBGene00047587.,0,0,0
WBGene00047588.,0,0,0
WBGene00047589.,0,0,0
WBGene00047590.,0,0,0
WBGene00047591.,0,0,0
WBGene00047592.,0,0,0
WBGene00047593.,0,0,0
WBGene00047594.,0,0,0
WBGene00047595.,0,0,0
WBGene00047596.,0,0,0
WBGene00047597.,0,0,0
WBGene00047598.,0,0,0
WBGene00047599.,0,0,0
WBGene00047600.,0,0,0
WBGene00047601.,0,0,0
WBGene00047602.,0,0,0
WBGene00047603.,0,0,0
WBGene00047604.,0,0,0
WBGene00047605.,0,0,0
WBGene00047606.,0,0,0
WBGene00047607.,0,0,0
WBGene00047608.,0,0,0
WBGene00047609.,0,0,0
WBGene00047610.,0,0,0
WBGene00047611.,0,0,0
WBGene00047612.,0,0,0
WBGene00047613.,0,0,0
WBGene00047614.,0,0,0
WBGene00047615.,0,0,0
WBGene00047616.,0,0,0
WBGene00047617.,0,0,0
WBGene00047618.,0,0,0
WBGene00047619.,0,0,0
WBGene00047620.,0,0,0
WBGene00047621.,0,0,0
WBGene00047622.,0,0,0
WBGene00047623.,0,0,0
WBGene00047624.,0,0,0
WBGene00047625.,0,0,0
WBGene00047626.,0,0,0
WBGene00047627.,0,0,0
WBGene00047628.,0,0,0
WBGene00047629.,0,0,0
WBGene00047630.,0,0,0
WBGene00047631.,0,0,0
WBGene00047632.,0,0,0
WBGene00047633.,0,0,0
WBGene00047634.,0,0,0
WBGene00047635.,0,0,0
WBGene00047636.,0,0,0
WBGene00047637.,0,0,0
WBGene00047638.,0,0,0
WBGene00047639.,0,0,0
WBGene00047640.,0,0,0
WBGene00047641.,0,0,0
WBGene00047642.,0,0,0
WBGene00047643.,0,0,0
WBGene00047644.,0,0,0
WBGene00047645.,0,0,0
WBGene00047646.,0,0,0
WBGene00047647.,0,0,0
WBGene00047648.,0,0,0
WBGene00047649.,0,0,0
WBGene00047650.,0,0,0
WBGene00047651.,0,0,0
WBGene00047652.,0,0,0
WBGene00047653.,0,0,0
WBGene00047654.,0,0,0
WBGene00047655.,0,0,0
WBGene00047656.,0,0,0
WBGene00047657.,0,0,0
WBGene00047658.,0,0,0
WBGene00047659.,0,0,0
WBGene00047660.,0,0,0
WBGene00047661.,0,0,0
WBGene00047662.,0,0,0
WBGene00047663.,0,0,0
WBGene00047664.,0,0,0
WBGene00047665.,0,0,0
WBGene00047666.,0,0,0
WBGene00047667.,0,0,0
WBGene00047668.,0,0,0
WBGene00047669.,0,0,0
WBGene00047670.,0,0,0
WBGene00047671.,0,0,0
WBGene00047672.,0,0,0
WBGene00047673.,0,0,0
WBGene00047674.,0,0,0
WBGene00047675.,0,0,0
WBGene00047676.,0,0,0
WBGene00047677.,0,0,0
WBGene00047678.,0,0,0
WBGene00047679.,0,0,0
WBGene00047680.,0,0,0
WBGene00047681.,0,0,0
WBGene00047682.,0,0,0
WBGene00047683.,0,0,0
WBGene00047684.,0,0,0
WBGene00047685.,0,0,0
WBGene00047686.,0,0,0
WBGene00047687.,0,0,0
WBGene00047688.,0,0,0
WBGene00047689.,0,0,0
WBGene00047690.,0,0,0
WBGene00047691.,0,0,0
WBGene00047692.,0,0,0
WBGene00047693.,0,0,0
WBGene00047694.,0,0,0
WBGene00047695.,0,0,0
WBGene00047696.,0,0,0
WBGene00047697.,0,0,0
WBGene00047698.,0,0,0
WBGene00047699.,0,0,0
WBGene00047700.,0,0,0
WBGene00047701.,0,0,0
WBGene00047702.,0,0,0
WBGene00047703.,0,0,0
WBGene00047704.,0,0,0
WBGene00047705.,0,0,0
WBGene00047706.,0,0,0
WBGene00047707.,0,0,0
WBGene00047708.,0,0,0
WBGene00047709.,0,0,0
WBGene00047710.,0,0,0
WBGene00047711.,0,0,0
WBGene00047712.,0,0,0
WBGene00047713.,0,0,0
WBGene00047714.,0,0,0
WBGene00047715.,0,0,0
WBGene00047716.,0,0,0
WBGene00047717.,0,0,0
WBGene00047718.,0,0,0
WBGene00047719.,0,0,0
WBGene00047720.,0,0,0
WBGene00047721.,0,0,0
WBGene00047722.,0,0,0
WBGene00047723.,0,0,0
WBGene00047724.,0,0,0
WBGene00047725.,0,0,0
WBGene00047726.,0,0,0
WBGene00047727.,0,0,0
WBGene00047728.,0,0,0
WBGene00047729.,0,0,0
WBGene00047730.,0,0,0
WBGene00047731.,0,0,0
WBGene00047732.,0,0,0
WBGene00047733.,0,0,0
WBGene00047734.,0,0,0
WBGene00047735.,0,0,0
WBGene00047736.,0,0,0
WBGene00047737.,0,0,0
WBGene00047738.,0,0,0
WBGene00047739.,0,0,0
WBGene00047740.,0,0,0
WBGene00047741.,0,0,0
WBGene00047742.,0,0,0
WBGene00047743.,0,0,0
WBGene00047744.,0,0,0
WBGene00047745.,0,0,0
WBGene00047746.,0,0,0
WBGene00047747.,0,0,0
WBGene00047748.,0,0,0
WBGene00047749.,0,0,0
WBGene00047750.,0,0,0
WBGene00047751.,0,0,0
WBGene00047752.,0,0,0
WBGene00047753.,0,0,0
WBGene00047754.,0,0,0
WBGene00047755.,0,0,0
WBGene00047756.,0,0,0
WBGene00047757.,0,0,0
WBGene00047758.,0,0,0
WBGene00047759.,0,0,0
WBGene00047760.,0,0,0
WBGene00047761.,0,0,0
WBGene00047762.,0,0,0
WBGene00047763.,0,0,0
WBGene00047764.,0,0,0
WBGene00047765.,0,0,0
WBGene00047766.,0,0,0
WBGene00047767.,0,0,0
WBGene00047768.,0,0,0
WBGene00047769.,0,0,0
WBGene00047770.,0,0,0
WBGene00047771.,0,0,0
WBGene00047772.,0,0,0
WBGene00047773.,0,0,0
WBGene00047774.,0,0,0
WBGene00047775.,0,0,0
WBGene00047776.,0,0,0
WBGene00047777.,0,0,0
WBGene00047778.,0,0,0
WBGene00047779.,0,0,0
WBGene00047780.,0,0,0
WBGene00047781.,0,0,0
WBGene00047782.,0,0,0
WBGene00047783.,0,0,0
WBGene00047784.,0,0,0
WBGene00047785.,0,0,0
WBGene00047786.,0,0,0
WBGene00047787.,0,0,0
WBGene00047788.,0,0,0
WBGene00047789.,0,0,0
WBGene00047790.,0,0,0
WBGene00047791.,0,0,0
WBGene00047792.,0,0,0
WBGene00047793.,0,0,0
WBGene00047794.,0,0,0
WBGene00047795.,0,0,0
WBGene00047796.,0,0,0
WBGene00047797.,0,0,0
WBGene00047798.,0,0,0
WBGene00047799.,0,0,0
WBGene00047800.,0,0,0
WBGene00047801.,0,0,0
WBGene00047802.,0,0,0
WBGene00047803.,0,0,0
WBGene00047804.,0,0,0
WBGene00047805.,0,0,0
WBGene00047806.,0,0,0
WBGene00047807.,0,0,0
WBGene00047808.,0,0,0
WBGene00047809.,0,0,0
WBGene00047810.,0,0,0
WBGene00047811.,0,0,0
WBGene00047812.,0,0,0
WBGene00047813.,0,0,0
WBGene00047814.,0,0,0
WBGene00047815.,0,0,0
WBGene00047816.,0,0,0
WBGene00047817.,0,0,0
WBGene00047818.,0,0,0
WBGene00047819.,0,0,0
WBGene00047820.,0,0,0
WBGene00047821.,0,0,0
WBGene00047822.,0,0,0
WBGene00047823.,0,0,0
WBGene00047824.,0,0,0
WBGene00047825.,0,0,0
WBGene00047826.,0,0,0
WBGene00047827.,0,0,0
WBGene00047828.,0,0,0
WBGene00047829.,0,0,0
WBGene00047830.,0,0,0
WBGene00047831.,0,0,0
WBGene00047832.,0,0,0
WBGene00047833.,0,0,0
WBGene00047834.,0,0,0
WBGene00047835.,0,0,0
WBGene00047836.,0,0,0
WBGene00047837.,0,0,0
WBGene00047838.,0,0,0
WBGene00047839.,0,0,0
WBGene00047840.,0,0,0
WBGene00047841.,0,0,0
WBGene00047842.,0,0,0
WBGene00047843.,0,0,0
WBGene00047844.,0,0,0
WBGene00047845.,0,0,0
WBGene00047846.,0,0,0
WBGene00047847.,0,0,0
WBGene00047848.,0,0,0
WBGene00047849.,0,0,0
WBGene00047850.,0,0,0
WBGene00047851.,0,0,0
WBGene00047852.,0,0,0
WBGene00047853.,0,0,0
WBGene00047854.,0,0,0
WBGene00047855.,0,0,0
WBGene00047856.,0,0,0
WBGene00047857.,0,0,0
WBGene00047858.,0,0,0
WBGene00047859.,0,0,0
WBGene00047860.,0,0,0
WBGene00047861.,0,0,0
WBGene00047862.,0,0,0
WBGene00047863.,0,0,0
WBGene00047864.,0,0,0
WBGene00047865.,0,0,0
WBGene00047866.,0,0,0
WBGene00047867.,0,0,0
WBGene00047868.,0,0,0
WBGene00047869.,0,0,0
WBGene00047870.,0,0,0
WBGene00047871.,0,0,0
WBGene00047872.,0,0,0
WBGene00047873.,0,0,0
WBGene00047874.,0,0,0
WBGene00047875.,0,0,0
WBGene00047876.,0,0,0
WBGene00047877.,0,0,0
WBGene00047878.,0,0,0
WBGene00047879.,0,0,0
WBGene00047880.,0,0,0
WBGene00047881.,0,0,0
WBGene00047882.,0,0,0
WBGene00047883.,0,0,0
WBGene00047884.,0,0,0
WBGene00047885.,0,0,0
WBGene00047886.,0,0,0
WBGene00047887.,0,0,0
WBGene00047888.,0,0,0
WBGene00047889.,0,0,0
WBGene00047890.,0,0,0
WBGene00047891.,0,0,0
WBGene00047892.,0,0,0
WBGene00047893.,0,0,0
WBGene00047894.,0,0,0
WBGene00047895.,0,0,0
WBGene00047896.,0,0,0
WBGene00047897.,0,0,0
WBGene00047898.,0,0,0
WBGene00047899.,0,0,0
WBGene00047900.,0,0,0
WBGene00047901.,0,0,0
WBGene00047902.,0,0,0
WBGene00047903.,0,0,0
WBGene00047905.,0,0,0
WBGene00047906.,0,0,0
WBGene00047907.,0,0,0
WBGene00047908.,0,0,0
WBGene00047909.,0,0,0
WBGene00047910.,0,0,0
WBGene00047911.,0,0,0
WBGene00047912.,0,0,0
WBGene00047913.,0,0,0
WBGene00047914.,0,0,0
WBGene00047915.,0,0,0
WBGene00047916.,0,0,0
WBGene00047917.,0,0,0
WBGene00047918.,0,0,0
WBGene00047919.,0,0,0
WBGene00047920.,0,0,0
WBGene00047921.,0,0,0
WBGene00047922.,0,0,0
WBGene00047923.,0,0,0
WBGene00047924.,0,0,0
WBGene00047925.,0,0,0
WBGene00047926.,0,0,0
WBGene00047927.,0,0,0
WBGene00047928.,0,0,0
WBGene00047929.,0,0,0
WBGene00047930.,0,0,0
WBGene00047931.,0,0,0
WBGene00047932.,0,0,0
WBGene00047933.,0,0,0
WBGene00047934.,0,0,0
WBGene00047935.,0,0,0
WBGene00047936.,0,0,0
WBGene00047937.,0,0,0
WBGene00047938.,0,0,0
WBGene00047939.,0,0,0
WBGene00047940.,0,0,0
WBGene00047941.,0,0,0
WBGene00047942.,0,0,0
WBGene00047943.,0,0,0
WBGene00047944.,0,0,0
WBGene00047945.,0,0,0
WBGene00047946.,0,0,0
WBGene00047947.,0,0,0
WBGene00047948.,0,0,0
WBGene00047949.,0,0,0
WBGene00047950.,0,0,0
WBGene00047951.,0,0,0
WBGene00047952.,0,0,0
WBGene00047953.,0,0,0
WBGene00047954.,0,0,0
WBGene00047955.,0,0,0
WBGene00047956.,0,0,0
WBGene00047957.,0,0,0
WBGene00047958.,0,0,0
WBGene00047959.,0,0,0
WBGene00047960.,0,0,0
WBGene00047961.,0,0,0
WBGene00047962.,0,0,0
WBGene00047963.,0,0,0
WBGene00047964.,0,0,0
WBGene00047965.,0,0,0
WBGene00047966.,0,0,0
WBGene00047967.,0,0,0
WBGene00047968.,0,0,0
WBGene00047969.,0,0,0
WBGene00047970.,0,0,0
WBGene00047971.,0,0,0
WBGene00047972.,0,0,0
WBGene00047973.,0,0,0
WBGene00047974.,0,0,0
WBGene00047975.,0,0,0
WBGene00047976.,0,0,0
WBGene00047977.,0,0,0
WBGene00047978.,0,0,0
WBGene00047979.,0,0,0
WBGene00047980.,0,0,0
WBGene00047981.,0,0,0
WBGene00047982.,0,0,0
WBGene00047983.,0,0,0
WBGene00047984.,0,0,0
WBGene00047985.,0,0,0
WBGene00047986.,0,0,0
WBGene00047987.,0,0,0
WBGene00047988.,0,0,0
WBGene00047989.,0,0,0
WBGene00047990.,0,0,0
WBGene00047991.,0,0,0
WBGene00047992.,0,0,0
WBGene00047993.,0,0,0
WBGene00047994.,0,0,0
WBGene00047995.,0,0,0
WBGene00047996.,0,0,0
WBGene00047997.,0,0,0
WBGene00047998.,0,0,0
WBGene00047999.,0,0,0
WBGene00048000.,0,0,0
WBGene00048001.,0,0,0
WBGene00048002.,0,0,0
WBGene00048003.,0,0,0
WBGene00048004.,0,0,0
WBGene00048005.,0,0,0
WBGene00048006.,0,0,0
WBGene00048007.,0,0,0
WBGene00048008.,0,0,0
WBGene00048009.,0,0,0
WBGene00048010.,0,0,0
WBGene00048011.,0,0,0
WBGene00048012.,0,0,0
WBGene00048013.,0,0,0
WBGene00048014.,0,0,0
WBGene00048015.,0,0,0
WBGene00048016.,0,0,0
WBGene00048017.,0,0,0
WBGene00048018.,0,0,0
WBGene00048019.,0,0,0
WBGene00048020.,0,0,0
WBGene00048021.,0,0,0
WBGene00048022.,0,0,0
WBGene00048023.,0,0,0
WBGene00048024.,0,0,0
WBGene00048025.,0,0,0
WBGene00048026.,0,0,0
WBGene00048027.,0,0,0
WBGene00048028.,0,0,0
WBGene00048029.,0,0,0
WBGene00048030.,0,0,0
WBGene00048031.,0,0,0
WBGene00048032.,0,0,0
WBGene00048033.,0,0,0
WBGene00048034.,0,0,0
WBGene00048035.,0,0,0
WBGene00048036.,0,0,0
WBGene00048037.,0,0,0
WBGene00048038.,0,0,0
WBGene00048039.,0,0,0
WBGene00048040.,0,0,0
WBGene00048041.,0,0,0
WBGene00048042.,0,0,0
WBGene00048043.,0,0,0
WBGene00048044.,0,0,0
WBGene00048045.,0,0,0
WBGene00048046.,0,0,0
WBGene00048047.,0,0,0
WBGene00048048.,0,0,0
WBGene00048049.,0,0,0
WBGene00048050.,0,0,0
WBGene00048051.,0,0,0
WBGene00048052.,0,0,0
WBGene00048053.,0,0,0
WBGene00048054.,0,0,0
WBGene00048055.,0,0,0
WBGene00048056.,0,0,0
WBGene00048057.,0,0,0
WBGene00048058.,0,0,0
WBGene00048059.,0,0,0
WBGene00048060.,0,0,0
WBGene00048061.,0,0,0
WBGene00048062.,0,0,0
WBGene00048063.,0,0,0
WBGene00048064.,0,0,0
WBGene00048065.,0,0,0
WBGene00048066.,0,0,0
WBGene00048067.,0,0,0
WBGene00048068.,0,0,0
WBGene00048069.,0,0,0
WBGene00048070.,0,0,0
WBGene00048071.,0,0,0
WBGene00048072.,0,0,0
WBGene00048073.,0,0,0
WBGene00048074.,0,0,0
WBGene00048075.,0,0,0
WBGene00048076.,0,0,0
WBGene00048077.,0,0,0
WBGene00048078.,0,0,0
WBGene00048079.,0,0,0
WBGene00048080.,0,0,0
WBGene00048081.,0,0,0
WBGene00048082.,0,0,0
WBGene00048083.,0,0,0
WBGene00048084.,0,0,0
WBGene00048085.,0,0,0
WBGene00048086.,0,0,0
WBGene00048087.,0,0,0
WBGene00048088.,0,0,0
WBGene00048089.,0,0,0
WBGene00048090.,0,0,0
WBGene00048091.,0,0,0
WBGene00048092.,0,0,0
WBGene00048093.,0,0,0
WBGene00048094.,0,0,0
WBGene00048095.,0,0,0
WBGene00048096.,0,0,0
WBGene00048097.,0,0,0
WBGene00048098.,0,0,0
WBGene00048099.,0,0,0
WBGene00048100.,0,0,0
WBGene00048101.,0,0,0
WBGene00048102.,0,0,0
WBGene00048103.,0,0,0
WBGene00048104.,0,0,0
WBGene00048105.,0,0,0
WBGene00048106.,0,0,0
WBGene00048107.,0,0,0
WBGene00048108.,0,0,0
WBGene00048109.,0,0,0
WBGene00048110.,0,0,0
WBGene00048111.,0,0,0
WBGene00048112.,0,0,0
WBGene00048113.,0,0,0
WBGene00048114.,0,0,0
WBGene00048115.,0,0,0
WBGene00048116.,0,0,0
WBGene00048117.,0,0,0
WBGene00048118.,0,0,0
WBGene00048119.,0,0,0
WBGene00048120.,0,0,0
WBGene00048121.,0,0,0
WBGene00048122.,0,0,0
WBGene00048123.,0,0,0
WBGene00048124.,0,0,0
WBGene00048125.,0,0,0
WBGene00048126.,0,0,0
WBGene00048127.,0,0,0
WBGene00048128.,0,0,0
WBGene00048129.,0,0,0
WBGene00048130.,0,0,0
WBGene00048131.,0,0,0
WBGene00048132.,0,0,0
WBGene00048133.,0,0,0
WBGene00048134.,0,0,0
WBGene00048135.,0,0,0
WBGene00048136.,0,0,0
WBGene00048137.,0,0,0
WBGene00048138.,0,0,0
WBGene00048139.,0,0,0
WBGene00048140.,0,0,0
WBGene00048141.,0,0,0
WBGene00048142.,0,0,0
WBGene00048143.,0,0,0
WBGene00048144.,0,0,0
WBGene00048145.,0,0,0
WBGene00048146.,0,0,0
WBGene00048147.,0,0,0
WBGene00048148.,0,0,0
WBGene00048149.,0,0,0
WBGene00048150.,0,0,0
WBGene00048151.,0,0,0
WBGene00048152.,0,0,0
WBGene00048153.,0,0,0
WBGene00048154.,0,0,0
WBGene00048155.,0,0,0
WBGene00048156.,0,0,0
WBGene00048157.,0,0,0
WBGene00048158.,0,0,0
WBGene00048159.,0,0,0
WBGene00048160.,0,0,0
WBGene00048161.,0,0,0
WBGene00048162.,0,0,0
WBGene00048163.,0,0,0
WBGene00048164.,0,0,0
WBGene00048165.,0,0,0
WBGene00048166.,0,0,0
WBGene00048167.,0,0,0
WBGene00048168.,0,0,0
WBGene00048169.,0,0,0
WBGene00048170.,0,0,0
WBGene00048171.,0,0,0
WBGene00048172.,0,0,0
WBGene00048173.,0,0,0
WBGene00048174.,0,0,0
WBGene00048175.,0,0,0
WBGene00048176.,0,0,0
WBGene00048177.,0,0,0
WBGene00048178.,0,0,0
WBGene00048179.,0,0,0
WBGene00048180.,0,0,0
WBGene00048181.,0,0,0
WBGene00048182.,0,0,0
WBGene00048183.,0,0,0
WBGene00048184.,0,0,0
WBGene00048185.,0,0,0
WBGene00048186.,0,0,0
WBGene00048187.,0,0,0
WBGene00048188.,0,0,0
WBGene00048189.,0,0,0
WBGene00048190.,0,0,0
WBGene00048191.,0,0,0
WBGene00048192.,0,0,0
WBGene00048193.,0,0,0
WBGene00048194.,0,0,0
WBGene00048195.,0,0,0
WBGene00048196.,0,0,0
WBGene00048197.,0,0,0
WBGene00048198.,0,0,0
WBGene00048199.,0,0,0
WBGene00048200.,0,0,0
WBGene00048201.,0,0,0
WBGene00048202.,0,0,0
WBGene00048203.,0,0,0
WBGene00048204.,0,0,0
WBGene00048205.,0,0,0
WBGene00048206.,0,0,0
WBGene00048207.,0,0,0
WBGene00048208.,0,0,0
WBGene00048209.,0,0,0
WBGene00048210.,0,0,0
WBGene00048211.,0,0,0
WBGene00048212.,0,0,0
WBGene00048213.,0,0,0
WBGene00048214.,0,0,0
WBGene00048215.,0,0,0
WBGene00048216.,0,0,0
WBGene00048217.,0,0,0
WBGene00048218.,0,0,0
WBGene00048219.,0,0,0
WBGene00048220.,0,0,0
WBGene00048221.,0,0,0
WBGene00048222.,0,0,0
WBGene00048223.,0,0,0
WBGene00048224.,0,0,0
WBGene00048225.,0,0,0
WBGene00048226.,0,0,0
WBGene00048227.,0,0,0
WBGene00048228.,0,0,0
WBGene00048229.,0,0,0
WBGene00048230.,0,0,0
WBGene00048231.,0,0,0
WBGene00048232.,0,0,0
WBGene00048233.,0,0,0
WBGene00048234.,0,0,0
WBGene00048235.,0,0,0
WBGene00048236.,0,0,0
WBGene00048237.,0,0,0
WBGene00048238.,0,0,0
WBGene00048239.,0,0,0
WBGene00048240.,0,0,0
WBGene00048241.,0,0,0
WBGene00048242.,0,0,0
WBGene00048243.,0,0,0
WBGene00048244.,0,0,0
WBGene00048245.,0,0,0
WBGene00048246.,0,0,0
WBGene00048247.,0,0,0
WBGene00048248.,0,0,0
WBGene00048249.,0,0,0
WBGene00048250.,0,0,0
WBGene00048251.,0,0,0
WBGene00048252.,0,0,0
WBGene00048253.,0,0,0
WBGene00048254.,0,0,0
WBGene00048255.,0,0,0
WBGene00048256.,0,0,0
WBGene00048257.,0,0,0
WBGene00048258.,0,0,0
WBGene00048259.,0,0,0
WBGene00048260.,0,0,0
WBGene00048261.,0,0,0
WBGene00048262.,0,0,0
WBGene00048263.,0,0,0
WBGene00048264.,0,0,0
WBGene00048265.,0,0,0
WBGene00048266.,0,0,0
WBGene00048267.,0,0,0
WBGene00048268.,0,0,0
WBGene00048269.,0,0,0
WBGene00048270.,0,0,0
WBGene00048271.,0,0,0
WBGene00048272.,0,0,0
WBGene00048273.,0,0,0
WBGene00048274.,0,0,0
WBGene00048275.,0,0,0
WBGene00048276.,0,0,0
WBGene00048277.,0,0,0
WBGene00048278.,0,0,0
WBGene00048279.,0,0,0
WBGene00048280.,0,0,0
WBGene00048281.,0,0,0
WBGene00048282.,0,0,0
WBGene00048283.,0,0,0
WBGene00048284.,0,0,0
WBGene00048285.,0,0,0
WBGene00048286.,0,0,0
WBGene00048287.,0,0,0
WBGene00048288.,0,0,0
WBGene00048289.,0,0,0
WBGene00048290.,0,0,0
WBGene00048291.,0,0,0
WBGene00048292.,0,0,0
WBGene00048293.,0,0,0
WBGene00048294.,0,0,0
WBGene00048295.,0,0,0
WBGene00048296.,0,0,0
WBGene00048297.,0,0,0
WBGene00048298.,0,0,0
WBGene00048299.,0,0,0
WBGene00048300.,0,0,0
WBGene00048301.,0,0,0
WBGene00048302.,0,0,0
WBGene00048303.,0,0,0
WBGene00048304.,0,0,0
WBGene00048305.,0,0,0
WBGene00048306.,0,0,0
WBGene00048307.,0,0,0
WBGene00048308.,0,0,0
WBGene00048309.,0,0,0
WBGene00048310.,0,0,0
WBGene00048311.,0,0,0
WBGene00048312.,0,0,0
WBGene00048313.,0,0,0
WBGene00048314.,0,0,0
WBGene00048315.,0,0,0
WBGene00048316.,0,0,0
WBGene00048317.,0,0,0
WBGene00048318.,0,0,0
WBGene00048319.,0,0,0
WBGene00048320.,0,0,0
WBGene00048321.,0,0,0
WBGene00048322.,0,0,0
WBGene00048323.,0,0,0
WBGene00048324.,0,0,0
WBGene00048325.,0,0,0
WBGene00048326.,0,0,0
WBGene00048327.,0,0,0
WBGene00048328.,0,0,0
WBGene00048329.,0,0,0
WBGene00048330.,0,0,0
WBGene00048331.,0,0,0
WBGene00048332.,0,0,0
WBGene00048333.,0,0,0
WBGene00048334.,0,0,0
WBGene00048335.,0,0,0
WBGene00048336.,0,0,0
WBGene00048337.,0,0,0
WBGene00048338.,0,0,0
WBGene00048339.,0,0,0
WBGene00048340.,0,0,0
WBGene00048341.,0,0,0
WBGene00048342.,0,0,0
WBGene00048343.,0,0,0
WBGene00048344.,0,0,0
WBGene00048345.,0,0,0
WBGene00048346.,0,0,0
WBGene00048347.,0,0,0
WBGene00048348.,0,0,0
WBGene00048349.,0,0,0
WBGene00048350.,0,0,0
WBGene00048351.,0,0,0
WBGene00048352.,0,0,0
WBGene00048353.,0,0,0
WBGene00048354.,0,0,0
WBGene00048355.,0,0,0
WBGene00048356.,0,0,0
WBGene00048357.,0,0,0
WBGene00048358.,0,0,0
WBGene00048359.,0,0,0
WBGene00048360.,0,0,0
WBGene00048361.,0,0,0
WBGene00048362.,0,0,0
WBGene00048363.,0,0,0
WBGene00048364.,0,0,0
WBGene00048365.,0,0,0
WBGene00048366.,0,0,0
WBGene00048367.,0,0,0
WBGene00048368.,0,0,0
WBGene00048369.,0,0,0
WBGene00048370.,0,0,0
WBGene00048371.,0,0,0
WBGene00048372.,0,0,0
WBGene00048373.,0,0,0
WBGene00048374.,0,0,0
WBGene00048375.,0,0,0
WBGene00048376.,0,0,0
WBGene00048377.,0,0,0
WBGene00048378.,0,0,0
WBGene00048379.,0,0,0
WBGene00048380.,0,0,0
WBGene00048381.,0,0,0
WBGene00048382.,0,0,0
WBGene00048383.,0,0,0
WBGene00048384.,0,0,0
WBGene00048385.,0,0,0
WBGene00048386.,0,0,0
WBGene00048387.,0,0,0
WBGene00048388.,0,0,0
WBGene00048389.,0,0,0
WBGene00048390.,0,0,0
WBGene00048391.,0,0,0
WBGene00048392.,0,0,0
WBGene00048393.,0,0,0
WBGene00048394.,0,0,0
WBGene00048395.,0,0,0
WBGene00048396.,0,0,0
WBGene00048397.,0,0,0
WBGene00048398.,0,0,0
WBGene00048399.,0,0,0
WBGene00048400.,0,0,0
WBGene00048401.,0,0,0
WBGene00048402.,0,0,0
WBGene00048403.,0,0,0
WBGene00048404.,0,0,0
WBGene00048405.,0,0,0
WBGene00048406.,0,0,0
WBGene00048407.,0,0,0
WBGene00048408.,0,0,0
WBGene00048409.,0,0,0
WBGene00048410.,0,0,0
WBGene00048411.,0,0,0
WBGene00048412.,0,0,0
WBGene00048413.,0,0,0
WBGene00048414.,0,0,0
WBGene00048415.,0,0,0
WBGene00048416.,0,0,0
WBGene00048417.,0,0,0
WBGene00048418.,0,0,0
WBGene00048419.,0,0,0
WBGene00048420.,0,0,0
WBGene00048421.,0,0,0
WBGene00048422.,0,0,0
WBGene00048423.,0,0,0
WBGene00048424.,0,0,0
WBGene00048425.,0,0,0
WBGene00048426.,0,0,0
WBGene00048427.,0,0,0
WBGene00048428.,0,0,0
WBGene00048429.,0,0,0
WBGene00048430.,0,0,0
WBGene00048431.,0,0,0
WBGene00048432.,0,0,0
WBGene00048433.,0,0,0
WBGene00048434.,0,0,0
WBGene00048435.,0,0,0
WBGene00048436.,0,0,0
WBGene00048437.,0,0,0
WBGene00048438.,0,0,0
WBGene00048439.,0,0,0
WBGene00048440.,0,0,0
WBGene00048441.,0,0,0
WBGene00048442.,0,0,0
WBGene00048443.,0,0,0
WBGene00048444.,0,0,0
WBGene00048445.,0,0,0
WBGene00048446.,0,0,0
WBGene00048447.,0,0,0
WBGene00048448.,0,0,0
WBGene00048449.,0,0,0
WBGene00048450.,0,0,0
WBGene00048451.,0,0,0
WBGene00048452.,0,0,0
WBGene00048453.,0,0,0
WBGene00048454.,0,0,0
WBGene00048455.,0,0,0
WBGene00048456.,0,0,0
WBGene00048457.,0,0,0
WBGene00048458.,0,0,0
WBGene00048459.,0,0,0
WBGene00048460.,0,0,0
WBGene00048461.,0,0,0
WBGene00048462.,0,0,0
WBGene00048463.,0,0,0
WBGene00048464.,0,0,0
WBGene00048465.,0,0,0
WBGene00048466.,0,0,0
WBGene00048467.,0,0,0
WBGene00048468.,0,0,0
WBGene00048469.,0,0,0
WBGene00048470.,0,0,0
WBGene00048471.,0,0,0
WBGene00048472.,0,0,0
WBGene00048473.,0,0,0
WBGene00048474.,0,0,0
WBGene00048475.,0,0,0
WBGene00048476.,0,0,0
WBGene00048477.,0,0,0
WBGene00048478.,0,0,0
WBGene00048479.,0,0,0
WBGene00048480.,0,0,0
WBGene00048481.,0,0,0
WBGene00048482.,0,0,0
WBGene00048483.,0,0,0
WBGene00048484.,0,0,0
WBGene00048485.,0,0,0
WBGene00048486.,0,0,0
WBGene00048487.,0,0,0
WBGene00048488.,0,0,0
WBGene00048489.,0,0,0
WBGene00048490.,0,0,0
WBGene00048491.,0,0,0
WBGene00048492.,0,0,0
WBGene00048493.,0,0,0
WBGene00048494.,0,0,0
WBGene00048495.,0,0,0
WBGene00048496.,0,0,0
WBGene00048497.,0,0,0
WBGene00048498.,0,0,0
WBGene00048499.,0,0,0
WBGene00048500.,0,0,0
WBGene00048501.,0,0,0
WBGene00048502.,0,0,0
WBGene00048503.,0,0,0
WBGene00048504.,0,0,0
WBGene00048505.,0,0,0
WBGene00048506.,0,0,0
WBGene00048507.,0,0,0
WBGene00048508.,0,0,0
WBGene00048509.,0,0,0
WBGene00048510.,0,0,0
WBGene00048511.,0,0,0
WBGene00048512.,0,0,0
WBGene00048513.,0,0,0
WBGene00048514.,0,0,0
WBGene00048515.,0,0,0
WBGene00048516.,0,0,0
WBGene00048517.,0,0,0
WBGene00048518.,0,0,0
WBGene00048519.,0,0,0
WBGene00048520.,0,0,0
WBGene00048521.,0,0,0
WBGene00048522.,0,0,0
WBGene00048523.,0,0,0
WBGene00048524.,0,0,0
WBGene00048525.,0,0,0
WBGene00048526.,0,0,0
WBGene00048527.,0,0,0
WBGene00048528.,0,0,0
WBGene00048529.,0,0,0
WBGene00048530.,0,0,0
WBGene00048531.,0,0,0
WBGene00048532.,0,0,0
WBGene00048533.,0,0,0
WBGene00048534.,0,0,0
WBGene00048535.,0,0,0
WBGene00048536.,0,0,0
WBGene00048537.,0,0,0
WBGene00048538.,0,0,0
WBGene00048539.,0,0,0
WBGene00048540.,0,0,0
WBGene00048541.,0,0,0
WBGene00048542.,0,0,0
WBGene00048543.,0,0,0
WBGene00048544.,0,0,0
WBGene00048545.,0,0,0
WBGene00048546.,0,0,0
WBGene00048547.,0,0,0
WBGene00048548.,0,0,0
WBGene00048549.,0,0,0
WBGene00048550.,0,0,0
WBGene00048551.,0,0,0
WBGene00048552.,0,0,0
WBGene00048553.,0,0,0
WBGene00048554.,0,0,0
WBGene00048555.,0,0,0
WBGene00048556.,0,0,0
WBGene00048557.,0,0,0
WBGene00048558.,0,0,0
WBGene00048559.,0,0,0
WBGene00048560.,0,0,0
WBGene00048561.,0,0,0
WBGene00048562.,0,0,0
WBGene00048563.,0,0,0
WBGene00048564.,0,0,0
WBGene00048565.,0,0,0
WBGene00048566.,0,0,0
WBGene00048567.,0,0,0
WBGene00048568.,0,0,0
WBGene00048569.,0,0,0
WBGene00048570.,0,0,0
WBGene00048571.,0,0,0
WBGene00048572.,0,0,0
WBGene00048573.,0,0,0
WBGene00048574.,0,0,0
WBGene00048575.,0,0,0
WBGene00048576.,0,0,0
WBGene00048577.,0,0,0
WBGene00048578.,0,0,0
WBGene00048579.,0,0,0
WBGene00048580.,0,0,0
WBGene00048581.,0,0,0
WBGene00048582.,0,0,0
WBGene00048583.,0,0,0
WBGene00048584.,0,0,0
WBGene00048585.,0,0,0
WBGene00048586.,0,0,0
WBGene00048587.,0,0,0
WBGene00048588.,0,0,0
WBGene00048589.,0,0,0
WBGene00048590.,0,0,0
WBGene00048591.,0,0,0
WBGene00048592.,0,0,0
WBGene00048593.,0,0,0
WBGene00048594.,0,0,0
WBGene00048595.,0,0,0
WBGene00048596.,0,0,0
WBGene00048597.,0,0,0
WBGene00048598.,0,0,0
WBGene00048599.,0,0,0
WBGene00048600.,0,0,0
WBGene00048601.,0,0,0
WBGene00048602.,0,0,0
WBGene00048603.,0,0,0
WBGene00048604.,0,0,0
WBGene00048605.,0,0,0
WBGene00048606.,0,0,0
WBGene00048607.,0,0,0
WBGene00048608.,0,0,0
WBGene00048609.,0,0,0
WBGene00048610.,0,0,0
WBGene00048611.,0,0,0
WBGene00048612.,0,0,0
WBGene00048613.,0,0,0
WBGene00048614.,0,0,0
WBGene00048615.,0,0,0
WBGene00048616.,0,0,0
WBGene00048617.,0,0,0
WBGene00048618.,0,0,0
WBGene00048619.,0,0,0
WBGene00048620.,0,0,0
WBGene00048621.,0,0,0
WBGene00048622.,0,0,0
WBGene00048623.,0,0,0
WBGene00048624.,0,0,0
WBGene00048625.,0,0,0
WBGene00048626.,0,0,0
WBGene00048627.,0,0,0
WBGene00048628.,0,0,0
WBGene00048629.,0,0,0
WBGene00048630.,0,0,0
WBGene00048631.,0,0,0
WBGene00048632.,0,0,0
WBGene00048633.,0,0,0
WBGene00048634.,0,0,0
WBGene00048635.,0,0,0
WBGene00048636.,0,0,0
WBGene00048637.,0,0,0
WBGene00048638.,0,0,0
WBGene00048639.,0,0,0
WBGene00048640.,0,0,0
WBGene00048641.,0,0,0
WBGene00048642.,0,0,0
WBGene00048643.,0,0,0
WBGene00048644.,0,0,0
WBGene00048645.,0,0,0
WBGene00048646.,0,0,0
WBGene00048647.,0,0,0
WBGene00048648.,0,0,0
WBGene00048649.,0,0,0
WBGene00048650.,0,0,0
WBGene00048651.,0,0,0
WBGene00048652.,0,0,0
WBGene00048653.,0,0,0
WBGene00048654.,0,0,0
WBGene00048655.,0,0,0
WBGene00048656.,0,0,0
WBGene00048657.,0,0,0
WBGene00048658.,0,0,0
WBGene00048659.,0,0,0
WBGene00048660.,0,0,0
WBGene00048661.,0,0,0
WBGene00048662.,0,0,0
WBGene00048663.,0,0,0
WBGene00048664.,0,0,0
WBGene00048665.,0,0,0
WBGene00048666.,0,0,0
WBGene00048667.,0,0,0
WBGene00048668.,0,0,0
WBGene00048669.,0,0,0
WBGene00048670.,0,0,0
WBGene00048671.,0,0,0
WBGene00048672.,0,0,0
WBGene00048673.,0,0,0
WBGene00048674.,0,0,0
WBGene00048675.,0,0,0
WBGene00048676.,0,0,0
WBGene00048677.,0,0,0
WBGene00048678.,0,0,0
WBGene00048679.,0,0,0
WBGene00048680.,0,0,0
WBGene00048681.,0,0,0
WBGene00048682.,0,0,0
WBGene00048683.,0,0,0
WBGene00048684.,0,0,0
WBGene00048685.,0,0,0
WBGene00048686.,0,0,0
WBGene00048687.,0,0,0
WBGene00048688.,0,0,0
WBGene00048689.,0,0,0
WBGene00048690.,0,0,0
WBGene00048691.,0,0,0
WBGene00048692.,0,0,0
WBGene00048693.,0,0,0
WBGene00048694.,0,0,0
WBGene00048695.,0,0,0
WBGene00048696.,0,0,0
WBGene00048697.,0,0,0
WBGene00048698.,0,0,0
WBGene00048699.,0,0,0
WBGene00048700.,0,0,0
WBGene00048701.,0,0,0
WBGene00048702.,0,0,0
WBGene00048703.,0,0,0
WBGene00048704.,0,0,0
WBGene00048705.,0,0,0
WBGene00048706.,0,0,0
WBGene00048707.,0,0,0
WBGene00048708.,0,0,0
WBGene00048709.,0,0,0
WBGene00048710.,0,0,0
WBGene00048711.,0,0,0
WBGene00048712.,0,0,0
WBGene00048713.,0,0,0
WBGene00048714.,0,0,0
WBGene00048715.,0,0,0
WBGene00048716.,0,0,0
WBGene00048717.,0,0,0
WBGene00048718.,0,0,0
WBGene00048719.,0,0,0
WBGene00048720.,0,0,0
WBGene00048721.,0,0,0
WBGene00048722.,0,0,0
WBGene00048723.,0,0,0
WBGene00048724.,0,0,0
WBGene00048725.,0,0,0
WBGene00048726.,0,0,0
WBGene00048727.,0,0,0
WBGene00048728.,0,0,0
WBGene00048729.,0,0,0
WBGene00048730.,0,0,0
WBGene00048731.,0,0,0
WBGene00048732.,0,0,0
WBGene00048733.,0,0,0
WBGene00048734.,0,0,0
WBGene00048735.,0,0,0
WBGene00048736.,0,0,0
WBGene00048737.,0,0,0
WBGene00048738.,0,0,0
WBGene00048739.,0,0,0
WBGene00048740.,0,0,0
WBGene00048741.,0,0,0
WBGene00048742.,0,0,0
WBGene00048743.,0,0,0
WBGene00048744.,0,0,0
WBGene00048745.,0,0,0
WBGene00048746.,0,0,0
WBGene00048747.,0,0,0
WBGene00048748.,0,0,0
WBGene00048749.,0,0,0
WBGene00048750.,0,0,0
WBGene00048751.,0,0,0
WBGene00048752.,0,0,0
WBGene00048753.,0,0,0
WBGene00048754.,0,0,0
WBGene00048755.,0,0,0
WBGene00048756.,0,0,0
WBGene00048757.,0,0,0
WBGene00048758.,0,0,0
WBGene00048759.,0,0,0
WBGene00048760.,0,0,0
WBGene00048761.,0,0,0
WBGene00048762.,0,0,0
WBGene00048763.,0,0,0
WBGene00048764.,0,0,0
WBGene00048765.,0,0,0
WBGene00048766.,0,0,0
WBGene00048767.,0,0,0
WBGene00048768.,0,0,0
WBGene00048769.,0,0,0
WBGene00048770.,0,0,0
WBGene00048771.,0,0,0
WBGene00048772.,0,0,0
WBGene00048773.,0,0,0
WBGene00048774.,0,0,0
WBGene00048775.,0,0,0
WBGene00048776.,0,0,0
WBGene00048777.,0,0,0
WBGene00048778.,0,0,0
WBGene00048779.,0,0,0
WBGene00048780.,0,0,0
WBGene00048781.,0,0,0
WBGene00048782.,0,0,0
WBGene00048783.,0,0,0
WBGene00048784.,0,0,0
WBGene00048785.,0,0,0
WBGene00048786.,0,0,0
WBGene00048787.,0,0,0
WBGene00048788.,0,0,0
WBGene00048789.,0,0,0
WBGene00048790.,0,0,0
WBGene00048791.,0,0,0
WBGene00048792.,0,0,0
WBGene00048793.,0,0,0
WBGene00048794.,0,0,0
WBGene00048795.,0,0,0
WBGene00048796.,0,0,0
WBGene00048797.,0,0,0
WBGene00048798.,0,0,0
WBGene00048799.,0,0,0
WBGene00048800.,0,0,0
WBGene00048801.,0,0,0
WBGene00048802.,0,0,0
WBGene00048803.,0,0,0
WBGene00048804.,0,0,0
WBGene00048805.,0,0,0
WBGene00048806.,0,0,0
WBGene00048807.,0,0,0
WBGene00048808.,0,0,0
WBGene00048809.,0,0,0
WBGene00048810.,0,0,0
WBGene00048811.,0,0,0
WBGene00048812.,0,0,0
WBGene00048813.,0,0,0
WBGene00048814.,0,0,0
WBGene00048815.,0,0,0
WBGene00048816.,0,0,0
WBGene00048817.,0,0,0
WBGene00048819.,0,0,0
WBGene00048820.,0,0,0
WBGene00048821.,0,0,0
WBGene00048822.,0,0,0
WBGene00048823.,0,0,0
WBGene00048824.,0,0,0
WBGene00048825.,0,0,0
WBGene00048826.,0,0,0
WBGene00048827.,0,0,0
WBGene00048828.,0,0,0
WBGene00048829.,0,0,0
WBGene00048830.,0,0,0
WBGene00048831.,0,0,0
WBGene00048832.,0,0,0
WBGene00048833.,0,0,0
WBGene00048834.,0,0,0
WBGene00048835.,0,0,0
WBGene00048836.,0,0,0
WBGene00048837.,0,0,0
WBGene00048838.,0,0,0
WBGene00048839.,0,0,0
WBGene00048840.,0,0,0
WBGene00048841.,0,0,0
WBGene00048842.,0,0,0
WBGene00048843.,0,0,0
WBGene00048844.,0,0,0
WBGene00048845.,0,0,0
WBGene00048846.,0,0,0
WBGene00048847.,0,0,0
WBGene00048848.,0,0,0
WBGene00048849.,0,0,0
WBGene00048850.,0,0,0
WBGene00048851.,0,0,0
WBGene00048852.,0,0,0
WBGene00048853.,0,0,0
WBGene00048854.,0,0,0
WBGene00048855.,0,0,0
WBGene00048856.,0,0,0
WBGene00048857.,0,0,0
WBGene00048858.,0,0,0
WBGene00048859.,0,0,0
WBGene00048860.,0,0,0
WBGene00048861.,0,0,0
WBGene00048862.,0,0,0
WBGene00048863.,0,0,0
WBGene00048864.,0,0,0
WBGene00048865.,0,0,0
WBGene00048866.,0,0,0
WBGene00048867.,0,0,0
WBGene00048868.,0,0,0
WBGene00048869.,0,0,0
WBGene00048870.,0,0,0
WBGene00048871.,0,0,0
WBGene00048872.,0,0,0
WBGene00048873.,0,0,0
WBGene00048874.,0,0,0
WBGene00048875.,0,0,0
WBGene00048876.,0,0,0
WBGene00048877.,0,0,0
WBGene00048878.,0,0,0
WBGene00048879.,0,0,0
WBGene00048880.,0,0,0
WBGene00048881.,0,0,0
WBGene00048882.,0,0,0
WBGene00048883.,0,0,0
WBGene00048884.,0,0,0
WBGene00048885.,0,0,0
WBGene00048886.,0,0,0
WBGene00048887.,0,0,0
WBGene00048888.,0,0,0
WBGene00048889.,0,0,0
WBGene00048890.,0,0,0
WBGene00048891.,0,0,0
WBGene00048892.,0,0,0
WBGene00048893.,0,0,0
WBGene00048894.,0,0,0
WBGene00048895.,0,0,0
WBGene00048896.,0,0,0
WBGene00048897.,0,0,0
WBGene00048898.,0,0,0
WBGene00048899.,0,0,0
WBGene00048900.,0,0,0
WBGene00048901.,0,0,0
WBGene00048902.,0,0,0
WBGene00048903.,0,0,0
WBGene00048904.,0,0,0
WBGene00048905.,0,0,0
WBGene00048906.,0,0,0
WBGene00048907.,0,0,0
WBGene00048908.,0,0,0
WBGene00048909.,0,0,0
WBGene00048910.,0,0,0
WBGene00048911.,0,0,0
WBGene00048912.,0,0,0
WBGene00048913.,0,0,0
WBGene00048914.,0,0,0
WBGene00048915.,0,0,0
WBGene00048916.,0,0,0
WBGene00048917.,0,0,0
WBGene00048918.,0,0,0
WBGene00048919.,0,0,0
WBGene00048920.,0,0,0
WBGene00048921.,0,0,0
WBGene00048922.,0,0,0
WBGene00048923.,0,0,0
WBGene00048924.,0,0,0
WBGene00048925.,0,0,0
WBGene00048926.,0,0,0
WBGene00048927.,0,0,0
WBGene00048928.,0,0,0
WBGene00048929.,0,0,0
WBGene00048930.,0,0,0
WBGene00048931.,0,0,0
WBGene00048932.,0,0,0
WBGene00048933.,0,0,0
WBGene00048934.,0,0,0
WBGene00048935.,0,0,0
WBGene00048936.,0,0,0
WBGene00048937.,0,0,0
WBGene00048938.,0,0,0
WBGene00048939.,0,0,0
WBGene00048940.,0,0,0
WBGene00048941.,0,0,0
WBGene00048942.,0,0,0
WBGene00048943.,0,0,0
WBGene00048944.,0,0,0
WBGene00048945.,0,0,0
WBGene00048946.,0,0,0
WBGene00048947.,0,0,0
WBGene00048948.,0,0,0
WBGene00048949.,0,0,0
WBGene00048950.,0,0,0
WBGene00048951.,0,0,0
WBGene00048952.,0,0,0
WBGene00048953.,0,0,0
WBGene00048954.,0,0,0
WBGene00048955.,0,0,0
WBGene00048956.,0,0,0
WBGene00048957.,0,0,0
WBGene00048958.,0,0,0
WBGene00048959.,0,0,0
WBGene00048960.,0,0,0
WBGene00048961.,0,0,0
WBGene00048962.,0,0,0
WBGene00048963.,0,0,0
WBGene00048964.,0,0,0
WBGene00048965.,0,0,0
WBGene00048966.,0,0,0
WBGene00048967.,0,0,0
WBGene00048968.,0,0,0
WBGene00048969.,0,0,0
WBGene00048970.,0,0,0
WBGene00048971.,0,0,0
WBGene00048972.,0,0,0
WBGene00048973.,0,0,0
WBGene00048974.,0,0,0
WBGene00048975.,0,0,0
WBGene00048976.,0,0,0
WBGene00048977.,0,0,0
WBGene00048978.,0,0,0
WBGene00048979.,0,0,0
WBGene00048980.,0,0,0
WBGene00048981.,0,0,0
WBGene00048982.,0,0,0
WBGene00048983.,0,0,0
WBGene00048984.,0,0,0
WBGene00048985.,0,0,0
WBGene00048986.,0,0,0
WBGene00048987.,0,0,0
WBGene00048988.,0,0,0
WBGene00048989.,0,0,0
WBGene00048990.,0,0,0
WBGene00048991.,0,0,0
WBGene00048992.,0,0,0
WBGene00048993.,0,0,0
WBGene00048994.,0,0,0
WBGene00048995.,0,0,0
WBGene00048996.,0,0,0
WBGene00048997.,0,0,0
WBGene00048998.,0,0,0
WBGene00048999.,0,0,0
WBGene00049000.,0,0,0
WBGene00049001.,0,0,0
WBGene00049002.,0,0,0
WBGene00049003.,0,0,0
WBGene00049004.,0,0,0
WBGene00049005.,0,0,0
WBGene00049006.,0,0,0
WBGene00049007.,0,0,0
WBGene00049008.,0,0,0
WBGene00049009.,0,0,0
WBGene00049010.,0,0,0
WBGene00049011.,0,0,0
WBGene00049012.,0,0,0
WBGene00049013.,0,0,0
WBGene00049014.,0,0,0
WBGene00049015.,0,0,0
WBGene00049016.,0,0,0
WBGene00049017.,0,0,0
WBGene00049018.,0,0,0
WBGene00049019.,0,0,0
WBGene00049020.,0,0,0
WBGene00049021.,0,0,0
WBGene00049022.,0,0,0
WBGene00049023.,0,0,0
WBGene00049024.,0,0,0
WBGene00049025.,0,0,0
WBGene00049026.,0,0,0
WBGene00049027.,0,0,0
WBGene00049028.,0,0,0
WBGene00049029.,0,0,0
WBGene00049030.,0,0,0
WBGene00049031.,0,0,0
WBGene00049032.,0,0,0
WBGene00049033.,0,0,0
WBGene00049034.,0,0,0
WBGene00049035.,0,0,0
WBGene00049036.,0,0,0
WBGene00049037.,0,0,0
WBGene00049038.,0,0,0
WBGene00049039.,0,0,0
WBGene00049040.,0,0,0
WBGene00049041.,0,0,0
WBGene00049042.,0,0,0
WBGene00049043.,0,0,0
WBGene00049044.,0,0,0
WBGene00049045.,0,0,0
WBGene00049046.,0,0,0
WBGene00049047.,0,0,0
WBGene00049048.,0,0,0
WBGene00049049.,0,0,0
WBGene00049050.,0,0,0
WBGene00049051.,0,0,0
WBGene00049052.,0,0,0
WBGene00049053.,0,0,0
WBGene00049054.,0,0,0
WBGene00049055.,0,0,0
WBGene00049056.,0,0,0
WBGene00049057.,0,0,0
WBGene00049058.,0,0,0
WBGene00049059.,0,0,0
WBGene00049060.,0,0,0
WBGene00049061.,0,0,0
WBGene00049062.,0,0,0
WBGene00049063.,0,0,0
WBGene00049064.,0,0,0
WBGene00049065.,0,0,0
WBGene00049066.,0,0,0
WBGene00049067.,0,0,0
WBGene00049068.,0,0,0
WBGene00049069.,0,0,0
WBGene00049070.,0,0,0
WBGene00049071.,0,0,0
WBGene00049072.,0,0,0
WBGene00049073.,0,0,0
WBGene00049074.,0,0,0
WBGene00049075.,0,0,0
WBGene00049076.,0,0,0
WBGene00049077.,0,0,0
WBGene00049078.,0,0,0
WBGene00049079.,0,0,0
WBGene00049080.,0,0,0
WBGene00049081.,0,0,0
WBGene00049082.,0,0,0
WBGene00049083.,0,0,0
WBGene00049084.,0,0,0
WBGene00049085.,0,0,0
WBGene00049086.,0,0,0
WBGene00049087.,0,0,0
WBGene00049088.,0,0,0
WBGene00049089.,0,0,0
WBGene00049090.,0,0,0
WBGene00049091.,0,0,0
WBGene00049092.,0,0,0
WBGene00049093.,0,0,0
WBGene00049094.,0,0,0
WBGene00049095.,0,0,0
WBGene00049096.,0,0,0
WBGene00049097.,0,0,0
WBGene00049098.,0,0,0
WBGene00049099.,0,0,0
WBGene00049100.,0,0,0
WBGene00049101.,0,0,0
WBGene00049102.,0,0,0
WBGene00049103.,0,0,0
WBGene00049104.,0,0,0
WBGene00049105.,0,0,0
WBGene00049106.,0,0,0
WBGene00049107.,0,0,0
WBGene00049108.,0,0,0
WBGene00049109.,0,0,0
WBGene00049110.,0,0,0
WBGene00049111.,0,0,0
WBGene00049112.,0,0,0
WBGene00049113.,0,0,0
WBGene00049114.,0,0,0
WBGene00049115.,0,0,0
WBGene00049116.,0,0,0
WBGene00049117.,0,0,0
WBGene00049118.,0,0,0
WBGene00049119.,0,0,0
WBGene00049120.,0,0,0
WBGene00049121.,0,0,0
WBGene00049122.,0,0,0
WBGene00049123.,0,0,0
WBGene00049124.,0,0,0
WBGene00049125.,0,0,0
WBGene00049126.,0,0,0
WBGene00049127.,0,0,0
WBGene00049128.,0,0,0
WBGene00049129.,0,0,0
WBGene00049130.,0,0,0
WBGene00049131.,0,0,0
WBGene00049132.,0,0,0
WBGene00049133.,0,0,0
WBGene00049134.,0,0,0
WBGene00049135.,0,0,0
WBGene00049136.,0,0,0
WBGene00049137.,0,0,0
WBGene00049138.,0,0,0
WBGene00049139.,0,0,0
WBGene00049140.,0,0,0
WBGene00049141.,0,0,0
WBGene00049142.,0,0,0
WBGene00049143.,0,0,0
WBGene00049144.,0,0,0
WBGene00049145.,0,0,0
WBGene00049146.,0,0,0
WBGene00049147.,0,0,0
WBGene00049148.,0,0,0
WBGene00049149.,0,0,0
WBGene00049150.,0,0,0
WBGene00049151.,0,0,0
WBGene00049152.,0,0,0
WBGene00049153.,0,0,0
WBGene00049154.,0,0,0
WBGene00049155.,0,0,0
WBGene00049156.,0,0,0
WBGene00049157.,0,0,0
WBGene00049158.,0,0,0
WBGene00049159.,0,0,0
WBGene00049160.,0,0,0
WBGene00049161.,0,0,0
WBGene00049162.,0,0,0
WBGene00049163.,0,0,0
WBGene00049164.,0,0,0
WBGene00049165.,0,0,0
WBGene00049166.,0,0,0
WBGene00049167.,0,0,0
WBGene00049168.,0,0,0
WBGene00049169.,0,0,0
WBGene00049170.,0,0,0
WBGene00049171.,0,0,0
WBGene00049172.,0,0,0
WBGene00049173.,0,0,0
WBGene00049174.,0,0,0
WBGene00049175.,0,0,0
WBGene00049176.,0,0,0
WBGene00049177.,0,0,0
WBGene00049178.,0,0,0
WBGene00049179.,0,0,0
WBGene00049180.,0,0,0
WBGene00049181.,0,0,0
WBGene00049182.,0,0,0
WBGene00049183.,0,0,0
WBGene00049184.,0,0,0
WBGene00049185.,0,0,0
WBGene00049186.,0,0,0
WBGene00049187.,0,0,0
WBGene00049188.,0,0,0
WBGene00049189.,0,0,0
WBGene00049190.,0,0,0
WBGene00049191.,0,0,0
WBGene00049192.,0,0,0
WBGene00049193.,0,0,0
WBGene00049194.,0,0,0
WBGene00049195.,0,0,0
WBGene00049196.,0,0,0
WBGene00049197.,0,0,0
WBGene00049198.,0,0,0
WBGene00049199.,0,0,0
WBGene00049200.,0,0,0
WBGene00049201.,0,0,0
WBGene00049202.,0,0,0
WBGene00049203.,0,0,0
WBGene00049204.,0,0,0
WBGene00049205.,0,0,0
WBGene00049206.,0,0,0
WBGene00049207.,0,0,0
WBGene00049208.,0,0,0
WBGene00049209.,0,0,0
WBGene00049210.,0,0,0
WBGene00049211.,0,0,0
WBGene00049212.,0,0,0
WBGene00049213.,0,0,0
WBGene00049214.,0,0,0
WBGene00049215.,0,0,0
WBGene00049216.,0,0,0
WBGene00049217.,0,0,0
WBGene00049218.,0,0,0
WBGene00049219.,0,0,0
WBGene00049220.,0,0,0
WBGene00049221.,0,0,0
WBGene00049222.,0,0,0
WBGene00049223.,0,0,0
WBGene00049224.,0,0,0
WBGene00049225.,0,0,0
WBGene00049226.,0,0,0
WBGene00049227.,0,0,0
WBGene00049228.,0,0,0
WBGene00049229.,0,0,0
WBGene00049230.,0,0,0
WBGene00049231.,0,0,0
WBGene00049232.,0,0,0
WBGene00049233.,0,0,0
WBGene00049234.,0,0,0
WBGene00049235.,0,0,0
WBGene00049236.,0,0,0
WBGene00049237.,0,0,0
WBGene00049238.,0,0,0
WBGene00049239.,0,0,0
WBGene00049240.,0,0,0
WBGene00049241.,0,0,0
WBGene00049242.,0,0,0
WBGene00049243.,0,0,0
WBGene00049244.,0,0,0
WBGene00049245.,0,0,0
WBGene00049246.,0,0,0
WBGene00049247.,0,0,0
WBGene00049248.,0,0,0
WBGene00049249.,0,0,0
WBGene00049250.,0,0,0
WBGene00049251.,0,0,0
WBGene00049252.,0,0,0
WBGene00049253.,0,0,0
WBGene00049254.,0,0,0
WBGene00049255.,0,0,0
WBGene00049256.,0,0,0
WBGene00049257.,0,0,0
WBGene00049258.,0,0,0
WBGene00049259.,0,0,0
WBGene00049260.,0,0,0
WBGene00049261.,0,0,0
WBGene00049262.,0,0,0
WBGene00049263.,0,0,0
WBGene00049264.,0,0,0
WBGene00049265.,0,0,0
WBGene00049266.,0,0,0
WBGene00049267.,0,0,0
WBGene00049268.,0,0,0
WBGene00049269.,0,0,0
WBGene00049270.,0,0,0
WBGene00049271.,0,0,0
WBGene00049272.,0,0,0
WBGene00049273.,0,0,0
WBGene00049274.,0,0,0
WBGene00049275.,0,0,0
WBGene00049276.,0,0,0
WBGene00049277.,0,0,0
WBGene00049278.,0,0,0
WBGene00049279.,0,0,0
WBGene00049280.,0,0,0
WBGene00049281.,0,0,0
WBGene00049282.,0,0,0
WBGene00049283.,0,0,0
WBGene00049284.,0,0,0
WBGene00049285.,0,0,0
WBGene00049286.,0,0,0
WBGene00049287.,0,0,0
WBGene00049288.,0,0,0
WBGene00049289.,0,0,0
WBGene00049290.,0,0,0
WBGene00049291.,0,0,0
WBGene00049292.,0,0,0
WBGene00049293.,0,0,0
WBGene00049294.,0,0,0
WBGene00049295.,0,0,0
WBGene00049296.,0,0,0
WBGene00049297.,0,0,0
WBGene00049298.,0,0,0
WBGene00049299.,0,0,0
WBGene00049300.,0,0,0
WBGene00049301.,0,0,0
WBGene00049302.,0,0,0
WBGene00049303.,0,0,0
WBGene00049304.,0,0,0
WBGene00049305.,0,0,0
WBGene00049306.,0,0,0
WBGene00049307.,0,0,0
WBGene00049308.,0,0,0
WBGene00049309.,0,0,0
WBGene00049310.,0,0,0
WBGene00049311.,0,0,0
WBGene00049312.,0,0,0
WBGene00049313.,0,0,0
WBGene00049314.,0,0,0
WBGene00049315.,0,0,0
WBGene00049316.,0,0,0
WBGene00049317.,0,0,0
WBGene00049318.,0,0,0
WBGene00049319.,0,0,0
WBGene00049320.,0,0,0
WBGene00049321.,0,0,0
WBGene00049322.,0,0,0
WBGene00049323.,0,0,0
WBGene00049324.,0,0,0
WBGene00049325.,0,0,0
WBGene00049326.,0,0,0
WBGene00049327.,0,0,0
WBGene00049328.,0,0,0
WBGene00049329.,0,0,0
WBGene00049330.,0,0,0
WBGene00049331.,0,0,0
WBGene00049332.,0,0,0
WBGene00049333.,0,0,0
WBGene00049334.,0,0,0
WBGene00049335.,0,0,0
WBGene00049336.,0,0,0
WBGene00049337.,0,0,0
WBGene00049338.,0,0,0
WBGene00049339.,0,0,0
WBGene00049340.,0,0,0
WBGene00049341.,0,0,0
WBGene00049342.,0,0,0
WBGene00049343.,0,0,0
WBGene00049344.,0,0,0
WBGene00049345.,0,0,0
WBGene00049346.,0,0,0
WBGene00049347.,0,0,0
WBGene00049348.,0,0,0
WBGene00049349.,0,0,0
WBGene00049350.,0,0,0
WBGene00049351.,0,0,0
WBGene00049352.,0,0,0
WBGene00049353.,0,0,0
WBGene00049354.,0,0,0
WBGene00049355.,0,0,0
WBGene00049356.,0,0,0
WBGene00049357.,0,0,0
WBGene00049358.,0,0,0
WBGene00049359.,0,0,0
WBGene00049360.,0,0,0
WBGene00049361.,0,0,0
WBGene00049362.,0,0,0
WBGene00049363.,0,0,0
WBGene00049364.,0,0,0
WBGene00049365.,0,0,0
WBGene00049366.,0,0,0
WBGene00049367.,0,0,0
WBGene00049368.,0,0,0
WBGene00049369.,0,0,0
WBGene00049370.,0,0,0
WBGene00049371.,0,0,0
WBGene00049372.,0,0,0
WBGene00049373.,0,0,0
WBGene00049374.,0,0,0
WBGene00049375.,0,0,0
WBGene00049376.,0,0,0
WBGene00049377.,0,0,0
WBGene00049378.,0,0,0
WBGene00049379.,0,0,0
WBGene00049380.,0,0,0
WBGene00049381.,0,0,0
WBGene00049382.,0,0,0
WBGene00049383.,0,0,0
WBGene00049384.,0,0,0
WBGene00049385.,0,0,0
WBGene00049386.,0,0,0
WBGene00049387.,0,0,0
WBGene00049388.,0,0,0
WBGene00049389.,0,0,0
WBGene00049390.,0,0,0
WBGene00049391.,0,0,0
WBGene00049392.,0,0,0
WBGene00049393.,0,0,0
WBGene00049394.,0,0,0
WBGene00049395.,0,0,0
WBGene00049396.,0,0,0
WBGene00049397.,0,0,0
WBGene00049398.,0,0,0
WBGene00049399.,0,0,0
WBGene00049400.,0,0,0
WBGene00049401.,0,0,0
WBGene00049402.,0,0,0
WBGene00049403.,0,0,0
WBGene00049404.,0,0,0
WBGene00049405.,0,0,0
WBGene00049406.,0,0,0
WBGene00049407.,0,0,0
WBGene00049408.,0,0,0
WBGene00049409.,0,0,0
WBGene00049410.,0,0,0
WBGene00049411.,0,0,0
WBGene00049412.,0,0,0
WBGene00049413.,0,0,0
WBGene00049414.,0,0,0
WBGene00049415.,0,0,0
WBGene00049416.,0,0,0
WBGene00049417.,0,0,0
WBGene00049418.,0,0,0
WBGene00049419.,0,0,0
WBGene00049420.,0,0,0
WBGene00049421.,0,0,0
WBGene00049422.,0,0,0
WBGene00049423.,0,0,0
WBGene00049424.,0,0,0
WBGene00049425.,0,0,0
WBGene00049426.,0,0,0
WBGene00049427.,0,0,0
WBGene00049428.,0,0,0
WBGene00049429.,0,0,0
WBGene00049430.,0,0,0
WBGene00049431.,0,0,0
WBGene00049432.,0,0,0
WBGene00049433.,0,0,0
WBGene00049434.,0,0,0
WBGene00049435.,0,0,0
WBGene00049436.,0,0,0
WBGene00049437.,0,0,0
WBGene00049438.,0,0,0
WBGene00049439.,0,0,0
WBGene00049440.,0,0,0
WBGene00049441.,0,0,0
WBGene00049443.,0,0,0
WBGene00049444.,0,0,0
WBGene00049445.,0,0,0
WBGene00049446.,0,0,0
WBGene00049447.,0,0,0
WBGene00049448.,0,0,0
WBGene00049449.,0,0,0
WBGene00049450.,0,0,0
WBGene00049451.,0,0,0
WBGene00049452.,0,0,0
WBGene00049453.,0,0,0
WBGene00049454.,0,0,0
WBGene00049455.,0,0,0
WBGene00049456.,0,0,0
WBGene00049457.,0,0,0
WBGene00049458.,0,0,0
WBGene00049459.,0,0,0
WBGene00049460.,0,0,0
WBGene00049461.,0,0,0
WBGene00049462.,0,0,0
WBGene00049463.,0,0,0
WBGene00049464.,0,0,0
WBGene00049465.,0,0,0
WBGene00049466.,0,0,0
WBGene00049467.,0,0,0
WBGene00049468.,0,0,0
WBGene00049469.,0,0,0
WBGene00049470.,0,0,0
WBGene00049471.,0,0,0
WBGene00049472.,0,0,0
WBGene00049473.,0,0,0
WBGene00049474.,0,0,0
WBGene00049475.,0,0,0
WBGene00049476.,0,0,0
WBGene00049477.,0,0,0
WBGene00049478.,0,0,0
WBGene00049479.,0,0,0
WBGene00049480.,0,0,0
WBGene00049481.,0,0,0
WBGene00049482.,0,0,0
WBGene00049483.,0,0,0
WBGene00049484.,0,0,0
WBGene00049485.,0,0,0
WBGene00049486.,0,0,0
WBGene00049487.,0,0,0
WBGene00049488.,0,0,0
WBGene00049489.,0,0,0
WBGene00049490.,0,0,0
WBGene00049491.,0,0,0
WBGene00049492.,0,0,0
WBGene00049493.,0,0,0
WBGene00049494.,0,0,0
WBGene00049495.,0,0,0
WBGene00049496.,0,0,0
WBGene00049497.,0,0,0
WBGene00049498.,0,0,0
WBGene00049499.,0,0,0
WBGene00049500.,0,0,0
WBGene00049501.,0,0,0
WBGene00049502.,0,0,0
WBGene00049503.,0,0,0
WBGene00049504.,0,0,0
WBGene00049505.,0,0,0
WBGene00049506.,0,0,0
WBGene00049507.,0,0,0
WBGene00049508.,0,0,0
WBGene00049509.,0,0,0
WBGene00049510.,0,0,0
WBGene00049511.,0,0,0
WBGene00049512.,0,0,0
WBGene00049513.,0,0,0
WBGene00049514.,0,0,0
WBGene00049515.,0,0,0
WBGene00049516.,0,0,0
WBGene00049517.,0,0,0
WBGene00049518.,0,0,0
WBGene00049519.,0,0,0
WBGene00049520.,0,0,0
WBGene00049521.,0,0,0
WBGene00049522.,0,0,0
WBGene00049523.,0,0,0
WBGene00049524.,0,0,0
WBGene00049525.,0,0,0
WBGene00049526.,0,0,0
WBGene00049527.,0,0,0
WBGene00049528.,0,0,0
WBGene00049529.,0,0,0
WBGene00049530.,0,0,0
WBGene00049531.,0,0,0
WBGene00049532.,0,0,0
WBGene00049533.,0,0,0
WBGene00049534.,0,0,0
WBGene00049535.,0,0,0
WBGene00049536.,0,0,0
WBGene00049537.,0,0,0
WBGene00049538.,0,0,0
WBGene00049539.,0,0,0
WBGene00049540.,0,0,0
WBGene00049541.,0,0,0
WBGene00049542.,0,0,0
WBGene00049543.,0,0,0
WBGene00049544.,0,0,0
WBGene00049545.,0,0,0
WBGene00049546.,0,0,0
WBGene00049547.,0,0,0
WBGene00049548.,0,0,0
WBGene00049549.,0,0,0
WBGene00049550.,0,0,0
WBGene00049551.,0,0,0
WBGene00049552.,0,0,0
WBGene00049553.,0,0,0
WBGene00049554.,0,0,0
WBGene00049555.,0,0,0
WBGene00049556.,0,0,0
WBGene00049557.,0,0,0
WBGene00049558.,0,0,0
WBGene00049559.,0,0,0
WBGene00049560.,0,0,0
WBGene00049561.,0,0,0
WBGene00049562.,0,0,0
WBGene00049563.,0,0,0
WBGene00049564.,0,0,0
WBGene00049565.,0,0,0
WBGene00049566.,0,0,0
WBGene00049567.,0,0,0
WBGene00049568.,0,0,0
WBGene00049569.,0,0,0
WBGene00049570.,0,0,0
WBGene00049571.,0,0,0
WBGene00049572.,0,0,0
WBGene00049573.,0,0,0
WBGene00049574.,0,0,0
WBGene00049575.,0,0,0
WBGene00049576.,0,0,0
WBGene00049577.,0,0,0
WBGene00049578.,0,0,0
WBGene00049579.,0,0,0
WBGene00049580.,0,0,0
WBGene00049581.,0,0,0
WBGene00049582.,0,0,0
WBGene00049583.,0,0,0
WBGene00049584.,0,0,0
WBGene00049585.,0,0,0
WBGene00049586.,0,0,0
WBGene00049587.,0,0,0
WBGene00049588.,0,0,0
WBGene00049589.,0,0,0
WBGene00049590.,0,0,0
WBGene00049591.,0,0,0
WBGene00049592.,0,0,0
WBGene00049593.,0,0,0
WBGene00049594.,0,0,0
WBGene00049595.,0,0,0
WBGene00049596.,0,0,0
WBGene00049597.,0,0,0
WBGene00049598.,0,0,0
WBGene00049599.,0,0,0
WBGene00049600.,0,0,0
WBGene00049601.,0,0,0
WBGene00049602.,0,0,0
WBGene00049603.,0,0,0
WBGene00049604.,0,0,0
WBGene00049605.,0,0,0
WBGene00049606.,0,0,0
WBGene00049607.,0,0,0
WBGene00049608.,0,0,0
WBGene00049609.,0,0,0
WBGene00049610.,0,0,0
WBGene00049611.,0,0,0
WBGene00049612.,0,0,0
WBGene00049613.,0,0,0
WBGene00049614.,0,0,0
WBGene00049615.,0,0,0
WBGene00049616.,0,0,0
WBGene00049617.,0,0,0
WBGene00049618.,0,0,0
WBGene00049619.,0,0,0
WBGene00049620.,0,0,0
WBGene00049621.,0,0,0
WBGene00049622.,0,0,0
WBGene00049623.,0,0,0
WBGene00049624.,0,0,0
WBGene00049625.,0,0,0
WBGene00049626.,0,0,0
WBGene00049627.,0,0,0
WBGene00049628.,0,0,0
WBGene00049629.,0,0,0
WBGene00049630.,0,0,0
WBGene00049631.,0,0,0
WBGene00049632.,0,0,0
WBGene00049633.,0,0,0
WBGene00049634.,0,0,0
WBGene00049635.,0,0,0
WBGene00049636.,0,0,0
WBGene00049637.,0,0,0
WBGene00049638.,0,0,0
WBGene00049639.,0,0,0
WBGene00049640.,0,0,0
WBGene00049641.,0,0,0
WBGene00049642.,0,0,0
WBGene00049643.,0,0,0
WBGene00049644.,0,0,0
WBGene00049645.,0,0,0
WBGene00049646.,0,0,0
WBGene00049647.,0,0,0
WBGene00049648.,0,0,0
WBGene00049649.,0,0,0
WBGene00049650.,0,0,0
WBGene00049651.,0,0,0
WBGene00049652.,0,0,0
WBGene00049653.,0,0,0
WBGene00049654.,0,0,0
WBGene00049655.,0,0,0
WBGene00049656.,0,0,0
WBGene00049657.,0,0,0
WBGene00049658.,0,0,0
WBGene00049659.,0,0,0
WBGene00049660.,0,0,0
WBGene00049661.,0,0,0
WBGene00049662.,0,0,0
WBGene00049663.,0,0,0
WBGene00049664.,0,0,0
WBGene00049665.,0,0,0
WBGene00049666.,0,0,0
WBGene00049667.,0,0,0
WBGene00049668.,0,0,0
WBGene00049669.,0,0,0
WBGene00049670.,0,0,0
WBGene00049671.,0,0,0
WBGene00049672.,0,0,0
WBGene00049673.,0,0,0
WBGene00049674.,0,0,0
WBGene00049675.,0,0,0
WBGene00049676.,0,0,0
WBGene00049677.,0,0,0
WBGene00049678.,0,0,0
WBGene00049679.,0,0,0
WBGene00049680.,0,0,0
WBGene00049681.,0,0,0
WBGene00049682.,0,0,0
WBGene00049683.,0,0,0
WBGene00049684.,0,0,0
WBGene00049685.,0,0,0
WBGene00049686.,0,0,0
WBGene00049687.,0,0,0
WBGene00049688.,0,0,0
WBGene00049689.,0,0,0
WBGene00049690.,0,0,0
WBGene00049691.,0,0,0
WBGene00049692.,0,0,0
WBGene00049693.,0,0,0
WBGene00049694.,0,0,0
WBGene00049695.,0,0,0
WBGene00049696.,0,0,0
WBGene00049697.,0,0,0
WBGene00049698.,0,0,0
WBGene00049699.,0,0,0
WBGene00049700.,0,0,0
WBGene00049701.,0,0,0
WBGene00049702.,0,0,0
WBGene00049703.,0,0,0
WBGene00049704.,0,0,0
WBGene00049705.,0,0,0
WBGene00049706.,0,0,0
WBGene00049707.,0,0,0
WBGene00049708.,0,0,0
WBGene00049709.,0,0,0
WBGene00049710.,0,0,0
WBGene00049711.,0,0,0
WBGene00049712.,0,0,0
WBGene00049713.,0,0,0
WBGene00049714.,0,0,0
WBGene00049715.,0,0,0
WBGene00049716.,0,0,0
WBGene00049717.,0,0,0
WBGene00049718.,0,0,0
WBGene00049719.,0,0,0
WBGene00049720.,0,0,0
WBGene00049721.,0,0,0
WBGene00049722.,0,0,0
WBGene00049723.,0,0,0
WBGene00049724.,0,0,0
WBGene00049725.,0,0,0
WBGene00049726.,0,0,0
WBGene00049727.,0,0,0
WBGene00049728.,0,0,0
WBGene00049729.,0,0,0
WBGene00049730.,0,0,0
WBGene00049731.,0,0,0
WBGene00049732.,0,0,0
WBGene00049733.,0,0,0
WBGene00049734.,0,0,0
WBGene00049735.,0,0,0
WBGene00049736.,0,0,0
WBGene00049737.,0,0,0
WBGene00049738.,0,0,0
WBGene00049739.,0,0,0
WBGene00049740.,0,0,0
WBGene00049741.,0,0,0
WBGene00049742.,0,0,0
WBGene00049743.,0,0,0
WBGene00049744.,0,0,0
WBGene00049745.,0,0,0
WBGene00049746.,0,0,0
WBGene00049747.,0,0,0
WBGene00049748.,0,0,0
WBGene00049749.,0,0,0
WBGene00049750.,0,0,0
WBGene00049751.,0,0,0
WBGene00049752.,0,0,0
WBGene00049753.,0,0,0
WBGene00049754.,0,0,0
WBGene00049755.,0,0,0
WBGene00049756.,0,0,0
WBGene00049757.,0,0,0
WBGene00049758.,0,0,0
WBGene00049759.,0,0,0
WBGene00049760.,0,0,0
WBGene00049761.,0,0,0
WBGene00049762.,0,0,0
WBGene00049763.,0,0,0
WBGene00049764.,0,0,0
WBGene00049765.,0,0,0
WBGene00049766.,0,0,0
WBGene00049767.,0,0,0
WBGene00049768.,0,0,0
WBGene00049769.,0,0,0
WBGene00049770.,0,0,0
WBGene00049771.,0,0,0
WBGene00049772.,0,0,0
WBGene00049773.,0,0,0
WBGene00049774.,0,0,0
WBGene00049775.,0,0,0
WBGene00049776.,0,0,0
WBGene00049777.,0,0,0
WBGene00049778.,0,0,0
WBGene00049779.,0,0,0
WBGene00049780.,0,0,0
WBGene00049781.,0,0,0
WBGene00049782.,0,0,0
WBGene00049783.,0,0,0
WBGene00049784.,0,0,0
WBGene00049785.,0,0,0
WBGene00049786.,0,0,0
WBGene00049787.,0,0,0
WBGene00049788.,0,0,0
WBGene00049789.,0,0,0
WBGene00049790.,0,0,0
WBGene00049791.,0,0,0
WBGene00049792.,0,0,0
WBGene00049793.,0,0,0
WBGene00049794.,0,0,0
WBGene00049795.,0,0,0
WBGene00049796.,0,0,0
WBGene00049797.,0,0,0
WBGene00049798.,0,0,0
WBGene00049799.,0,0,0
WBGene00049800.,0,0,0
WBGene00049801.,0,0,0
WBGene00049802.,0,0,0
WBGene00049803.,0,0,0
WBGene00049804.,0,0,0
WBGene00049805.,0,0,0
WBGene00049806.,0,0,0
WBGene00049807.,0,0,0
WBGene00049808.,0,0,0
WBGene00049809.,0,0,0
WBGene00049810.,0,0,0
WBGene00049811.,0,0,0
WBGene00049812.,0,0,0
WBGene00049813.,0,0,0
WBGene00049814.,0,0,0
WBGene00049815.,0,0,0
WBGene00049816.,0,0,0
WBGene00049817.,0,0,0
WBGene00049818.,0,0,0
WBGene00049819.,0,0,0
WBGene00049820.,0,0,0
WBGene00049821.,0,0,0
WBGene00049822.,0,0,0
WBGene00049823.,0,0,0
WBGene00049824.,0,0,0
WBGene00049825.,0,0,0
WBGene00049826.,0,0,0
WBGene00049827.,0,0,0
WBGene00049828.,0,0,0
WBGene00049829.,0,0,0
WBGene00049830.,0,0,0
WBGene00049831.,0,0,0
WBGene00049832.,0,0,0
WBGene00049833.,0,0,0
WBGene00049834.,0,0,0
WBGene00049835.,0,0,0
WBGene00049836.,0,0,0
WBGene00049837.,0,0,0
WBGene00049838.,0,0,0
WBGene00049839.,0,0,0
WBGene00049840.,0,0,0
WBGene00049841.,0,0,0
WBGene00049842.,0,0,0
WBGene00049843.,0,0,0
WBGene00049844.,0,0,0
WBGene00049845.,0,0,0
WBGene00049846.,0,0,0
WBGene00049847.,0,0,0
WBGene00049848.,0,0,0
WBGene00049849.,0,0,0
WBGene00049850.,0,0,0
WBGene00049851.,0,0,0
WBGene00049852.,0,0,0
WBGene00049853.,0,0,0
WBGene00049854.,0,0,0
WBGene00049855.,0,0,0
WBGene00049856.,0,0,0
WBGene00049857.,0,0,0
WBGene00049858.,0,0,0
WBGene00049859.,0,0,0
WBGene00049860.,0,0,0
WBGene00049861.,0,0,0
WBGene00049862.,0,0,0
WBGene00049863.,0,0,0
WBGene00049864.,0,0,0
WBGene00049865.,0,0,0
WBGene00049866.,0,0,0
WBGene00049867.,0,0,0
WBGene00049868.,0,0,0
WBGene00049869.,0,0,0
WBGene00049870.,0,0,0
WBGene00049871.,0,0,0
WBGene00049872.,0,0,0
WBGene00049873.,0,0,0
WBGene00049874.,0,0,0
WBGene00049875.,0,0,0
WBGene00049876.,0,0,0
WBGene00049877.,0,0,0
WBGene00049878.,0,0,0
WBGene00049879.,0,0,0
WBGene00049880.,0,0,0
WBGene00049881.,0,0,0
WBGene00049882.,0,0,0
WBGene00049883.,0,0,0
WBGene00049884.,0,0,0
WBGene00049885.,0,0,0
WBGene00049886.,0,0,0
WBGene00049887.,0,0,0
WBGene00049888.,0,0,0
WBGene00049889.,0,0,0
WBGene00049890.,0,0,0
WBGene00049891.,0,0,0
WBGene00049892.,0,0,0
WBGene00049893.,0,0,0
WBGene00049894.,0,0,0
WBGene00049895.,0,0,0
WBGene00049896.,0,0,0
WBGene00049897.,0,0,0
WBGene00049898.,0,0,0
WBGene00049899.,0,0,0
WBGene00049900.,0,0,0
WBGene00049901.,0,0,0
WBGene00049902.,0,0,0
WBGene00049903.,0,0,0
WBGene00049904.,0,0,0
WBGene00049905.,0,0,0
WBGene00049906.,0,0,0
WBGene00049907.,0,0,0
WBGene00049908.,0,0,0
WBGene00049909.,0,0,0
WBGene00049910.,0,0,0
WBGene00049911.,0,0,0
WBGene00049912.,0,0,0
WBGene00049913.,0,0,0
WBGene00049914.,0,0,0
WBGene00049915.,0,0,0
WBGene00049916.,0,0,0
WBGene00049917.,0,0,0
WBGene00049918.,0,0,0
WBGene00049919.,0,0,0
WBGene00049920.,0,0,0
WBGene00049921.,0,0,0
WBGene00049922.,0,0,0
WBGene00049923.,0,0,0
WBGene00049924.,0,0,0
WBGene00049925.,0,0,0
WBGene00049926.,0,0,0
WBGene00049927.,0,0,0
WBGene00049928.,0,0,0
WBGene00049929.,0,0,0
WBGene00049930.,0,0,0
WBGene00049931.,0,0,0
WBGene00049932.,0,0,0
WBGene00049933.,0,0,0
WBGene00049934.,0,0,0
WBGene00049935.,0,0,0
WBGene00049936.,0,0,0
WBGene00049937.,0,0,0
WBGene00049938.,0,0,0
WBGene00049939.,0,0,0
WBGene00049940.,0,0,0
WBGene00049941.,0,0,0
WBGene00049942.,0,0,0
WBGene00049943.,0,0,0
WBGene00049944.,0,0,0
WBGene00049945.,0,0,0
WBGene00049946.,0,0,0
WBGene00049947.,0,0,0
WBGene00049948.,0,0,0
WBGene00049949.,0,0,0
WBGene00049950.,0,0,0
WBGene00049951.,0,0,0
WBGene00049952.,0,0,0
WBGene00049953.,0,0,0
WBGene00049954.,0,0,0
WBGene00049955.,0,0,0
WBGene00049956.,0,0,0
WBGene00049957.,0,0,0
WBGene00049958.,0,0,0
WBGene00049959.,0,0,0
WBGene00049960.,0,0,0
WBGene00049961.,0,0,0
WBGene00049962.,0,0,0
WBGene00049963.,0,0,0
WBGene00049964.,0,0,0
WBGene00049965.,0,0,0
WBGene00049966.,0,0,0
WBGene00049967.,0,0,0
WBGene00049968.,0,0,0
WBGene00049969.,0,0,0
WBGene00049970.,0,0,0
WBGene00049971.,0,0,0
WBGene00049972.,0,0,0
WBGene00049973.,0,0,0
WBGene00049974.,0,0,0
WBGene00049975.,0,0,0
WBGene00049976.,0,0,0
WBGene00049977.,0,0,0
WBGene00049978.,0,0,0
WBGene00049979.,0,0,0
WBGene00049980.,0,0,0
WBGene00049981.,0,0,0
WBGene00049982.,0,0,0
WBGene00049983.,0,0,0
WBGene00049984.,0,0,0
WBGene00049985.,0,0,0
WBGene00049986.,0,0,0
WBGene00049987.,0,0,0
WBGene00049988.,0,0,0
WBGene00049989.,0,0,0
WBGene00049990.,0,0,0
WBGene00049991.,0,0,0
WBGene00049992.,0,0,0
WBGene00049993.,0,0,0
WBGene00049994.,0,0,0
WBGene00049995.,0,0,0
WBGene00049996.,0,0,0
WBGene00049997.,0,0,0
WBGene00049998.,0,0,0
WBGene00049999.,0,0,0
WBGene00050000.,0,0,0
WBGene00050001.,0,0,0
WBGene00050002.,0,0,0
WBGene00050003.,0,0,0
WBGene00050004.,0,0,0
WBGene00050005.,0,0,0
WBGene00050006.,0,0,0
WBGene00050007.,0,0,0
WBGene00050008.,0,0,0
WBGene00050009.,0,0,0
WBGene00050010.,0,0,0
WBGene00050011.,0,0,0
WBGene00050012.,0,0,0
WBGene00050013.,0,0,0
WBGene00050014.,0,0,0
WBGene00050015.,0,0,0
WBGene00050016.,0,0,0
WBGene00050017.,0,0,0
WBGene00050018.,0,0,0
WBGene00050019.,0,0,0
WBGene00050020.,0,0,0
WBGene00050021.,0,0,0
WBGene00050022.,0,0,0
WBGene00050023.,0,0,0
WBGene00050024.,0,0,0
WBGene00050025.,0,0,0
WBGene00050026.,0,0,0
WBGene00050027.,0,0,0
WBGene00050028.,0,0,0
WBGene00050029.,0,0,0
WBGene00050030.,0,0,0
WBGene00050031.,0,0,0
WBGene00050032.,0,0,0
WBGene00050033.,0,0,0
WBGene00050034.,0,0,0
WBGene00050035.,0,0,0
WBGene00050036.,0,0,0
WBGene00050037.,0,0,0
WBGene00050038.,0,0,0
WBGene00050039.,0,0,0
WBGene00050040.,0,0,0
WBGene00050041.,0,0,0
WBGene00050042.,0,0,0
WBGene00050043.,0,0,0
WBGene00050044.,0,0,0
WBGene00050045.,0,0,0
WBGene00050046.,0,0,0
WBGene00050047.,0,0,0
WBGene00050048.,0,0,0
WBGene00050049.,0,0,0
WBGene00050050.,0,0,0
WBGene00050051.,0,0,0
WBGene00050052.,0,0,0
WBGene00050053.,0,0,0
WBGene00050054.,0,0,0
WBGene00050055.,0,0,0
WBGene00050056.,0,0,0
WBGene00050057.,0,0,0
WBGene00050058.,0,0,0
WBGene00050059.,0,0,0
WBGene00050060.,0,0,0
WBGene00050061.,0,0,0
WBGene00050062.,0,0,0
WBGene00050063.,0,0,0
WBGene00050064.,0,0,0
WBGene00050065.,0,0,0
WBGene00050066.,0,0,0
WBGene00050067.,0,0,0
WBGene00050068.,0,0,0
WBGene00050069.,0,0,0
WBGene00050070.,0,0,0
WBGene00050071.,0,0,0
WBGene00050072.,0,0,0
WBGene00050073.,0,0,0
WBGene00050074.,0,0,0
WBGene00050075.,0,0,0
WBGene00050076.,0,0,0
WBGene00050077.,0,0,0
WBGene00050078.,0,0,0
WBGene00050079.,0,0,0
WBGene00050080.,0,0,0
WBGene00050081.,0,0,0
WBGene00050082.,0,0,0
WBGene00050083.,0,0,0
WBGene00050084.,0,0,0
WBGene00050085.,0,0,0
WBGene00050086.,0,0,0
WBGene00050087.,0,0,0
WBGene00050088.,0,0,0
WBGene00050089.,0,0,0
WBGene00050090.,0,0,0
WBGene00050091.,0,0,0
WBGene00050092.,0,0,0
WBGene00050093.,0,0,0
WBGene00050094.,0,0,0
WBGene00050095.,0,0,0
WBGene00050096.,0,0,0
WBGene00050097.,0,0,0
WBGene00050098.,0,0,0
WBGene00050099.,0,0,0
WBGene00050100.,0,0,0
WBGene00050101.,0,0,0
WBGene00050102.,0,0,0
WBGene00050103.,0,0,0
WBGene00050104.,0,0,0
WBGene00050105.,0,0,0
WBGene00050106.,0,0,0
WBGene00050107.,0,0,0
WBGene00050108.,0,0,0
WBGene00050109.,0,0,0
WBGene00050110.,0,0,0
WBGene00050111.,0,0,0
WBGene00050112.,0,0,0
WBGene00050113.,0,0,0
WBGene00050114.,0,0,0
WBGene00050115.,0,0,0
WBGene00050116.,0,0,0
WBGene00050117.,0,0,0
WBGene00050118.,0,0,0
WBGene00050119.,0,0,0
WBGene00050120.,0,0,0
WBGene00050121.,0,0,0
WBGene00050122.,0,0,0
WBGene00050123.,0,0,0
WBGene00050124.,0,0,0
WBGene00050125.,0,0,0
WBGene00050126.,0,0,0
WBGene00050127.,0,0,0
WBGene00050128.,0,0,0
WBGene00050129.,0,0,0
WBGene00050130.,0,0,0
WBGene00050131.,0,0,0
WBGene00050132.,0,0,0
WBGene00050133.,0,0,0
WBGene00050134.,0,0,0
WBGene00050135.,0,0,0
WBGene00050136.,0,0,0
WBGene00050137.,0,0,0
WBGene00050138.,0,0,0
WBGene00050139.,0,0,0
WBGene00050140.,0,0,0
WBGene00050141.,0,0,0
WBGene00050142.,0,0,0
WBGene00050143.,0,0,0
WBGene00050144.,0,0,0
WBGene00050145.,0,0,0
WBGene00050146.,0,0,0
WBGene00050147.,0,0,0
WBGene00050148.,0,0,0
WBGene00050149.,0,0,0
WBGene00050150.,0,0,0
WBGene00050151.,0,0,0
WBGene00050152.,0,0,0
WBGene00050153.,0,0,0
WBGene00050154.,0,0,0
WBGene00050155.,0,0,0
WBGene00050156.,0,0,0
WBGene00050157.,0,0,0
WBGene00050158.,0,0,0
WBGene00050159.,0,0,0
WBGene00050160.,0,0,0
WBGene00050161.,0,0,0
WBGene00050162.,0,0,0
WBGene00050163.,0,0,0
WBGene00050164.,0,0,0
WBGene00050165.,0,0,0
WBGene00050166.,0,0,0
WBGene00050167.,0,0,0
WBGene00050168.,0,0,0
WBGene00050169.,0,0,0
WBGene00050170.,0,0,0
WBGene00050171.,0,0,0
WBGene00050172.,0,0,0
WBGene00050173.,0,0,0
WBGene00050174.,0,0,0
WBGene00050175.,0,0,0
WBGene00050176.,0,0,0
WBGene00050177.,0,0,0
WBGene00050178.,0,0,0
WBGene00050179.,0,0,0
WBGene00050180.,0,0,0
WBGene00050181.,0,0,0
WBGene00050182.,0,0,0
WBGene00050183.,0,0,0
WBGene00050184.,0,0,0
WBGene00050185.,0,0,0
WBGene00050186.,0,0,0
WBGene00050187.,0,0,0
WBGene00050188.,0,0,0
WBGene00050189.,0,0,0
WBGene00050190.,0,0,0
WBGene00050191.,0,0,0
WBGene00050192.,0,0,0
WBGene00050193.,0,0,0
WBGene00050194.,0,0,0
WBGene00050195.,0,0,0
WBGene00050196.,0,0,0
WBGene00050197.,0,0,0
WBGene00050198.,0,0,0
WBGene00050199.,0,0,0
WBGene00050200.,0,0,0
WBGene00050201.,0,0,0
WBGene00050202.,0,0,0
WBGene00050203.,0,0,0
WBGene00050204.,0,0,0
WBGene00050205.,0,0,0
WBGene00050206.,0,0,0
WBGene00050207.,0,0,0
WBGene00050208.,0,0,0
WBGene00050209.,0,0,0
WBGene00050210.,0,0,0
WBGene00050211.,0,0,0
WBGene00050212.,0,0,0
WBGene00050213.,0,0,0
WBGene00050214.,0,0,0
WBGene00050215.,0,0,0
WBGene00050216.,0,0,0
WBGene00050217.,0,0,0
WBGene00050218.,0,0,0
WBGene00050219.,0,0,0
WBGene00050220.,0,0,0
WBGene00050221.,0,0,0
WBGene00050222.,0,0,0
WBGene00050223.,0,0,0
WBGene00050224.,0,0,0
WBGene00050225.,0,0,0
WBGene00050226.,0,0,0
WBGene00050227.,0,0,0
WBGene00050228.,0,0,0
WBGene00050229.,0,0,0
WBGene00050230.,0,0,0
WBGene00050231.,0,0,0
WBGene00050232.,0,0,0
WBGene00050233.,0,0,0
WBGene00050234.,0,0,0
WBGene00050235.,0,0,0
WBGene00050236.,0,0,0
WBGene00050237.,0,0,0
WBGene00050238.,0,0,0
WBGene00050239.,0,0,0
WBGene00050240.,0,0,0
WBGene00050241.,0,0,0
WBGene00050242.,0,0,0
WBGene00050243.,0,0,0
WBGene00050244.,0,0,0
WBGene00050245.,0,0,0
WBGene00050246.,0,0,0
WBGene00050247.,0,0,0
WBGene00050248.,0,0,0
WBGene00050249.,0,0,0
WBGene00050250.,0,0,0
WBGene00050251.,0,0,0
WBGene00050252.,0,0,0
WBGene00050253.,0,0,0
WBGene00050254.,0,0,0
WBGene00050255.,0,0,0
WBGene00050256.,0,0,0
WBGene00050257.,0,0,0
WBGene00050258.,0,0,0
WBGene00050259.,0,0,0
WBGene00050260.,0,0,0
WBGene00050261.,0,0,0
WBGene00050262.,0,0,0
WBGene00050263.,0,0,0
WBGene00050264.,0,0,0
WBGene00050265.,0,0,0
WBGene00050266.,0,0,0
WBGene00050267.,0,0,0
WBGene00050268.,0,0,0
WBGene00050269.,0,0,0
WBGene00050270.,0,0,0
WBGene00050271.,0,0,0
WBGene00050272.,0,0,0
WBGene00050273.,0,0,0
WBGene00050274.,0,0,0
WBGene00050275.,0,0,0
WBGene00050276.,0,0,0
WBGene00050277.,0,0,0
WBGene00050278.,0,0,0
WBGene00050279.,0,0,0
WBGene00050280.,0,0,0
WBGene00050281.,0,0,0
WBGene00050282.,0,0,0
WBGene00050283.,0,0,0
WBGene00050284.,0,0,0
WBGene00050285.,0,0,0
WBGene00050286.,0,0,0
WBGene00050287.,0,0,0
WBGene00050288.,0,0,0
WBGene00050289.,0,0,0
WBGene00050290.,0,0,0
WBGene00050291.,0,0,0
WBGene00050292.,0,0,0
WBGene00050293.,0,0,0
WBGene00050294.,0,0,0
WBGene00050295.,0,0,0
WBGene00050296.,0,0,0
WBGene00050297.,0,0,0
WBGene00050298.,0,0,0
WBGene00050299.,0,0,0
WBGene00050300.,0,0,0
WBGene00050301.,0,0,0
WBGene00050302.,0,0,0
WBGene00050303.,0,0,0
WBGene00050304.,0,0,0
WBGene00050305.,0,0,0
WBGene00050306.,0,0,0
WBGene00050307.,0,0,0
WBGene00050308.,0,0,0
WBGene00050309.,0,0,0
WBGene00050310.,0,0,0
WBGene00050311.,0,0,0
WBGene00050312.,0,0,0
WBGene00050313.,0,0,0
WBGene00050314.,0,0,0
WBGene00050315.,0,0,0
WBGene00050316.,0,0,0
WBGene00050317.,0,0,0
WBGene00050318.,0,0,0
WBGene00050319.,0,0,0
WBGene00050320.,0,0,0
WBGene00050321.,0,0,0
WBGene00050322.,0,0,0
WBGene00050323.,0,0,0
WBGene00050324.,0,0,0
WBGene00050325.,0,0,0
WBGene00050326.,0,0,0
WBGene00050327.,0,0,0
WBGene00050328.,0,0,0
WBGene00050329.,0,0,0
WBGene00050330.,0,0,0
WBGene00050331.,0,0,0
WBGene00050332.,0,0,0
WBGene00050333.,0,0,0
WBGene00050334.,0,0,0
WBGene00050335.,0,0,0
WBGene00050336.,0,0,0
WBGene00050337.,0,0,0
WBGene00050338.,0,0,0
WBGene00050339.,0,0,0
WBGene00050340.,0,0,0
WBGene00050341.,0,0,0
WBGene00050342.,0,0,0
WBGene00050343.,0,0,0
WBGene00050344.,0,0,0
WBGene00050345.,0,0,0
WBGene00050346.,0,0,0
WBGene00050347.,0,0,0
WBGene00050348.,0,0,0
WBGene00050349.,0,0,0
WBGene00050350.,0,0,0
WBGene00050351.,0,0,0
WBGene00050352.,0,0,0
WBGene00050353.,0,0,0
WBGene00050354.,0,0,0
WBGene00050355.,0,0,0
WBGene00050356.,0,0,0
WBGene00050357.,0,0,0
WBGene00050358.,0,0,0
WBGene00050359.,0,0,0
WBGene00050360.,0,0,0
WBGene00050361.,0,0,0
WBGene00050362.,0,0,0
WBGene00050363.,0,0,0
WBGene00050364.,0,0,0
WBGene00050365.,0,0,0
WBGene00050366.,0,0,0
WBGene00050367.,0,0,0
WBGene00050368.,0,0,0
WBGene00050369.,0,0,0
WBGene00050370.,0,0,0
WBGene00050371.,0,0,0
WBGene00050372.,0,0,0
WBGene00050373.,0,0,0
WBGene00050374.,0,0,0
WBGene00050375.,0,0,0
WBGene00050376.,0,0,0
WBGene00050377.,0,0,0
WBGene00050378.,0,0,0
WBGene00050379.,0,0,0
WBGene00050380.,0,0,0
WBGene00050381.,0,0,0
WBGene00050382.,0,0,0
WBGene00050383.,0,0,0
WBGene00050384.,0,0,0
WBGene00050385.,0,0,0
WBGene00050386.,0,0,0
WBGene00050387.,0,0,0
WBGene00050388.,0,0,0
WBGene00050389.,0,0,0
WBGene00050390.,0,0,0
WBGene00050391.,0,0,0
WBGene00050392.,0,0,0
WBGene00050393.,0,0,0
WBGene00050394.,0,0,0
WBGene00050395.,0,0,0
WBGene00050396.,0,0,0
WBGene00050397.,0,0,0
WBGene00050398.,0,0,0
WBGene00050399.,0,0,0
WBGene00050400.,0,0,0
WBGene00050401.,0,0,0
WBGene00050402.,0,0,0
WBGene00050403.,0,0,0
WBGene00050404.,0,0,0
WBGene00050405.,0,0,0
WBGene00050406.,0,0,0
WBGene00050407.,0,0,0
WBGene00050408.,0,0,0
WBGene00050409.,0,0,0
WBGene00050410.,0,0,0
WBGene00050411.,0,0,0
WBGene00050412.,0,0,0
WBGene00050413.,0,0,0
WBGene00050414.,0,0,0
WBGene00050415.,0,0,0
WBGene00050416.,0,0,0
WBGene00050417.,0,0,0
WBGene00050418.,0,0,0
WBGene00050419.,0,0,0
WBGene00050420.,0,0,0
WBGene00050421.,0,0,0
WBGene00050422.,0,0,0
WBGene00050423.,0,0,0
WBGene00050424.,0,0,0
WBGene00050425.,0,0,0
WBGene00050426.,0,0,0
WBGene00050427.,0,0,0
WBGene00050428.,0,0,0
WBGene00050429.,0,0,0
WBGene00050430.,0,0,0
WBGene00050431.,0,0,0
WBGene00050432.,0,0,0
WBGene00050433.,0,0,0
WBGene00050434.,0,0,0
WBGene00050435.,0,0,0
WBGene00050436.,0,0,0
WBGene00050437.,0,0,0
WBGene00050438.,0,0,0
WBGene00050439.,0,0,0
WBGene00050440.,0,0,0
WBGene00050441.,0,0,0
WBGene00050442.,0,0,0
WBGene00050443.,0,0,0
WBGene00050444.,0,0,0
WBGene00050445.,0,0,0
WBGene00050446.,0,0,0
WBGene00050447.,0,0,0
WBGene00050448.,0,0,0
WBGene00050449.,0,0,0
WBGene00050450.,0,0,0
WBGene00050451.,0,0,0
WBGene00050452.,0,0,0
WBGene00050453.,0,0,0
WBGene00050454.,0,0,0
WBGene00050455.,0,0,0
WBGene00050456.,0,0,0
WBGene00050457.,0,0,0
WBGene00050458.,0,0,0
WBGene00050459.,0,0,0
WBGene00050460.,0,0,0
WBGene00050461.,0,0,0
WBGene00050462.,0,0,0
WBGene00050463.,0,0,0
WBGene00050464.,0,0,0
WBGene00050465.,0,0,0
WBGene00050466.,0,0,0
WBGene00050467.,0,0,0
WBGene00050468.,0,0,0
WBGene00050469.,0,0,0
WBGene00050470.,0,0,0
WBGene00050471.,0,0,0
WBGene00050472.,0,0,0
WBGene00050473.,0,0,0
WBGene00050474.,0,0,0
WBGene00050475.,0,0,0
WBGene00050476.,0,0,0
WBGene00050477.,0,0,0
WBGene00050478.,0,0,0
WBGene00050479.,0,0,0
WBGene00050480.,0,0,0
WBGene00050481.,0,0,0
WBGene00050482.,0,0,0
WBGene00050483.,0,0,0
WBGene00050484.,0,0,0
WBGene00050485.,0,0,0
WBGene00050486.,0,0,0
WBGene00050487.,0,0,0
WBGene00050488.,0,0,0
WBGene00050489.,0,0,0
WBGene00050490.,0,0,0
WBGene00050491.,0,0,0
WBGene00050492.,0,0,0
WBGene00050493.,0,0,0
WBGene00050494.,0,0,0
WBGene00050495.,0,0,0
WBGene00050496.,0,0,0
WBGene00050497.,0,0,0
WBGene00050498.,0,0,0
WBGene00050499.,0,0,0
WBGene00050500.,0,0,0
WBGene00050501.,0,0,0
WBGene00050502.,0,0,0
WBGene00050503.,0,0,0
WBGene00050504.,0,0,0
WBGene00050505.,0,0,0
WBGene00050506.,0,0,0
WBGene00050507.,0,0,0
WBGene00050508.,0,0,0
WBGene00050509.,0,0,0
WBGene00050510.,0,0,0
WBGene00050511.,0,0,0
WBGene00050512.,0,0,0
WBGene00050513.,0,0,0
WBGene00050514.,0,0,0
WBGene00050515.,0,0,0
WBGene00050516.,0,0,0
WBGene00050517.,0,0,0
WBGene00050518.,0,0,0
WBGene00050519.,0,0,0
WBGene00050520.,0,0,0
WBGene00050521.,0,0,0
WBGene00050522.,0,0,0
WBGene00050523.,0,0,0
WBGene00050524.,0,0,0
WBGene00050525.,0,0,0
WBGene00050526.,0,0,0
WBGene00050527.,0,0,0
WBGene00050528.,0,0,0
WBGene00050529.,0,0,0
WBGene00050530.,0,0,0
WBGene00050531.,0,0,0
WBGene00050532.,0,0,0
WBGene00050533.,0,0,0
WBGene00050534.,0,0,0
WBGene00050535.,0,0,0
WBGene00050536.,0,0,0
WBGene00050537.,0,0,0
WBGene00050538.,0,0,0
WBGene00050539.,0,0,0
WBGene00050540.,0,0,0
WBGene00050541.,0,0,0
WBGene00050542.,0,0,0
WBGene00050543.,0,0,0
WBGene00050544.,0,0,0
WBGene00050545.,0,0,0
WBGene00050546.,0,0,0
WBGene00050547.,0,0,0
WBGene00050548.,0,0,0
WBGene00050549.,0,0,0
WBGene00050550.,0,0,0
WBGene00050551.,0,0,0
WBGene00050552.,0,0,0
WBGene00050553.,0,0,0
WBGene00050554.,0,0,0
WBGene00050555.,0,0,0
WBGene00050556.,0,0,0
WBGene00050557.,0,0,0
WBGene00050558.,0,0,0
WBGene00050559.,0,0,0
WBGene00050560.,0,0,0
WBGene00050561.,0,0,0
WBGene00050562.,0,0,0
WBGene00050563.,0,0,0
WBGene00050564.,0,0,0
WBGene00050565.,0,0,0
WBGene00050566.,0,0,0
WBGene00050567.,0,0,0
WBGene00050568.,0,0,0
WBGene00050569.,0,0,0
WBGene00050570.,0,0,0
WBGene00050571.,0,0,0
WBGene00050572.,0,0,0
WBGene00050573.,0,0,0
WBGene00050574.,0,0,0
WBGene00050575.,0,0,0
WBGene00050576.,0,0,0
WBGene00050577.,0,0,0
WBGene00050578.,0,0,0
WBGene00050579.,0,0,0
WBGene00050580.,0,0,0
WBGene00050581.,0,0,0
WBGene00050582.,0,0,0
WBGene00050583.,0,0,0
WBGene00050584.,0,0,0
WBGene00050585.,0,0,0
WBGene00050586.,0,0,0
WBGene00050587.,0,0,0
WBGene00050588.,0,0,0
WBGene00050589.,0,0,0
WBGene00050590.,0,0,0
WBGene00050591.,0,0,0
WBGene00050592.,0,0,0
WBGene00050593.,0,0,0
WBGene00050594.,0,0,0
WBGene00050595.,0,0,0
WBGene00050596.,0,0,0
WBGene00050597.,0,0,0
WBGene00050598.,0,0,0
WBGene00050599.,0,0,0
WBGene00050600.,0,0,0
WBGene00050601.,0,0,0
WBGene00050602.,0,0,0
WBGene00050603.,0,0,0
WBGene00050604.,0,0,0
WBGene00050605.,0,0,0
WBGene00050606.,0,0,0
WBGene00050607.,0,0,0
WBGene00050608.,0,0,0
WBGene00050609.,0,0,0
WBGene00050610.,0,0,0
WBGene00050611.,0,0,0
WBGene00050612.,0,0,0
WBGene00050613.,0,0,0
WBGene00050614.,0,0,0
WBGene00050615.,0,0,0
WBGene00050616.,0,0,0
WBGene00050617.,0,0,0
WBGene00050618.,0,0,0
WBGene00050619.,0,0,0
WBGene00050620.,0,0,0
WBGene00050621.,0,0,0
WBGene00050622.,0,0,0
WBGene00050623.,0,0,0
WBGene00050624.,0,0,0
WBGene00050625.,0,0,0
WBGene00050626.,0,0,0
WBGene00050627.,0,0,0
WBGene00050628.,0,0,0
WBGene00050629.,0,0,0
WBGene00050630.,0,0,0
WBGene00050631.,0,0,0
WBGene00050632.,0,0,0
WBGene00050633.,0,0,0
WBGene00050634.,0,0,0
WBGene00050635.,0,0,0
WBGene00050636.,0,0,0
WBGene00050637.,0,0,0
WBGene00050638.,0,0,0
WBGene00050639.,0,0,0
WBGene00050640.,0,0,0
WBGene00050641.,0,0,0
WBGene00050642.,0,0,0
WBGene00050643.,0,0,0
WBGene00050644.,0,0,0
WBGene00050645.,0,0,0
WBGene00050646.,0,0,0
WBGene00050647.,0,0,0
WBGene00050648.,0,0,0
WBGene00050649.,0,0,0
WBGene00050650.,0,0,0
WBGene00050651.,0,0,0
WBGene00050652.,0,0,0
WBGene00050653.,0,0,0
WBGene00050654.,0,0,0
WBGene00050655.,0,0,0
WBGene00050656.,0,0,0
WBGene00050657.,0,0,0
WBGene00050658.,0,0,0
WBGene00050659.,0,0,0
WBGene00050660.,0,0,0
WBGene00050661.,0,0,0
WBGene00050662.,0,0,0
WBGene00050663.,0,0,0
WBGene00050664.,0,0,0
WBGene00050665.,0,0,0
WBGene00050666.,0,0,0
WBGene00050667.,0,0,0
WBGene00050668.,0,0,0
WBGene00050669.,0,0,0
WBGene00050670.,0,0,0
WBGene00050671.,0,0,0
WBGene00050672.,0,0,0
WBGene00050673.,0,0,0
WBGene00050674.,0,0,0
WBGene00050675.,0,0,0
WBGene00050676.,0,0,0
WBGene00050677.,0,0,0
WBGene00050678.,0,0,0
WBGene00050679.,0,0,0
WBGene00050680.,0,0,0
WBGene00050681.,0,0,0
WBGene00050682.,0,0,0
WBGene00050683.,0,0,0
WBGene00050684.,0,0,0
WBGene00050685.,0,0,0
WBGene00050686.,0,0,0
WBGene00050687.,0,0,0
WBGene00050688.,0,0,0
WBGene00050689.,0,0,0
WBGene00050690.,0,0,0
WBGene00050691.,0,0,0
WBGene00050692.,0,0,0
WBGene00050693.,0,0,0
WBGene00050694.,0,0,0
WBGene00050695.,0,0,0
WBGene00050696.,0,0,0
WBGene00050697.,0,0,0
WBGene00050698.,0,0,0
WBGene00050699.,0,0,0
WBGene00050700.,0,0,0
WBGene00050701.,0,0,0
WBGene00050702.,0,0,0
WBGene00050703.,0,0,0
WBGene00050704.,0,0,0
WBGene00050705.,0,0,0
WBGene00050706.,0,0,0
WBGene00050707.,0,0,0
WBGene00050708.,0,0,0
WBGene00050709.,0,0,0
WBGene00050710.,0,0,0
WBGene00050711.,0,0,0
WBGene00050712.,0,0,0
WBGene00050713.,0,0,0
WBGene00050714.,0,0,0
WBGene00050715.,0,0,0
WBGene00050716.,0,0,0
WBGene00050717.,0,0,0
WBGene00050718.,0,0,0
WBGene00050719.,0,0,0
WBGene00050720.,0,0,0
WBGene00050721.,0,0,0
WBGene00050722.,0,0,0
WBGene00050723.,0,0,0
WBGene00050724.,0,0,0
WBGene00050725.,0,0,0
WBGene00050726.,0,0,0
WBGene00050727.,0,0,0
WBGene00050728.,0,0,0
WBGene00050729.,0,0,0
WBGene00050730.,0,0,0
WBGene00050731.,0,0,0
WBGene00050732.,0,0,0
WBGene00050733.,0,0,0
WBGene00050734.,0,0,0
WBGene00050735.,0,0,0
WBGene00050736.,0,0,0
WBGene00050737.,0,0,0
WBGene00050738.,0,0,0
WBGene00050739.,0,0,0
WBGene00050740.,0,0,0
WBGene00050741.,0,0,0
WBGene00050742.,0,0,0
WBGene00050743.,0,0,0
WBGene00050744.,0,0,0
WBGene00050745.,0,0,0
WBGene00050746.,0,0,0
WBGene00050747.,0,0,0
WBGene00050748.,0,0,0
WBGene00050749.,0,0,0
WBGene00050750.,0,0,0
WBGene00050751.,0,0,0
WBGene00050752.,0,0,0
WBGene00050753.,0,0,0
WBGene00050754.,0,0,0
WBGene00050755.,0,0,0
WBGene00050756.,0,0,0
WBGene00050757.,0,0,0
WBGene00050758.,0,0,0
WBGene00050759.,0,0,0
WBGene00050760.,0,0,0
WBGene00050761.,0,0,0
WBGene00050762.,0,0,0
WBGene00050763.,0,0,0
WBGene00050764.,0,0,0
WBGene00050765.,0,0,0
WBGene00050766.,0,0,0
WBGene00050767.,0,0,0
WBGene00050768.,0,0,0
WBGene00050769.,0,0,0
WBGene00050770.,0,0,0
WBGene00050771.,0,0,0
WBGene00050772.,0,0,0
WBGene00050773.,0,0,0
WBGene00050774.,0,0,0
WBGene00050775.,0,0,0
WBGene00050776.,0,0,0
WBGene00050777.,0,0,0
WBGene00050778.,0,0,0
WBGene00050779.,0,0,0
WBGene00050780.,0,0,0
WBGene00050781.,0,0,0
WBGene00050782.,0,0,0
WBGene00050783.,0,0,0
WBGene00050784.,0,0,0
WBGene00050785.,0,0,0
WBGene00050786.,0,0,0
WBGene00050787.,0,0,0
WBGene00050788.,0,0,0
WBGene00050789.,0,0,0
WBGene00050790.,0,0,0
WBGene00050791.,0,0,0
WBGene00050792.,0,0,0
WBGene00050793.,0,0,0
WBGene00050794.,0,0,0
WBGene00050795.,0,0,0
WBGene00050796.,0,0,0
WBGene00050797.,0,0,0
WBGene00050798.,0,0,0
WBGene00050799.,0,0,0
WBGene00050800.,0,0,0
WBGene00050801.,0,0,0
WBGene00050802.,0,0,0
WBGene00050803.,0,0,0
WBGene00050804.,0,0,0
WBGene00050805.,0,0,0
WBGene00050806.,0,0,0
WBGene00050807.,0,0,0
WBGene00050808.,0,0,0
WBGene00050809.,0,0,0
WBGene00050810.,0,0,0
WBGene00050811.,0,0,0
WBGene00050812.,0,0,0
WBGene00050813.,0,0,0
WBGene00050814.,0,0,0
WBGene00050815.,0,0,0
WBGene00050816.,0,0,0
WBGene00050817.,0,0,0
WBGene00050818.,0,0,0
WBGene00050819.,0,0,0
WBGene00050820.,0,0,0
WBGene00050821.,0,0,0
WBGene00050822.,0,0,0
WBGene00050823.,0,0,0
WBGene00050824.,0,0,0
WBGene00050825.,0,0,0
WBGene00050826.,0,0,0
WBGene00050827.,0,0,0
WBGene00050828.,0,0,0
WBGene00050829.,0,0,0
WBGene00050830.,0,0,0
WBGene00050831.,0,0,0
WBGene00050832.,0,0,0
WBGene00050833.,0,0,0
WBGene00050834.,0,0,0
WBGene00050835.,0,0,0
WBGene00050836.,0,0,0
WBGene00050837.,0,0,0
WBGene00050838.,0,0,0
WBGene00050839.,0,0,0
WBGene00050840.,0,0,0
WBGene00050841.,0,0,0
WBGene00050842.,0,0,0
WBGene00050843.,0,0,0
WBGene00050844.,0,0,0
WBGene00050845.,0,0,0
WBGene00050846.,0,0,0
WBGene00050847.,0,0,0
WBGene00050848.,0,0,0
WBGene00050849.,0,0,0
WBGene00050850.,0,0,0
WBGene00050851.,0,0,0
WBGene00050852.,0,0,0
WBGene00050853.,0,0,0
WBGene00050854.,0,0,0
WBGene00050855.,0,0,0
WBGene00050856.,0,0,0
WBGene00050857.,0,0,0
WBGene00050858.,0,0,0
WBGene00050859.,0,0,0
WBGene00050860.,0,0,0
WBGene00050861.,0,0,0
WBGene00050862.,0,0,0
WBGene00050863.,0,0,0
WBGene00050864.,0,0,0
WBGene00050865.,0,0,0
WBGene00050866.,0,0,0
WBGene00050867.,0,0,0
WBGene00050868.,0,0,0
WBGene00050869.,0,0,0
WBGene00050870.,0,0,0
WBGene00050871.,0,0,0
WBGene00050873.,0,0,0
WBGene00050874.,0,0,0
WBGene00050875.,0,0,0
WBGene00050878.,2,6,8
WBGene00050879.,0,0,0
WBGene00050880.,9,3,12
WBGene00050881.,2,0,2
WBGene00050883.,0,3,3
WBGene00050884.,90,410,500
WBGene00050885.,69,340,409
WBGene00050889.,53,257,310
WBGene00050890.,0,34,34
WBGene00050891.,0,3,3
WBGene00050892.,1,2,3
WBGene00050893.,0,1,1
WBGene00050894.,0,0,0
WBGene00050896.,0,3,3
WBGene00050897.,0,0,0
WBGene00050898.,0,0,0
WBGene00050899.,201,2646,2847
WBGene00050900.,0,0,0
WBGene00050902.,0,0,0
WBGene00050903.,30,181,211
WBGene00050904.,4,210,214
WBGene00050906.,0,4,4
WBGene00050907.,0,0,0
WBGene00050910.,0,0,0
WBGene00050911.,0,4,4
WBGene00050912.,0,0,0
WBGene00050913.,0,1,1
WBGene00050914.,0,1,1
WBGene00050915.,4,30,34
WBGene00050916.,3,6,9
WBGene00050917.,23,85,108
WBGene00050919.,5,18,23
WBGene00050920.,11,137,148
WBGene00050921.,0,0,0
WBGene00050922.,0,0,0
WBGene00050923.,0,0,0
WBGene00050924.,0,0,0
WBGene00050926.,3,3,6
WBGene00050927.,195,344,539
WBGene00050928.,0,0,0
WBGene00050929.,0,0,0
WBGene00050930.,20,6,26
WBGene00050931.,2,3,5
WBGene00050932.,1,0,1
WBGene00050933.,0,0,0
WBGene00050934.,2,7,9
WBGene00050935.,523,50,573
WBGene00050936.,0,309,309
WBGene00050937.,10,151,161
WBGene00050938.,0,4,4
WBGene00050939.,0,0,0
WBGene00050940.,1,4,5
WBGene00050941.,7,490,497
WBGene00050943.,13,67,80
WBGene00050944.,118,963,1081
WBGene00050945.,12,760,772
WBGene00050946.,13,99,112
WBGene00050947.,8,286,294
WBGene00050948.,44,169,213
WBGene00050949.,0,0,0
WBGene00050950.,0,0,0
WBGene00050951.,0,0,0
WBGene00050954.,0,0,0
WBGene00050955.,1,0,1
WBGene00050956.,1,1,2
WBGene00050957.,10,65,75
WBGene00050958.,0,29,29
WBGene00050959.,0,0,0
WBGene00050960.,0,0,0
WBGene00050961.,0,1,1
WBGene00050962.,0,0,0
WBGene00050963.,0,0,0
WBGene00050964.,0,19,19
WBGene00050965.,0,0,0
WBGene00050967.,8,53,61
WBGene00050968.,0,0,0
WBGene00050970.,0,1,1
WBGene00050971.,1,3,4
WBGene00050972.,0,0,0
WBGene00050973.,0,4,4
WBGene00050974.,0,6,6
WBGene00050976.,0,1,1
WBGene00050977.,2,51,53
WBGene00077434.,59,2,61
WBGene00077436.,6,5,11
WBGene00077437.,597,3600,4197
WBGene00077438.,6,3,9
WBGene00077439.,15,555,570
WBGene00077440.,1,0,1
WBGene00077441.,0,0,0
WBGene00077442.,5,1,6
WBGene00077443.,1,62,63
WBGene00077444.,4,47,51
WBGene00077445.,0,1,1
WBGene00077446.,0,2,2
WBGene00077447.,0,1,1
WBGene00077448.,27,0,27
WBGene00077449.,0,18,18
WBGene00077450.,5,3,8
WBGene00077451.,0,2,2
WBGene00077452.,0,0,0
WBGene00077453.,32,975,1007
WBGene00077454.,0,2,2
WBGene00077455.,18,22,40
WBGene00077456.,0,2,2
WBGene00077457.,29,512,541
WBGene00077459.,4,3,7
WBGene00077460.,0,2,2
WBGene00077461.,0,29,29
WBGene00077462.,0,0,0
WBGene00077463.,0,0,0
WBGene00077464.,1,1,2
WBGene00077465.,0,17,17
WBGene00077466.,0,0,0
WBGene00077467.,0,0,0
WBGene00077468.,0,0,0
WBGene00077469.,0,0,0
WBGene00077470.,0,0,0
WBGene00077471.,0,0,0
WBGene00077472.,0,0,0
WBGene00077473.,0,0,0
WBGene00077474.,0,0,0
WBGene00077475.,0,0,0
WBGene00077476.,0,0,0
WBGene00077477.,0,0,0
WBGene00077478.,0,0,0
WBGene00077479.,0,0,0
WBGene00077480.,0,0,0
WBGene00077481.,0,0,0
WBGene00077482.,0,0,0
WBGene00077483.,0,0,0
WBGene00077484.,0,0,0
WBGene00077485.,0,0,0
WBGene00077486.,0,0,0
WBGene00077487.,0,0,0
WBGene00077488.,0,0,0
WBGene00077489.,3,10,13
WBGene00077490.,65,783,848
WBGene00077491.,3,47,50
WBGene00077492.,0,1,1
WBGene00077493.,5,9,14
WBGene00077494.,0,0,0
WBGene00077495.,0,2,2
WBGene00077496.,0,1,1
WBGene00077497.,4,3,7
WBGene00077498.,0,0,0
WBGene00077499.,0,0,0
WBGene00077500.,26,271,297
WBGene00077501.,0,3,3
WBGene00077502.,1,0,1
WBGene00077503.,0,0,0
WBGene00077504.,0,0,0
WBGene00077506.,0,0,0
WBGene00077508.,34,21,55
WBGene00077510.,0,0,0
WBGene00077514.,1,7,8
WBGene00077515.,0,0,0
WBGene00077516.,0,0,0
WBGene00077517.,0,0,0
WBGene00077519.,0,8,8
WBGene00077520.,84,383,467
WBGene00077521.,0,170,170
WBGene00077522.,5,32,37
WBGene00077523.,2,3,5
WBGene00077524.,0,2,2
WBGene00077525.,19,357,376
WBGene00077526.,944,7556,8500
WBGene00077527.,0,5,5
WBGene00077531.,0,16,16
WBGene00077534.,0,0,0
WBGene00077535.,13,4,17
WBGene00077536.,12,105,117
WBGene00077537.,4,226,230
WBGene00077538.,4,3,7
WBGene00077539.,354,199,553
WBGene00077543.,3,30,33
WBGene00077546.,4,8,12
WBGene00077548.,26,210,236
WBGene00077549.,0,8,8
WBGene00077551.,0,9,9
WBGene00077552.,153,27,180
WBGene00077553.,36,44,80
WBGene00077555.,0,0,0
WBGene00077556.,2,5,7
WBGene00077557.,15,31,46
WBGene00077558.,15,34,49
WBGene00077559.,8,68,76
WBGene00077561.,0,5,5
WBGene00077562.,14,1,15
WBGene00077563.,16,21,37
WBGene00077564.,4,5,9
WBGene00077565.,4,6,10
WBGene00077566.,0,3,3
WBGene00077567.,0,0,0
WBGene00077568.,0,217,217
WBGene00077569.,10,11,21
WBGene00077570.,5,75,80
WBGene00077571.,0,3,3
WBGene00077572.,34,144,178
WBGene00077573.,7,138,145
WBGene00077574.,1,3,4
WBGene00077575.,0,4,4
WBGene00077576.,1,2,3
WBGene00077577.,6,2,8
WBGene00077579.,5,3,8
WBGene00077580.,0,3,3
WBGene00077581.,0,1,1
WBGene00077582.,2,2,4
WBGene00077583.,0,0,0
WBGene00077584.,0,0,0
WBGene00077585.,14,1,15
WBGene00077586.,0,2,2
WBGene00077588.,0,9,9
WBGene00077589.,0,0,0
WBGene00077590.,0,2,2
WBGene00077592.,3,1,4
WBGene00077593.,16,38,54
WBGene00077594.,150,173,323
WBGene00077595.,0,0,0
WBGene00077596.,4,2,6
WBGene00077597.,0,0,0
WBGene00077598.,0,0,0
WBGene00077599.,18,103,121
WBGene00077600.,1,0,1
WBGene00077601.,0,2,2
WBGene00077602.,0,1,1
WBGene00077603.,0,2,2
WBGene00077604.,0,1,1
WBGene00077605.,0,1,1
WBGene00077606.,0,0,0
WBGene00077607.,0,3,3
WBGene00077608.,0,1,1
WBGene00077609.,0,1,1
WBGene00077610.,0,3,3
WBGene00077611.,0,2,2
WBGene00077612.,0,5,5
WBGene00077613.,0,18,18
WBGene00077614.,0,0,0
WBGene00077615.,15,16,31
WBGene00077616.,1,15,16
WBGene00077617.,0,0,0
WBGene00077618.,0,0,0
WBGene00077619.,0,0,0
WBGene00077620.,0,0,0
WBGene00077621.,2,2,4
WBGene00077622.,0,7,7
WBGene00077624.,0,0,0
WBGene00077625.,1,0,1
WBGene00077626.,0,1,1
WBGene00077627.,0,1,1
WBGene00077629.,2,7,9
WBGene00077630.,0,2,2
WBGene00077631.,0,9,9
WBGene00077632.,0,1,1
WBGene00077633.,0,0,0
WBGene00077634.,0,0,0
WBGene00077635.,1,2,3
WBGene00077636.,31,51,82
WBGene00077637.,0,2,2
WBGene00077638.,0,0,0
WBGene00077640.,0,5,5
WBGene00077641.,0,1,1
WBGene00077642.,0,0,0
WBGene00077643.,49,397,446
WBGene00077644.,0,0,0
WBGene00077646.,0,4,4
WBGene00077647.,0,0,0
WBGene00077648.,0,2,2
WBGene00077649.,4,0,4
WBGene00077650.,0,0,0
WBGene00077651.,0,0,0
WBGene00077652.,3,1,4
WBGene00077653.,0,0,0
WBGene00077654.,0,1,1
WBGene00077655.,0,0,0
WBGene00077656.,0,0,0
WBGene00077657.,0,4,4
WBGene00077658.,58,411,469
WBGene00077659.,0,1,1
WBGene00077660.,0,0,0
WBGene00077662.,0,0,0
WBGene00077663.,0,1,1
WBGene00077664.,3,45,48
WBGene00077666.,0,1,1
WBGene00077667.,0,0,0
WBGene00077669.,105,240,345
WBGene00077670.,2,1,3
WBGene00077671.,0,0,0
WBGene00077673.,1,2,3
WBGene00077674.,1,2,3
WBGene00077679.,8,17,25
WBGene00077680.,3,14,17
WBGene00077681.,20,54,74
WBGene00077682.,1,4,5
WBGene00077684.,1,7,8
WBGene00077685.,0,3,3
WBGene00077686.,0,0,0
WBGene00077687.,0,9,9
WBGene00077688.,6,3,9
WBGene00077689.,1,29,30
WBGene00077690.,10,73,83
WBGene00077691.,0,16,16
WBGene00077692.,11,89,100
WBGene00077693.,267,6686,6953
WBGene00077694.,0,0,0
WBGene00077695.,0,0,0
WBGene00077696.,37,25,62
WBGene00077697.,109,73,182
WBGene00077698.,43,182,225
WBGene00077699.,5,41,46
WBGene00077701.,27,532,559
WBGene00077703.,7,6,13
WBGene00077704.,36,360,396
WBGene00077705.,0,0,0
WBGene00077706.,0,0,0
WBGene00077707.,0,0,0
WBGene00077708.,0,1,1
WBGene00077709.,0,0,0
WBGene00077712.,25,349,374
WBGene00077714.,5,13,18
WBGene00077715.,0,0,0
WBGene00077716.,0,2,2
WBGene00077717.,0,0,0
WBGene00077718.,0,1,1
WBGene00077719.,0,0,0
WBGene00077720.,0,0,0
WBGene00077721.,0,0,0
WBGene00077722.,0,0,0
WBGene00077723.,0,0,0
WBGene00077724.,0,0,0
WBGene00077725.,0,0,0
WBGene00077726.,0,0,0
WBGene00077727.,0,1,1
WBGene00077728.,0,213,213
WBGene00077732.,21,357,378
WBGene00077750.,0,1,1
WBGene00077751.,6,13,19
WBGene00077752.,26,121,147
WBGene00077753.,14,19,33
WBGene00077754.,2,1,3
WBGene00077755.,0,1,1
WBGene00077756.,0,36,36
WBGene00077757.,7,31,38
WBGene00077758.,2,10,12
WBGene00077759.,9,3,12
WBGene00077761.,33,834,867
WBGene00077762.,2,22,24
WBGene00077763.,10,27,37
WBGene00077764.,0,527,527
WBGene00077765.,0,35,35
WBGene00077766.,0,9,9
WBGene00077767.,1,0,1
WBGene00077768.,2,25,27
WBGene00077769.,4,105,109
WBGene00077770.,13,77,90
WBGene00077771.,1047,12015,13062
WBGene00077772.,1,10,11
WBGene00077773.,0,190,190
WBGene00077775.,58,346,404
WBGene00077781.,3,90,93
WBGene00077782.,6,3,9
WBGene00077783.,91,603,694
WBGene00077784.,0,14,14
WBGene00077785.,13,11,24
WBGene00077786.,125,283,408
WBGene00077787.,0,4,4
WBGene00077788.,35,578,613
WBGene00077789.,1,1,2
WBGene00086546.,45,248,293
WBGene00086551.,9,340,349
WBGene00086552.,2,0,2
WBGene00086553.,146,1318,1464
WBGene00086554.,1,11,12
WBGene00086555.,13,2,15
WBGene00086556.,4,12,16
WBGene00086557.,41,350,391
WBGene00086558.,18,204,222
WBGene00086559.,12,90,102
WBGene00086560.,5,29,34
WBGene00086561.,0,0,0
WBGene00086562.,4,2,6
WBGene00086563.,0,0,0
WBGene00086564.,1,4,5
WBGene00086565.,0,5,5
WBGene00086566.,115,1109,1224
WBGene00086567.,1,3,4
WBGene00086568.,5,29,34
WBGene00086569.,98,733,831
WBGene00119201.,1,1,2
WBGene00119203.,14,308,322
WBGene00119204.,1,35,36
WBGene00138711.,5,31,36
WBGene00138714.,0,2,2
WBGene00138715.,0,3,3
WBGene00138716.,2,4,6
WBGene00138717.,327,1422,1749
WBGene00138719.,1,4,5
WBGene00138720.,21,209,230
WBGene00138721.,4,6,10
WBGene00138724.,0,97,97
WBGene00164968.,28,74,102
WBGene00164969.,0,1,1
WBGene00164971.,1,0,1
WBGene00164972.,1,3,4
WBGene00164973.,2,35,37
WBGene00164974.,0,0,0
WBGene00164983.,13,25,38
WBGene00164985.,22,151,173
WBGene00164986.,4,5,9
WBGene00164991.,0,0,0
WBGene00164992.,0,0,0
WBGene00164993.,0,0,0
WBGene00164994.,0,0,0
WBGene00164995.,0,0,0
WBGene00164996.,0,0,0
WBGene00164997.,0,0,0
WBGene00164998.,0,0,0
WBGene00164999.,0,0,0
WBGene00165000.,0,0,0
WBGene00165001.,0,0,0
WBGene00165002.,0,0,0
WBGene00165003.,0,0,0
WBGene00165004.,0,0,0
WBGene00165005.,0,0,0
WBGene00165006.,0,0,0
WBGene00165007.,0,0,0
WBGene00165009.,0,0,0
WBGene00165010.,0,0,0
WBGene00165011.,0,0,0
WBGene00165012.,0,0,0
WBGene00165013.,0,0,0
WBGene00165014.,0,0,0
WBGene00165015.,0,0,0
WBGene00165016.,0,0,0
WBGene00165017.,0,0,0
WBGene00165018.,0,0,0
WBGene00165019.,0,0,0
WBGene00165020.,0,0,0
WBGene00165021.,0,0,0
WBGene00165022.,0,0,0
WBGene00165023.,0,0,0
WBGene00165024.,0,0,0
WBGene00165025.,0,0,0
WBGene00165026.,0,0,0
WBGene00165027.,0,0,0
WBGene00165028.,0,0,0
WBGene00165029.,0,0,0
WBGene00165030.,0,0,0
WBGene00165031.,0,0,0
WBGene00165032.,0,0,0
WBGene00165033.,0,0,0
WBGene00165034.,0,0,0
WBGene00165035.,0,0,0
WBGene00165036.,0,0,0
WBGene00165037.,0,0,0
WBGene00165038.,0,0,0
WBGene00165039.,0,0,0
WBGene00165040.,0,0,0
WBGene00165041.,0,0,0
WBGene00165042.,0,0,0
WBGene00165043.,0,0,0
WBGene00165044.,0,0,0
WBGene00165045.,0,0,0
WBGene00165046.,0,0,0
WBGene00165047.,0,0,0
WBGene00165048.,0,0,0
WBGene00165049.,0,0,0
WBGene00165050.,0,0,0
WBGene00165051.,0,0,0
WBGene00165052.,0,0,0
WBGene00165053.,0,0,0
WBGene00165054.,0,0,0
WBGene00165055.,0,0,0
WBGene00165056.,0,0,0
WBGene00165057.,0,0,0
WBGene00165058.,0,0,0
WBGene00165059.,0,0,0
WBGene00165060.,0,0,0
WBGene00165061.,0,0,0
WBGene00165062.,0,0,0
WBGene00165063.,0,0,0
WBGene00165064.,0,0,0
WBGene00165065.,0,0,0
WBGene00165066.,0,0,0
WBGene00165067.,0,0,0
WBGene00165068.,0,0,0
WBGene00165069.,0,0,0
WBGene00165070.,0,0,0
WBGene00165071.,0,0,0
WBGene00165072.,0,0,0
WBGene00165073.,0,0,0
WBGene00165074.,0,0,0
WBGene00165075.,0,0,0
WBGene00165076.,0,0,0
WBGene00165077.,0,0,0
WBGene00165078.,0,0,0
WBGene00165079.,0,0,0
WBGene00165080.,0,0,0
WBGene00165081.,0,0,0
WBGene00165082.,0,0,0
WBGene00165083.,0,0,0
WBGene00165084.,0,0,0
WBGene00165085.,0,0,0
WBGene00165086.,0,0,0
WBGene00165087.,0,0,0
WBGene00165088.,0,0,0
WBGene00165089.,0,0,0
WBGene00165090.,0,0,0
WBGene00165091.,0,0,0
WBGene00165092.,0,0,0
WBGene00165093.,0,0,0
WBGene00165094.,0,0,0
WBGene00165095.,0,0,0
WBGene00165096.,0,0,0
WBGene00165097.,0,0,0
WBGene00165098.,0,0,0
WBGene00165099.,0,0,0
WBGene00165100.,0,0,0
WBGene00165101.,0,0,0
WBGene00165102.,0,0,0
WBGene00165103.,0,0,0
WBGene00165104.,0,0,0
WBGene00165105.,0,0,0
WBGene00165106.,0,0,0
WBGene00165107.,0,0,0
WBGene00165108.,0,0,0
WBGene00165109.,0,0,0
WBGene00165110.,0,0,0
WBGene00165111.,0,0,0
WBGene00165112.,0,0,0
WBGene00165113.,0,0,0
WBGene00165114.,0,0,0
WBGene00165115.,0,0,0
WBGene00165116.,0,0,0
WBGene00165117.,0,0,0
WBGene00165118.,0,0,0
WBGene00165119.,0,0,0
WBGene00165120.,0,0,0
WBGene00165121.,0,0,0
WBGene00165122.,0,0,0
WBGene00165123.,0,0,0
WBGene00165124.,0,0,0
WBGene00165125.,0,0,0
WBGene00165126.,0,0,0
WBGene00165127.,0,0,0
WBGene00165128.,0,0,0
WBGene00165129.,0,0,0
WBGene00165130.,0,0,0
WBGene00165131.,0,0,0
WBGene00165132.,0,0,0
WBGene00165133.,0,0,0
WBGene00165134.,0,0,0
WBGene00165135.,0,0,0
WBGene00165136.,0,0,0
WBGene00165137.,0,0,0
WBGene00165138.,0,0,0
WBGene00165139.,0,0,0
WBGene00165140.,0,0,0
WBGene00165141.,0,0,0
WBGene00165142.,0,0,0
WBGene00165143.,0,0,0
WBGene00165144.,0,0,0
WBGene00165146.,0,0,0
WBGene00165147.,0,0,0
WBGene00165148.,0,0,0
WBGene00165149.,0,0,0
WBGene00165150.,0,0,0
WBGene00165151.,0,0,0
WBGene00165152.,0,0,0
WBGene00165153.,0,0,0
WBGene00165154.,0,0,0
WBGene00165155.,0,0,0
WBGene00165156.,0,0,0
WBGene00165157.,0,0,0
WBGene00165158.,0,0,0
WBGene00165159.,0,0,0
WBGene00165160.,0,0,0
WBGene00165161.,0,0,0
WBGene00165162.,0,0,0
WBGene00165163.,0,0,0
WBGene00165164.,0,0,0
WBGene00165165.,0,0,0
WBGene00165166.,0,0,0
WBGene00165167.,0,0,0
WBGene00165168.,0,0,0
WBGene00165169.,0,0,0
WBGene00165170.,0,0,0
WBGene00165171.,0,0,0
WBGene00165172.,0,0,0
WBGene00165173.,0,0,0
WBGene00165174.,0,0,0
WBGene00165175.,0,0,0
WBGene00165176.,0,0,0
WBGene00165177.,0,0,0
WBGene00165178.,0,0,0
WBGene00165179.,0,0,0
WBGene00165180.,0,0,0
WBGene00165181.,0,0,0
WBGene00165182.,0,0,0
WBGene00165183.,0,0,0
WBGene00165184.,0,0,0
WBGene00165185.,0,0,0
WBGene00165186.,0,0,0
WBGene00165187.,0,0,0
WBGene00165188.,0,0,0
WBGene00165189.,0,0,0
WBGene00165190.,0,0,0
WBGene00165191.,0,0,0
WBGene00165192.,0,0,0
WBGene00165193.,0,0,0
WBGene00165194.,0,0,0
WBGene00165195.,0,0,0
WBGene00165196.,0,0,0
WBGene00165197.,0,0,0
WBGene00165198.,0,0,0
WBGene00165199.,0,0,0
WBGene00165200.,0,0,0
WBGene00165201.,0,0,0
WBGene00165202.,0,0,0
WBGene00165203.,0,0,0
WBGene00165204.,0,0,0
WBGene00165205.,0,0,0
WBGene00165206.,0,0,0
WBGene00165207.,0,0,0
WBGene00165208.,0,0,0
WBGene00165209.,0,0,0
WBGene00165210.,0,0,0
WBGene00165211.,0,0,0
WBGene00165212.,0,0,0
WBGene00165213.,0,0,0
WBGene00165214.,0,0,0
WBGene00165215.,0,0,0
WBGene00165217.,0,0,0
WBGene00165218.,0,0,0
WBGene00165219.,0,0,0
WBGene00165220.,0,0,0
WBGene00165221.,0,0,0
WBGene00165222.,0,0,0
WBGene00165223.,0,0,0
WBGene00165224.,0,0,0
WBGene00165225.,0,0,0
WBGene00165226.,0,0,0
WBGene00165227.,0,0,0
WBGene00165228.,0,0,0
WBGene00165229.,0,0,0
WBGene00165230.,0,0,0
WBGene00165231.,0,0,0
WBGene00165232.,0,0,0
WBGene00165233.,0,0,0
WBGene00165234.,0,0,0
WBGene00165235.,0,0,0
WBGene00165236.,0,0,0
WBGene00165237.,0,0,0
WBGene00165238.,0,0,0
WBGene00165239.,0,0,0
WBGene00165240.,0,0,0
WBGene00165241.,0,0,0
WBGene00165242.,0,0,0
WBGene00165243.,0,0,0
WBGene00165244.,0,0,0
WBGene00165245.,0,0,0
WBGene00165246.,0,0,0
WBGene00165247.,0,0,0
WBGene00165248.,0,0,0
WBGene00165249.,0,0,0
WBGene00165250.,0,0,0
WBGene00165251.,0,0,0
WBGene00165252.,0,0,0
WBGene00165253.,0,0,0
WBGene00165254.,0,0,0
WBGene00165255.,0,0,0
WBGene00165256.,0,0,0
WBGene00165257.,0,0,0
WBGene00165258.,0,0,0
WBGene00165259.,0,0,0
WBGene00165260.,0,0,0
WBGene00165261.,0,0,0
WBGene00165262.,0,0,0
WBGene00165263.,0,0,0
WBGene00165264.,0,0,0
WBGene00165265.,0,0,0
WBGene00165266.,0,0,0
WBGene00165267.,0,0,0
WBGene00165268.,0,0,0
WBGene00165269.,0,0,0
WBGene00165270.,0,0,0
WBGene00165271.,0,0,0
WBGene00165272.,0,0,0
WBGene00165273.,0,0,0
WBGene00165274.,0,0,0
WBGene00165275.,0,0,0
WBGene00165276.,0,0,0
WBGene00165277.,0,0,0
WBGene00165278.,0,0,0
WBGene00165279.,0,0,0
WBGene00165280.,0,0,0
WBGene00165281.,0,0,0
WBGene00165282.,0,0,0
WBGene00165283.,0,0,0
WBGene00165284.,0,0,0
WBGene00165285.,0,0,0
WBGene00165286.,0,0,0
WBGene00165287.,0,0,0
WBGene00165288.,0,0,0
WBGene00165289.,0,0,0
WBGene00165290.,0,0,0
WBGene00165291.,0,0,0
WBGene00165292.,0,0,0
WBGene00165293.,0,0,0
WBGene00165294.,0,0,0
WBGene00165295.,0,0,0
WBGene00165296.,0,0,0
WBGene00165297.,0,0,0
WBGene00165298.,0,0,0
WBGene00165299.,0,0,0
WBGene00165300.,0,0,0
WBGene00165301.,0,0,0
WBGene00165302.,0,0,0
WBGene00165303.,0,0,0
WBGene00165304.,0,0,0
WBGene00165305.,0,0,0
WBGene00165306.,0,0,0
WBGene00165307.,0,0,0
WBGene00165308.,0,0,0
WBGene00165309.,0,0,0
WBGene00165310.,0,0,0
WBGene00165311.,0,0,0
WBGene00165312.,0,0,0
WBGene00165313.,0,0,0
WBGene00165314.,0,0,0
WBGene00165315.,0,0,0
WBGene00165316.,0,0,0
WBGene00165317.,0,0,0
WBGene00165318.,0,0,0
WBGene00165319.,0,0,0
WBGene00165320.,0,0,0
WBGene00165321.,0,0,0
WBGene00165322.,0,0,0
WBGene00165323.,0,0,0
WBGene00165324.,0,0,0
WBGene00165325.,0,0,0
WBGene00165326.,0,0,0
WBGene00165327.,0,0,0
WBGene00165328.,0,0,0
WBGene00165329.,0,0,0
WBGene00165330.,0,0,0
WBGene00165331.,0,0,0
WBGene00165332.,0,0,0
WBGene00165333.,0,0,0
WBGene00165334.,0,0,0
WBGene00165335.,0,0,0
WBGene00165336.,0,0,0
WBGene00165337.,0,0,0
WBGene00165338.,0,0,0
WBGene00165339.,0,0,0
WBGene00165340.,0,0,0
WBGene00165341.,0,0,0
WBGene00165342.,0,0,0
WBGene00165343.,0,0,0
WBGene00165344.,0,0,0
WBGene00165345.,0,0,0
WBGene00165346.,0,0,0
WBGene00165347.,0,0,0
WBGene00165348.,0,0,0
WBGene00165349.,0,0,0
WBGene00165350.,0,0,0
WBGene00165351.,0,0,0
WBGene00165352.,0,0,0
WBGene00165353.,0,0,0
WBGene00165354.,0,0,0
WBGene00165355.,0,0,0
WBGene00165356.,0,0,0
WBGene00165357.,0,0,0
WBGene00165358.,0,0,0
WBGene00165359.,0,0,0
WBGene00165360.,0,0,0
WBGene00165361.,0,0,0
WBGene00165362.,0,0,0
WBGene00165363.,0,0,0
WBGene00165364.,0,0,0
WBGene00165365.,0,0,0
WBGene00165366.,0,0,0
WBGene00165367.,0,0,0
WBGene00165368.,0,0,0
WBGene00165369.,0,0,0
WBGene00165370.,0,0,0
WBGene00165371.,0,0,0
WBGene00165372.,0,0,0
WBGene00165373.,0,0,0
WBGene00165374.,0,0,0
WBGene00165375.,0,0,0
WBGene00165376.,0,0,0
WBGene00165377.,0,0,0
WBGene00165378.,0,0,0
WBGene00165379.,0,0,0
WBGene00165380.,0,0,0
WBGene00165381.,0,0,0
WBGene00165382.,0,0,0
WBGene00165383.,0,0,0
WBGene00165384.,0,0,0
WBGene00165385.,0,0,0
WBGene00165386.,0,0,0
WBGene00165387.,0,0,0
WBGene00165388.,0,0,0
WBGene00165389.,0,0,0
WBGene00165390.,0,0,0
WBGene00165391.,0,0,0
WBGene00165392.,0,0,0
WBGene00165393.,0,0,0
WBGene00165394.,0,0,0
WBGene00165395.,0,0,0
WBGene00165396.,0,0,0
WBGene00165397.,0,0,0
WBGene00165398.,0,0,0
WBGene00165399.,0,0,0
WBGene00165400.,0,0,0
WBGene00165401.,0,0,0
WBGene00165402.,0,0,0
WBGene00165403.,0,0,0
WBGene00165404.,0,0,0
WBGene00165405.,0,0,0
WBGene00165406.,0,0,0
WBGene00165407.,0,0,0
WBGene00165408.,0,0,0
WBGene00165409.,0,0,0
WBGene00165410.,0,0,0
WBGene00165411.,0,0,0
WBGene00165412.,0,0,0
WBGene00165413.,0,0,0
WBGene00165414.,0,0,0
WBGene00165415.,0,0,0
WBGene00165416.,0,0,0
WBGene00165417.,0,0,0
WBGene00165418.,0,0,0
WBGene00165419.,0,0,0
WBGene00165420.,0,0,0
WBGene00165421.,0,0,0
WBGene00165422.,0,0,0
WBGene00165423.,0,0,0
WBGene00165424.,0,0,0
WBGene00165425.,0,0,0
WBGene00165426.,0,0,0
WBGene00165427.,0,0,0
WBGene00165428.,0,0,0
WBGene00165429.,0,0,0
WBGene00165430.,0,0,0
WBGene00165431.,0,0,0
WBGene00165432.,0,0,0
WBGene00165433.,0,0,0
WBGene00165434.,0,0,0
WBGene00165435.,0,0,0
WBGene00165436.,0,0,0
WBGene00165438.,0,0,0
WBGene00165439.,0,0,0
WBGene00165440.,0,0,0
WBGene00165441.,0,0,0
WBGene00165442.,0,0,0
WBGene00165443.,0,0,0
WBGene00165444.,0,0,0
WBGene00165445.,0,0,0
WBGene00165446.,0,0,0
WBGene00165447.,0,0,0
WBGene00165448.,0,0,0
WBGene00165449.,0,0,0
WBGene00165450.,0,0,0
WBGene00165451.,0,0,0
WBGene00165452.,0,0,0
WBGene00165453.,0,0,0
WBGene00165454.,0,0,0
WBGene00165455.,0,0,0
WBGene00165456.,0,0,0
WBGene00165457.,0,0,0
WBGene00165458.,0,0,0
WBGene00165459.,0,0,0
WBGene00165460.,0,0,0
WBGene00165461.,0,0,0
WBGene00165462.,0,0,0
WBGene00165463.,0,0,0
WBGene00165464.,0,0,0
WBGene00165465.,0,0,0
WBGene00165466.,0,0,0
WBGene00165467.,0,0,0
WBGene00165468.,0,0,0
WBGene00165469.,0,0,0
WBGene00165470.,0,0,0
WBGene00165471.,0,0,0
WBGene00165472.,0,0,0
WBGene00165473.,0,0,0
WBGene00165474.,0,0,0
WBGene00165475.,0,0,0
WBGene00165476.,0,0,0
WBGene00165477.,0,0,0
WBGene00165478.,0,0,0
WBGene00165479.,0,0,0
WBGene00165480.,0,0,0
WBGene00165481.,0,0,0
WBGene00165482.,0,0,0
WBGene00165483.,0,0,0
WBGene00165484.,0,0,0
WBGene00165485.,0,0,0
WBGene00165486.,0,0,0
WBGene00165487.,0,0,0
WBGene00165488.,0,0,0
WBGene00165489.,0,0,0
WBGene00165490.,0,0,0
WBGene00165491.,0,0,0
WBGene00165492.,0,0,0
WBGene00165493.,0,0,0
WBGene00165494.,0,0,0
WBGene00165495.,0,0,0
WBGene00165496.,0,0,0
WBGene00165497.,0,0,0
WBGene00165498.,0,0,0
WBGene00165499.,0,0,0
WBGene00165500.,0,0,0
WBGene00165501.,0,0,0
WBGene00165502.,0,0,0
WBGene00165503.,0,0,0
WBGene00165504.,0,0,0
WBGene00165505.,0,0,0
WBGene00165506.,0,0,0
WBGene00165507.,0,0,0
WBGene00165508.,0,0,0
WBGene00165509.,0,0,0
WBGene00165510.,0,0,0
WBGene00165511.,0,0,0
WBGene00165512.,0,0,0
WBGene00165513.,0,0,0
WBGene00165514.,0,0,0
WBGene00165515.,0,0,0
WBGene00165516.,0,0,0
WBGene00165517.,0,0,0
WBGene00165518.,0,0,0
WBGene00165519.,0,0,0
WBGene00165520.,0,0,0
WBGene00165521.,0,0,0
WBGene00165522.,0,0,0
WBGene00165523.,0,0,0
WBGene00165524.,0,0,0
WBGene00165525.,0,0,0
WBGene00165526.,0,0,0
WBGene00165527.,0,0,0
WBGene00165528.,0,0,0
WBGene00165529.,0,0,0
WBGene00165530.,0,0,0
WBGene00165531.,0,0,0
WBGene00165532.,0,0,0
WBGene00165533.,0,0,0
WBGene00165534.,0,0,0
WBGene00165535.,0,0,0
WBGene00165536.,0,0,0
WBGene00165537.,0,0,0
WBGene00165538.,0,0,0
WBGene00165539.,0,0,0
WBGene00165540.,0,0,0
WBGene00165541.,0,0,0
WBGene00165542.,0,0,0
WBGene00165543.,0,0,0
WBGene00165544.,0,0,0
WBGene00165545.,0,0,0
WBGene00165546.,0,0,0
WBGene00165547.,0,0,0
WBGene00165548.,0,0,0
WBGene00165549.,0,0,0
WBGene00165550.,0,0,0
WBGene00165551.,0,0,0
WBGene00165552.,0,0,0
WBGene00165553.,0,0,0
WBGene00165554.,0,0,0
WBGene00165555.,0,0,0
WBGene00165556.,0,0,0
WBGene00165557.,0,0,0
WBGene00165558.,0,0,0
WBGene00165559.,0,0,0
WBGene00165560.,0,0,0
WBGene00165561.,0,0,0
WBGene00165562.,0,0,0
WBGene00165563.,0,0,0
WBGene00165564.,0,0,0
WBGene00165565.,0,0,0
WBGene00165566.,0,0,0
WBGene00165567.,0,0,0
WBGene00165568.,0,0,0
WBGene00165569.,0,0,0
WBGene00165570.,0,0,0
WBGene00165571.,0,0,0
WBGene00165572.,0,0,0
WBGene00165573.,0,0,0
WBGene00165574.,0,0,0
WBGene00165575.,0,0,0
WBGene00165576.,0,0,0
WBGene00165577.,0,0,0
WBGene00165578.,0,0,0
WBGene00165579.,0,0,0
WBGene00165580.,0,0,0
WBGene00165581.,0,0,0
WBGene00165582.,0,0,0
WBGene00165583.,0,0,0
WBGene00165584.,0,0,0
WBGene00165585.,0,0,0
WBGene00165586.,0,0,0
WBGene00165587.,0,0,0
WBGene00165588.,0,0,0
WBGene00165589.,0,0,0
WBGene00165590.,0,0,0
WBGene00165591.,0,0,0
WBGene00165592.,0,0,0
WBGene00165593.,0,0,0
WBGene00165594.,0,0,0
WBGene00165595.,0,0,0
WBGene00165596.,0,0,0
WBGene00165597.,0,0,0
WBGene00165598.,0,0,0
WBGene00165599.,0,0,0
WBGene00165600.,0,0,0
WBGene00165601.,0,0,0
WBGene00165602.,0,0,0
WBGene00165603.,0,0,0
WBGene00165604.,0,0,0
WBGene00165605.,0,0,0
WBGene00165606.,0,0,0
WBGene00165607.,0,0,0
WBGene00165608.,0,0,0
WBGene00165609.,0,0,0
WBGene00165610.,0,0,0
WBGene00165611.,0,0,0
WBGene00165612.,0,0,0
WBGene00165613.,0,0,0
WBGene00165614.,0,0,0
WBGene00165615.,0,0,0
WBGene00165616.,0,0,0
WBGene00165617.,0,0,0
WBGene00165618.,0,0,0
WBGene00165619.,0,0,0
WBGene00165620.,0,0,0
WBGene00165621.,0,0,0
WBGene00165622.,0,0,0
WBGene00165623.,0,0,0
WBGene00165624.,0,0,0
WBGene00165625.,0,0,0
WBGene00165626.,0,0,0
WBGene00165627.,0,0,0
WBGene00165628.,0,0,0
WBGene00165629.,0,0,0
WBGene00165630.,0,0,0
WBGene00165631.,0,0,0
WBGene00165632.,0,0,0
WBGene00165633.,0,0,0
WBGene00165634.,0,0,0
WBGene00165635.,0,0,0
WBGene00165636.,0,0,0
WBGene00165637.,0,0,0
WBGene00165638.,0,0,0
WBGene00165639.,0,0,0
WBGene00165640.,0,0,0
WBGene00165641.,0,0,0
WBGene00165642.,0,0,0
WBGene00165643.,0,0,0
WBGene00165644.,0,0,0
WBGene00165645.,0,0,0
WBGene00165646.,0,0,0
WBGene00165647.,0,0,0
WBGene00165648.,0,0,0
WBGene00165649.,0,0,0
WBGene00165650.,0,0,0
WBGene00165651.,0,0,0
WBGene00165652.,0,0,0
WBGene00165653.,0,0,0
WBGene00165654.,0,0,0
WBGene00165655.,0,0,0
WBGene00165656.,0,0,0
WBGene00165657.,0,0,0
WBGene00165658.,0,0,0
WBGene00165659.,0,0,0
WBGene00165660.,0,0,0
WBGene00165661.,0,0,0
WBGene00165662.,0,0,0
WBGene00165663.,0,0,0
WBGene00165664.,0,0,0
WBGene00165665.,0,0,0
WBGene00165666.,0,0,0
WBGene00165667.,0,0,0
WBGene00165668.,0,0,0
WBGene00165669.,0,0,0
WBGene00165670.,0,0,0
WBGene00165671.,0,0,0
WBGene00165672.,0,0,0
WBGene00165673.,0,0,0
WBGene00165674.,0,0,0
WBGene00165675.,0,0,0
WBGene00165676.,0,0,0
WBGene00165677.,0,0,0
WBGene00165678.,0,0,0
WBGene00165679.,0,0,0
WBGene00165680.,0,0,0
WBGene00165681.,0,0,0
WBGene00165682.,0,0,0
WBGene00165683.,0,0,0
WBGene00165684.,0,0,0
WBGene00165685.,0,0,0
WBGene00165686.,0,0,0
WBGene00165687.,0,0,0
WBGene00165688.,0,0,0
WBGene00165689.,0,0,0
WBGene00165690.,0,0,0
WBGene00165691.,0,0,0
WBGene00165692.,0,0,0
WBGene00165693.,0,0,0
WBGene00165694.,0,0,0
WBGene00165695.,0,0,0
WBGene00165696.,0,0,0
WBGene00165697.,0,0,0
WBGene00165698.,0,0,0
WBGene00165699.,0,0,0
WBGene00165700.,0,0,0
WBGene00165701.,0,0,0
WBGene00165702.,0,0,0
WBGene00165703.,0,0,0
WBGene00165704.,0,0,0
WBGene00165705.,0,0,0
WBGene00165706.,0,0,0
WBGene00165707.,0,0,0
WBGene00165708.,0,0,0
WBGene00165709.,0,0,0
WBGene00165710.,0,0,0
WBGene00165711.,0,0,0
WBGene00165712.,0,0,0
WBGene00165713.,0,0,0
WBGene00165714.,0,0,0
WBGene00165715.,0,0,0
WBGene00165716.,0,0,0
WBGene00165717.,0,0,0
WBGene00165718.,0,0,0
WBGene00165719.,0,0,0
WBGene00165720.,0,0,0
WBGene00165721.,0,0,0
WBGene00165722.,0,0,0
WBGene00165723.,0,0,0
WBGene00165724.,0,0,0
WBGene00165725.,0,0,0
WBGene00165726.,0,0,0
WBGene00165727.,0,0,0
WBGene00165728.,0,0,0
WBGene00165729.,0,0,0
WBGene00165730.,0,0,0
WBGene00165731.,0,0,0
WBGene00165732.,0,0,0
WBGene00165733.,0,0,0
WBGene00165734.,0,0,0
WBGene00165735.,0,0,0
WBGene00165736.,0,0,0
WBGene00165737.,0,0,0
WBGene00165738.,0,0,0
WBGene00165739.,0,0,0
WBGene00165740.,0,0,0
WBGene00165741.,0,0,0
WBGene00165742.,0,0,0
WBGene00165743.,0,0,0
WBGene00165744.,0,0,0
WBGene00165745.,0,0,0
WBGene00165746.,0,0,0
WBGene00165747.,0,0,0
WBGene00165748.,0,0,0
WBGene00165749.,0,0,0
WBGene00165750.,0,0,0
WBGene00165751.,0,0,0
WBGene00165752.,0,0,0
WBGene00165753.,0,0,0
WBGene00165754.,0,0,0
WBGene00165755.,0,0,0
WBGene00165756.,0,0,0
WBGene00165757.,0,0,0
WBGene00165758.,0,0,0
WBGene00165759.,0,0,0
WBGene00165760.,0,0,0
WBGene00165761.,0,0,0
WBGene00165762.,0,0,0
WBGene00165763.,0,0,0
WBGene00165764.,0,0,0
WBGene00165765.,0,0,0
WBGene00165766.,0,0,0
WBGene00165767.,0,0,0
WBGene00165768.,0,0,0
WBGene00165769.,0,0,0
WBGene00165770.,0,0,0
WBGene00165771.,0,0,0
WBGene00165772.,0,0,0
WBGene00165773.,0,0,0
WBGene00165774.,0,0,0
WBGene00165775.,0,0,0
WBGene00165776.,0,0,0
WBGene00165777.,0,0,0
WBGene00165778.,0,0,0
WBGene00165779.,0,0,0
WBGene00165780.,0,0,0
WBGene00165781.,0,0,0
WBGene00165782.,0,0,0
WBGene00165783.,0,0,0
WBGene00165784.,0,0,0
WBGene00165785.,0,0,0
WBGene00165786.,0,0,0
WBGene00165787.,0,0,0
WBGene00165788.,0,0,0
WBGene00165789.,0,0,0
WBGene00165790.,0,0,0
WBGene00165791.,0,0,0
WBGene00165792.,0,0,0
WBGene00165793.,0,0,0
WBGene00165794.,0,0,0
WBGene00165795.,0,0,0
WBGene00165796.,0,0,0
WBGene00165797.,0,0,0
WBGene00165798.,0,0,0
WBGene00165799.,0,0,0
WBGene00165800.,0,0,0
WBGene00165801.,0,0,0
WBGene00165802.,0,0,0
WBGene00165803.,0,0,0
WBGene00165804.,0,0,0
WBGene00165805.,0,0,0
WBGene00165806.,0,0,0
WBGene00165807.,0,0,0
WBGene00165808.,0,0,0
WBGene00165809.,0,0,0
WBGene00165810.,0,0,0
WBGene00165811.,0,0,0
WBGene00165812.,0,0,0
WBGene00165813.,0,0,0
WBGene00165814.,0,0,0
WBGene00165815.,0,0,0
WBGene00165816.,0,0,0
WBGene00165817.,0,0,0
WBGene00165818.,0,0,0
WBGene00165819.,0,0,0
WBGene00165820.,0,0,0
WBGene00165821.,0,0,0
WBGene00165822.,0,0,0
WBGene00165823.,0,0,0
WBGene00165824.,0,0,0
WBGene00165825.,0,0,0
WBGene00165826.,0,0,0
WBGene00165827.,0,0,0
WBGene00165828.,0,0,0
WBGene00165829.,0,0,0
WBGene00165830.,0,0,0
WBGene00165831.,0,0,0
WBGene00165832.,0,0,0
WBGene00165833.,0,0,0
WBGene00165834.,0,0,0
WBGene00165835.,0,0,0
WBGene00165836.,0,0,0
WBGene00165837.,0,0,0
WBGene00165838.,0,0,0
WBGene00165839.,0,0,0
WBGene00165840.,0,0,0
WBGene00165841.,0,0,0
WBGene00165842.,0,0,0
WBGene00165843.,0,0,0
WBGene00165844.,0,0,0
WBGene00165845.,0,0,0
WBGene00165846.,0,0,0
WBGene00165847.,0,0,0
WBGene00165848.,0,0,0
WBGene00165849.,0,0,0
WBGene00165850.,0,0,0
WBGene00165851.,0,0,0
WBGene00165852.,0,0,0
WBGene00165853.,0,0,0
WBGene00165854.,0,0,0
WBGene00165855.,0,0,0
WBGene00165856.,0,0,0
WBGene00165857.,0,0,0
WBGene00165858.,0,0,0
WBGene00165859.,0,0,0
WBGene00165860.,0,0,0
WBGene00165861.,0,0,0
WBGene00165862.,0,0,0
WBGene00165863.,0,0,0
WBGene00165864.,0,0,0
WBGene00165865.,0,0,0
WBGene00165866.,0,0,0
WBGene00165867.,0,0,0
WBGene00165868.,0,0,0
WBGene00165869.,0,0,0
WBGene00165870.,0,0,0
WBGene00165871.,0,0,0
WBGene00165872.,0,0,0
WBGene00165873.,0,0,0
WBGene00165874.,0,0,0
WBGene00165875.,0,0,0
WBGene00165876.,0,0,0
WBGene00165877.,0,0,0
WBGene00165878.,0,0,0
WBGene00165879.,0,0,0
WBGene00165880.,0,0,0
WBGene00165881.,0,0,0
WBGene00165882.,0,0,0
WBGene00165883.,0,0,0
WBGene00165884.,0,0,0
WBGene00165885.,0,0,0
WBGene00165886.,0,0,0
WBGene00165887.,0,0,0
WBGene00165888.,0,0,0
WBGene00165889.,0,0,0
WBGene00165890.,0,0,0
WBGene00165891.,0,0,0
WBGene00165892.,0,0,0
WBGene00165893.,0,0,0
WBGene00165894.,0,0,0
WBGene00165895.,0,0,0
WBGene00165896.,0,0,0
WBGene00165897.,0,0,0
WBGene00165898.,0,0,0
WBGene00165899.,0,0,0
WBGene00165900.,0,0,0
WBGene00165901.,0,0,0
WBGene00165902.,0,0,0
WBGene00165903.,0,0,0
WBGene00165904.,0,0,0
WBGene00165905.,0,0,0
WBGene00165906.,0,0,0
WBGene00165907.,0,0,0
WBGene00165908.,0,0,0
WBGene00165909.,0,0,0
WBGene00165910.,0,0,0
WBGene00165911.,0,0,0
WBGene00165912.,0,0,0
WBGene00165913.,0,0,0
WBGene00165914.,0,0,0
WBGene00165915.,0,0,0
WBGene00165916.,0,0,0
WBGene00165917.,0,0,0
WBGene00165918.,0,0,0
WBGene00165919.,0,0,0
WBGene00165920.,0,0,0
WBGene00165921.,0,0,0
WBGene00165922.,0,0,0
WBGene00165923.,0,0,0
WBGene00165924.,0,0,0
WBGene00165925.,0,0,0
WBGene00165926.,0,0,0
WBGene00165927.,0,0,0
WBGene00165928.,0,0,0
WBGene00165929.,0,0,0
WBGene00165930.,0,0,0
WBGene00165931.,0,0,0
WBGene00165932.,0,0,0
WBGene00165933.,0,0,0
WBGene00165934.,0,0,0
WBGene00165935.,0,0,0
WBGene00165936.,0,0,0
WBGene00165937.,0,0,0
WBGene00165938.,0,0,0
WBGene00165939.,0,0,0
WBGene00165940.,0,0,0
WBGene00165941.,0,0,0
WBGene00165942.,0,0,0
WBGene00165943.,0,0,0
WBGene00165944.,0,0,0
WBGene00165945.,0,0,0
WBGene00165946.,0,0,0
WBGene00165947.,0,0,0
WBGene00165948.,0,0,0
WBGene00165949.,0,0,0
WBGene00165950.,0,0,0
WBGene00165951.,0,0,0
WBGene00165952.,0,0,0
WBGene00165953.,0,0,0
WBGene00165954.,0,0,0
WBGene00165955.,0,0,0
WBGene00165956.,0,0,0
WBGene00165957.,0,0,0
WBGene00165958.,0,0,0
WBGene00165959.,0,0,0
WBGene00165960.,0,0,0
WBGene00165961.,0,0,0
WBGene00165962.,0,0,0
WBGene00165963.,0,0,0
WBGene00165964.,0,0,0
WBGene00165965.,0,0,0
WBGene00165966.,0,0,0
WBGene00165967.,0,0,0
WBGene00165968.,0,0,0
WBGene00165969.,0,0,0
WBGene00165970.,0,0,0
WBGene00165971.,0,0,0
WBGene00165972.,0,0,0
WBGene00165973.,0,0,0
WBGene00165974.,0,0,0
WBGene00165975.,0,0,0
WBGene00165976.,0,0,0
WBGene00165977.,0,0,0
WBGene00165978.,0,0,0
WBGene00165979.,0,0,0
WBGene00165980.,0,0,0
WBGene00165981.,0,0,0
WBGene00165982.,0,0,0
WBGene00165983.,0,0,0
WBGene00165984.,0,0,0
WBGene00165985.,0,0,0
WBGene00165986.,0,0,0
WBGene00165987.,0,0,0
WBGene00165988.,0,0,0
WBGene00165989.,0,0,0
WBGene00165990.,0,0,0
WBGene00165991.,0,0,0
WBGene00165992.,0,0,0
WBGene00165993.,0,0,0
WBGene00165994.,0,0,0
WBGene00165995.,0,0,0
WBGene00165996.,0,0,0
WBGene00165997.,0,0,0
WBGene00165998.,0,0,0
WBGene00165999.,0,0,0
WBGene00166000.,0,0,0
WBGene00166001.,0,0,0
WBGene00166002.,0,0,0
WBGene00166003.,0,0,0
WBGene00166004.,0,0,0
WBGene00166005.,0,0,0
WBGene00166006.,0,0,0
WBGene00166007.,0,0,0
WBGene00166008.,0,0,0
WBGene00166009.,0,0,0
WBGene00166010.,0,0,0
WBGene00166011.,0,0,0
WBGene00166012.,0,0,0
WBGene00166013.,0,0,0
WBGene00166014.,0,0,0
WBGene00166015.,0,0,0
WBGene00166016.,0,0,0
WBGene00166017.,0,0,0
WBGene00166018.,0,0,0
WBGene00166019.,0,0,0
WBGene00166020.,0,0,0
WBGene00166021.,0,0,0
WBGene00166022.,0,0,0
WBGene00166023.,0,0,0
WBGene00166024.,0,0,0
WBGene00166025.,0,0,0
WBGene00166026.,0,0,0
WBGene00166027.,0,0,0
WBGene00166028.,0,0,0
WBGene00166029.,0,0,0
WBGene00166030.,0,0,0
WBGene00166031.,0,0,0
WBGene00166032.,0,0,0
WBGene00166033.,0,0,0
WBGene00166034.,0,0,0
WBGene00166035.,0,0,0
WBGene00166036.,0,0,0
WBGene00166037.,0,0,0
WBGene00166038.,0,0,0
WBGene00166039.,0,0,0
WBGene00166040.,0,0,0
WBGene00166041.,0,0,0
WBGene00166042.,0,0,0
WBGene00166043.,0,0,0
WBGene00166044.,0,0,0
WBGene00166045.,0,0,0
WBGene00166046.,0,0,0
WBGene00166047.,0,0,0
WBGene00166048.,0,0,0
WBGene00166049.,0,0,0
WBGene00166050.,0,0,0
WBGene00166051.,0,0,0
WBGene00166052.,0,0,0
WBGene00166053.,0,0,0
WBGene00166054.,0,0,0
WBGene00166055.,0,0,0
WBGene00166057.,0,0,0
WBGene00166058.,0,0,0
WBGene00166059.,0,0,0
WBGene00166060.,0,0,0
WBGene00166062.,0,0,0
WBGene00166063.,0,0,0
WBGene00166064.,0,0,0
WBGene00166065.,0,0,0
WBGene00166066.,0,0,0
WBGene00166067.,0,0,0
WBGene00166068.,0,0,0
WBGene00166069.,0,0,0
WBGene00166070.,0,0,0
WBGene00166071.,0,0,0
WBGene00166072.,0,0,0
WBGene00166073.,0,0,0
WBGene00166074.,0,0,0
WBGene00166075.,0,0,0
WBGene00166076.,0,0,0
WBGene00166077.,0,0,0
WBGene00166078.,0,0,0
WBGene00166079.,0,0,0
WBGene00166080.,0,0,0
WBGene00166081.,0,0,0
WBGene00166082.,0,0,0
WBGene00166083.,0,0,0
WBGene00166084.,0,0,0
WBGene00166085.,0,0,0
WBGene00166086.,0,0,0
WBGene00166087.,0,0,0
WBGene00166088.,0,0,0
WBGene00166089.,0,0,0
WBGene00166090.,0,0,0
WBGene00166091.,0,0,0
WBGene00166092.,0,0,0
WBGene00166093.,0,0,0
WBGene00166094.,0,0,0
WBGene00166095.,0,0,0
WBGene00166096.,0,0,0
WBGene00166097.,0,0,0
WBGene00166098.,0,0,0
WBGene00166099.,0,0,0
WBGene00166100.,0,0,0
WBGene00166101.,0,0,0
WBGene00166102.,0,0,0
WBGene00166103.,0,0,0
WBGene00166104.,0,0,0
WBGene00166105.,0,0,0
WBGene00166106.,0,0,0
WBGene00166107.,0,0,0
WBGene00166108.,0,0,0
WBGene00166109.,0,0,0
WBGene00166110.,0,0,0
WBGene00166111.,0,0,0
WBGene00166112.,0,0,0
WBGene00166113.,0,0,0
WBGene00166114.,0,0,0
WBGene00166115.,0,0,0
WBGene00166116.,0,0,0
WBGene00166117.,0,0,0
WBGene00166118.,0,0,0
WBGene00166119.,0,0,0
WBGene00166120.,0,0,0
WBGene00166121.,0,0,0
WBGene00166122.,0,0,0
WBGene00166123.,0,0,0
WBGene00166124.,0,0,0
WBGene00166125.,0,0,0
WBGene00166126.,0,0,0
WBGene00166127.,0,0,0
WBGene00166128.,0,0,0
WBGene00166129.,0,0,0
WBGene00166130.,0,0,0
WBGene00166131.,0,0,0
WBGene00166132.,0,0,0
WBGene00166133.,0,0,0
WBGene00166134.,0,0,0
WBGene00166135.,0,0,0
WBGene00166136.,0,0,0
WBGene00166137.,0,0,0
WBGene00166138.,0,0,0
WBGene00166139.,0,0,0
WBGene00166140.,0,0,0
WBGene00166141.,0,0,0
WBGene00166142.,0,0,0
WBGene00166143.,0,0,0
WBGene00166144.,0,0,0
WBGene00166145.,0,0,0
WBGene00166146.,0,0,0
WBGene00166147.,0,0,0
WBGene00166148.,0,0,0
WBGene00166149.,0,0,0
WBGene00166150.,0,0,0
WBGene00166151.,0,0,0
WBGene00166152.,0,0,0
WBGene00166153.,0,0,0
WBGene00166154.,0,0,0
WBGene00166155.,0,0,0
WBGene00166156.,0,0,0
WBGene00166157.,0,0,0
WBGene00166158.,0,0,0
WBGene00166159.,0,0,0
WBGene00166160.,0,0,0
WBGene00166161.,0,0,0
WBGene00166162.,0,0,0
WBGene00166163.,0,0,0
WBGene00166164.,0,0,0
WBGene00166165.,0,0,0
WBGene00166166.,0,0,0
WBGene00166167.,0,0,0
WBGene00166168.,0,0,0
WBGene00166169.,0,0,0
WBGene00166170.,0,0,0
WBGene00166171.,0,0,0
WBGene00166172.,0,0,0
WBGene00166173.,0,0,0
WBGene00166174.,0,0,0
WBGene00166175.,0,0,0
WBGene00166176.,0,0,0
WBGene00166177.,0,0,0
WBGene00166178.,0,0,0
WBGene00166179.,0,0,0
WBGene00166180.,0,0,0
WBGene00166181.,0,0,0
WBGene00166182.,0,0,0
WBGene00166183.,0,0,0
WBGene00166184.,0,0,0
WBGene00166185.,0,0,0
WBGene00166186.,0,0,0
WBGene00166187.,0,0,0
WBGene00166188.,0,0,0
WBGene00166189.,0,0,0
WBGene00166190.,0,0,0
WBGene00166191.,0,0,0
WBGene00166192.,0,0,0
WBGene00166193.,0,0,0
WBGene00166194.,0,0,0
WBGene00166195.,0,0,0
WBGene00166196.,0,0,0
WBGene00166197.,0,0,0
WBGene00166198.,0,0,0
WBGene00166199.,0,0,0
WBGene00166200.,0,0,0
WBGene00166201.,0,0,0
WBGene00166202.,0,0,0
WBGene00166203.,0,0,0
WBGene00166204.,0,0,0
WBGene00166205.,0,0,0
WBGene00166206.,0,0,0
WBGene00166207.,0,0,0
WBGene00166208.,0,0,0
WBGene00166209.,0,0,0
WBGene00166210.,0,0,0
WBGene00166211.,0,0,0
WBGene00166212.,0,0,0
WBGene00166213.,0,0,0
WBGene00166214.,0,0,0
WBGene00166215.,0,0,0
WBGene00166216.,0,0,0
WBGene00166217.,0,0,0
WBGene00166218.,0,0,0
WBGene00166219.,0,0,0
WBGene00166220.,0,0,0
WBGene00166221.,0,0,0
WBGene00166222.,0,0,0
WBGene00166223.,0,0,0
WBGene00166224.,0,0,0
WBGene00166225.,0,0,0
WBGene00166226.,0,0,0
WBGene00166227.,0,0,0
WBGene00166228.,0,0,0
WBGene00166229.,0,0,0
WBGene00166230.,0,0,0
WBGene00166231.,0,0,0
WBGene00166232.,0,0,0
WBGene00166233.,0,0,0
WBGene00166234.,0,0,0
WBGene00166235.,0,0,0
WBGene00166236.,0,0,0
WBGene00166237.,0,0,0
WBGene00166238.,0,0,0
WBGene00166239.,0,0,0
WBGene00166240.,0,0,0
WBGene00166241.,0,0,0
WBGene00166242.,0,0,0
WBGene00166243.,0,0,0
WBGene00166244.,0,0,0
WBGene00166245.,0,0,0
WBGene00166246.,0,0,0
WBGene00166247.,0,0,0
WBGene00166248.,0,0,0
WBGene00166249.,0,0,0
WBGene00166250.,0,0,0
WBGene00166251.,0,0,0
WBGene00166252.,0,0,0
WBGene00166253.,0,0,0
WBGene00166254.,0,0,0
WBGene00166255.,0,0,0
WBGene00166256.,0,0,0
WBGene00166257.,0,0,0
WBGene00166258.,0,0,0
WBGene00166259.,0,0,0
WBGene00166260.,0,0,0
WBGene00166261.,0,0,0
WBGene00166262.,0,0,0
WBGene00166263.,0,0,0
WBGene00166264.,0,0,0
WBGene00166265.,0,0,0
WBGene00166266.,0,0,0
WBGene00166267.,0,0,0
WBGene00166268.,0,0,0
WBGene00166269.,0,0,0
WBGene00166270.,0,0,0
WBGene00166271.,0,0,0
WBGene00166272.,0,0,0
WBGene00166273.,0,0,0
WBGene00166274.,0,0,0
WBGene00166275.,0,0,0
WBGene00166276.,0,0,0
WBGene00166277.,0,0,0
WBGene00166278.,0,0,0
WBGene00166279.,0,0,0
WBGene00166280.,0,0,0
WBGene00166281.,0,0,0
WBGene00166282.,0,0,0
WBGene00166283.,0,0,0
WBGene00166284.,0,0,0
WBGene00166285.,0,0,0
WBGene00166286.,0,0,0
WBGene00166287.,0,0,0
WBGene00166288.,0,0,0
WBGene00166289.,0,0,0
WBGene00166290.,0,0,0
WBGene00166291.,0,0,0
WBGene00166292.,0,0,0
WBGene00166293.,0,0,0
WBGene00166294.,0,0,0
WBGene00166295.,0,0,0
WBGene00166296.,0,0,0
WBGene00166297.,0,0,0
WBGene00166298.,0,0,0
WBGene00166299.,0,0,0
WBGene00166300.,0,0,0
WBGene00166301.,0,0,0
WBGene00166302.,0,0,0
WBGene00166303.,0,0,0
WBGene00166304.,0,0,0
WBGene00166305.,0,0,0
WBGene00166306.,0,0,0
WBGene00166307.,0,0,0
WBGene00166308.,0,0,0
WBGene00166309.,0,0,0
WBGene00166310.,0,0,0
WBGene00166311.,0,0,0
WBGene00166312.,0,0,0
WBGene00166313.,0,0,0
WBGene00166314.,0,0,0
WBGene00166315.,0,0,0
WBGene00166316.,0,0,0
WBGene00166317.,0,0,0
WBGene00166318.,0,0,0
WBGene00166319.,0,0,0
WBGene00166320.,0,0,0
WBGene00166321.,0,0,0
WBGene00166322.,0,0,0
WBGene00166323.,0,0,0
WBGene00166324.,0,0,0
WBGene00166325.,0,0,0
WBGene00166326.,0,0,0
WBGene00166327.,0,0,0
WBGene00166328.,0,0,0
WBGene00166329.,0,0,0
WBGene00166330.,0,0,0
WBGene00166331.,0,0,0
WBGene00166332.,0,0,0
WBGene00166333.,0,0,0
WBGene00166334.,0,0,0
WBGene00166335.,0,0,0
WBGene00166336.,0,0,0
WBGene00166337.,0,0,0
WBGene00166338.,0,0,0
WBGene00166339.,0,0,0
WBGene00166340.,0,0,0
WBGene00166341.,0,0,0
WBGene00166342.,0,0,0
WBGene00166343.,0,0,0
WBGene00166344.,0,0,0
WBGene00166345.,0,0,0
WBGene00166346.,0,0,0
WBGene00166347.,0,0,0
WBGene00166348.,0,0,0
WBGene00166349.,0,0,0
WBGene00166350.,0,0,0
WBGene00166351.,0,0,0
WBGene00166352.,0,0,0
WBGene00166353.,0,0,0
WBGene00166354.,0,0,0
WBGene00166355.,0,0,0
WBGene00166356.,0,0,0
WBGene00166357.,0,0,0
WBGene00166358.,0,0,0
WBGene00166359.,0,0,0
WBGene00166360.,0,0,0
WBGene00166361.,0,0,0
WBGene00166362.,0,0,0
WBGene00166363.,0,0,0
WBGene00166364.,0,0,0
WBGene00166365.,0,0,0
WBGene00166366.,0,0,0
WBGene00166367.,0,0,0
WBGene00166368.,0,0,0
WBGene00166369.,0,0,0
WBGene00166370.,0,0,0
WBGene00166371.,0,0,0
WBGene00166372.,0,0,0
WBGene00166373.,0,0,0
WBGene00166374.,0,0,0
WBGene00166375.,0,0,0
WBGene00166376.,0,0,0
WBGene00166377.,0,0,0
WBGene00166378.,0,0,0
WBGene00166379.,0,0,0
WBGene00166380.,0,0,0
WBGene00166381.,0,0,0
WBGene00166382.,0,0,0
WBGene00166383.,0,0,0
WBGene00166384.,0,0,0
WBGene00166385.,0,0,0
WBGene00166386.,0,0,0
WBGene00166387.,0,0,0
WBGene00166388.,0,0,0
WBGene00166389.,0,0,0
WBGene00166390.,0,0,0
WBGene00166391.,0,0,0
WBGene00166392.,0,0,0
WBGene00166393.,0,0,0
WBGene00166394.,0,0,0
WBGene00166395.,0,0,0
WBGene00166396.,0,0,0
WBGene00166397.,0,0,0
WBGene00166398.,0,0,0
WBGene00166399.,0,0,0
WBGene00166400.,0,0,0
WBGene00166401.,0,0,0
WBGene00166402.,0,0,0
WBGene00166403.,0,0,0
WBGene00166404.,0,0,0
WBGene00166405.,0,0,0
WBGene00166406.,0,0,0
WBGene00166407.,0,0,0
WBGene00166408.,0,0,0
WBGene00166409.,0,0,0
WBGene00166410.,0,0,0
WBGene00166411.,0,0,0
WBGene00166412.,0,0,0
WBGene00166413.,0,0,0
WBGene00166414.,0,0,0
WBGene00166415.,0,0,0
WBGene00166416.,0,0,0
WBGene00166417.,0,0,0
WBGene00166418.,0,0,0
WBGene00166419.,0,0,0
WBGene00166420.,0,0,0
WBGene00166421.,0,0,0
WBGene00166422.,0,0,0
WBGene00166423.,0,0,0
WBGene00166424.,0,0,0
WBGene00166425.,0,0,0
WBGene00166426.,0,0,0
WBGene00166427.,0,0,0
WBGene00166428.,0,0,0
WBGene00166429.,0,0,0
WBGene00166430.,0,0,0
WBGene00166431.,0,0,0
WBGene00166432.,0,0,0
WBGene00166433.,0,0,0
WBGene00166434.,0,0,0
WBGene00166435.,0,0,0
WBGene00166436.,0,0,0
WBGene00166437.,0,0,0
WBGene00166438.,0,0,0
WBGene00166439.,0,0,0
WBGene00166440.,0,0,0
WBGene00166441.,0,0,0
WBGene00166442.,0,0,0
WBGene00166443.,0,0,0
WBGene00166444.,0,0,0
WBGene00166445.,0,0,0
WBGene00166446.,0,0,0
WBGene00166447.,0,0,0
WBGene00166448.,0,0,0
WBGene00166449.,0,0,0
WBGene00166450.,0,0,0
WBGene00166451.,0,0,0
WBGene00166452.,0,0,0
WBGene00166453.,0,0,0
WBGene00166454.,0,0,0
WBGene00166455.,0,0,0
WBGene00166456.,0,0,0
WBGene00166457.,0,0,0
WBGene00166458.,0,0,0
WBGene00166459.,0,0,0
WBGene00166460.,0,0,0
WBGene00166461.,0,0,0
WBGene00166462.,0,0,0
WBGene00166463.,0,0,0
WBGene00166464.,0,0,0
WBGene00166465.,0,0,0
WBGene00166466.,0,0,0
WBGene00166467.,0,0,0
WBGene00166468.,0,0,0
WBGene00166469.,0,0,0
WBGene00166470.,0,0,0
WBGene00166471.,0,0,0
WBGene00166472.,0,0,0
WBGene00166473.,0,0,0
WBGene00166474.,0,0,0
WBGene00166475.,0,0,0
WBGene00166476.,0,0,0
WBGene00166477.,0,0,0
WBGene00166478.,0,0,0
WBGene00166479.,0,0,0
WBGene00166480.,0,0,0
WBGene00166481.,0,0,0
WBGene00166482.,0,0,0
WBGene00166483.,0,0,0
WBGene00166484.,0,0,0
WBGene00166485.,0,0,0
WBGene00166486.,0,0,0
WBGene00166487.,0,0,0
WBGene00166488.,0,0,0
WBGene00166489.,0,0,0
WBGene00166490.,0,0,0
WBGene00166491.,0,0,0
WBGene00166492.,0,0,0
WBGene00166493.,0,0,0
WBGene00166494.,0,0,0
WBGene00166495.,0,0,0
WBGene00166496.,0,0,0
WBGene00166497.,0,0,0
WBGene00166498.,0,0,0
WBGene00166499.,0,0,0
WBGene00166500.,0,0,0
WBGene00166501.,0,0,0
WBGene00166502.,0,0,0
WBGene00166503.,0,0,0
WBGene00166504.,0,0,0
WBGene00166505.,0,0,0
WBGene00166506.,0,0,0
WBGene00166507.,0,0,0
WBGene00166508.,0,0,0
WBGene00166509.,0,0,0
WBGene00166510.,0,0,0
WBGene00166511.,0,0,0
WBGene00166512.,0,0,0
WBGene00166513.,0,0,0
WBGene00166514.,0,0,0
WBGene00166515.,0,0,0
WBGene00166516.,0,0,0
WBGene00166517.,0,0,0
WBGene00166518.,0,0,0
WBGene00166519.,0,0,0
WBGene00166520.,0,0,0
WBGene00166521.,0,0,0
WBGene00166522.,0,0,0
WBGene00166523.,0,0,0
WBGene00166524.,0,0,0
WBGene00166525.,0,0,0
WBGene00166526.,0,0,0
WBGene00166527.,0,0,0
WBGene00166528.,0,0,0
WBGene00166529.,0,0,0
WBGene00166530.,0,0,0
WBGene00166531.,0,0,0
WBGene00166532.,0,0,0
WBGene00166533.,0,0,0
WBGene00166534.,0,0,0
WBGene00166535.,0,0,0
WBGene00166536.,0,0,0
WBGene00166537.,0,0,0
WBGene00166538.,0,0,0
WBGene00166539.,0,0,0
WBGene00166540.,0,0,0
WBGene00166541.,0,0,0
WBGene00166542.,0,0,0
WBGene00166543.,0,0,0
WBGene00166544.,0,0,0
WBGene00166545.,0,0,0
WBGene00166546.,0,0,0
WBGene00166547.,0,0,0
WBGene00166548.,0,0,0
WBGene00166549.,0,0,0
WBGene00166550.,0,0,0
WBGene00166551.,0,0,0
WBGene00166552.,0,0,0
WBGene00166553.,0,0,0
WBGene00166554.,0,0,0
WBGene00166555.,0,0,0
WBGene00166556.,0,0,0
WBGene00166557.,0,0,0
WBGene00166558.,0,0,0
WBGene00166559.,0,0,0
WBGene00166560.,0,0,0
WBGene00166561.,0,0,0
WBGene00166562.,0,0,0
WBGene00166563.,0,0,0
WBGene00166564.,0,0,0
WBGene00166565.,0,0,0
WBGene00166566.,0,0,0
WBGene00166567.,0,0,0
WBGene00166568.,0,0,0
WBGene00166569.,0,0,0
WBGene00166570.,0,0,0
WBGene00166571.,0,0,0
WBGene00166572.,0,0,0
WBGene00166573.,0,0,0
WBGene00166574.,0,0,0
WBGene00166575.,0,0,0
WBGene00166576.,0,0,0
WBGene00166577.,0,0,0
WBGene00166578.,0,0,0
WBGene00166579.,0,0,0
WBGene00166580.,0,0,0
WBGene00166581.,0,0,0
WBGene00166582.,0,0,0
WBGene00166583.,0,0,0
WBGene00166584.,0,0,0
WBGene00166585.,0,0,0
WBGene00166586.,0,0,0
WBGene00166587.,0,0,0
WBGene00166588.,0,0,0
WBGene00166589.,0,0,0
WBGene00166590.,0,0,0
WBGene00166591.,0,0,0
WBGene00166592.,0,0,0
WBGene00166593.,0,0,0
WBGene00166594.,0,0,0
WBGene00166595.,0,0,0
WBGene00166596.,0,0,0
WBGene00166597.,0,0,0
WBGene00166598.,0,0,0
WBGene00166599.,0,0,0
WBGene00166600.,0,0,0
WBGene00166601.,0,0,0
WBGene00166602.,0,0,0
WBGene00166603.,0,0,0
WBGene00166604.,0,0,0
WBGene00166605.,0,0,0
WBGene00166606.,0,0,0
WBGene00166607.,0,0,0
WBGene00166608.,0,0,0
WBGene00166609.,0,0,0
WBGene00166610.,0,0,0
WBGene00166611.,0,0,0
WBGene00166612.,0,0,0
WBGene00166613.,0,0,0
WBGene00166614.,0,0,0
WBGene00166615.,0,0,0
WBGene00166616.,0,0,0
WBGene00166617.,0,0,0
WBGene00166618.,0,0,0
WBGene00166619.,0,0,0
WBGene00166620.,0,0,0
WBGene00166621.,0,0,0
WBGene00166622.,0,0,0
WBGene00166623.,0,0,0
WBGene00166624.,0,0,0
WBGene00166625.,0,0,0
WBGene00166626.,0,0,0
WBGene00166627.,0,0,0
WBGene00166628.,0,0,0
WBGene00166629.,0,0,0
WBGene00166630.,0,0,0
WBGene00166631.,0,0,0
WBGene00166632.,0,0,0
WBGene00166633.,0,0,0
WBGene00166634.,0,0,0
WBGene00166635.,0,0,0
WBGene00166636.,0,0,0
WBGene00166637.,0,0,0
WBGene00166638.,0,0,0
WBGene00166639.,0,0,0
WBGene00166640.,0,0,0
WBGene00166641.,0,0,0
WBGene00166642.,0,0,0
WBGene00166643.,0,0,0
WBGene00166644.,0,0,0
WBGene00166645.,0,0,0
WBGene00166646.,0,0,0
WBGene00166647.,0,0,0
WBGene00166648.,0,0,0
WBGene00166649.,0,0,0
WBGene00166650.,0,0,0
WBGene00166651.,0,0,0
WBGene00166652.,0,0,0
WBGene00166653.,0,0,0
WBGene00166654.,0,0,0
WBGene00166655.,0,0,0
WBGene00166656.,0,0,0
WBGene00166657.,0,0,0
WBGene00166658.,0,0,0
WBGene00166659.,0,0,0
WBGene00166660.,0,0,0
WBGene00166661.,0,0,0
WBGene00166662.,0,0,0
WBGene00166663.,0,0,0
WBGene00166664.,0,0,0
WBGene00166665.,0,0,0
WBGene00166666.,0,0,0
WBGene00166667.,0,0,0
WBGene00166668.,0,0,0
WBGene00166669.,0,0,0
WBGene00166670.,0,0,0
WBGene00166671.,0,0,0
WBGene00166672.,0,0,0
WBGene00166673.,0,0,0
WBGene00166674.,0,0,0
WBGene00166675.,0,0,0
WBGene00166676.,0,0,0
WBGene00166677.,0,0,0
WBGene00166678.,0,0,0
WBGene00166679.,0,0,0
WBGene00166680.,0,0,0
WBGene00166681.,0,0,0
WBGene00166682.,0,0,0
WBGene00166683.,0,0,0
WBGene00166684.,0,0,0
WBGene00166685.,0,0,0
WBGene00166686.,0,0,0
WBGene00166687.,0,0,0
WBGene00166688.,0,0,0
WBGene00166689.,0,0,0
WBGene00166690.,0,0,0
WBGene00166691.,0,0,0
WBGene00166692.,0,0,0
WBGene00166693.,0,0,0
WBGene00166694.,0,0,0
WBGene00166695.,0,0,0
WBGene00166696.,0,0,0
WBGene00166697.,0,0,0
WBGene00166698.,0,0,0
WBGene00166699.,0,0,0
WBGene00166700.,0,0,0
WBGene00166701.,0,0,0
WBGene00166702.,0,0,0
WBGene00166703.,0,0,0
WBGene00166704.,0,0,0
WBGene00166705.,0,0,0
WBGene00166706.,0,0,0
WBGene00166707.,0,0,0
WBGene00166708.,0,0,0
WBGene00166709.,0,0,0
WBGene00166710.,0,0,0
WBGene00166711.,0,0,0
WBGene00166712.,0,0,0
WBGene00166713.,0,0,0
WBGene00166714.,0,0,0
WBGene00166715.,0,0,0
WBGene00166716.,0,0,0
WBGene00166717.,0,0,0
WBGene00166718.,0,0,0
WBGene00166719.,0,0,0
WBGene00166720.,0,0,0
WBGene00166721.,0,0,0
WBGene00166722.,0,0,0
WBGene00166723.,0,0,0
WBGene00166724.,0,0,0
WBGene00166725.,0,0,0
WBGene00166726.,0,0,0
WBGene00166727.,0,0,0
WBGene00166728.,0,0,0
WBGene00166729.,0,0,0
WBGene00166730.,0,0,0
WBGene00166731.,0,0,0
WBGene00166732.,0,0,0
WBGene00166733.,0,0,0
WBGene00166734.,0,0,0
WBGene00166735.,0,0,0
WBGene00166736.,0,0,0
WBGene00166737.,0,0,0
WBGene00166738.,0,0,0
WBGene00166739.,0,0,0
WBGene00166740.,0,0,0
WBGene00166741.,0,0,0
WBGene00166742.,0,0,0
WBGene00166743.,0,0,0
WBGene00166744.,0,0,0
WBGene00166745.,0,0,0
WBGene00166746.,0,0,0
WBGene00166747.,0,0,0
WBGene00166748.,0,0,0
WBGene00166749.,0,0,0
WBGene00166750.,0,0,0
WBGene00166751.,0,0,0
WBGene00166752.,0,0,0
WBGene00166753.,0,0,0
WBGene00166754.,0,0,0
WBGene00166755.,0,0,0
WBGene00166756.,0,0,0
WBGene00166757.,0,0,0
WBGene00166758.,0,0,0
WBGene00166759.,0,0,0
WBGene00166760.,0,0,0
WBGene00166761.,0,0,0
WBGene00166762.,0,0,0
WBGene00166763.,0,0,0
WBGene00166764.,0,0,0
WBGene00166765.,0,0,0
WBGene00166766.,0,0,0
WBGene00166767.,0,0,0
WBGene00166768.,0,0,0
WBGene00166769.,0,0,0
WBGene00166770.,0,0,0
WBGene00166771.,0,0,0
WBGene00166772.,0,0,0
WBGene00166773.,0,0,0
WBGene00166774.,0,0,0
WBGene00166775.,0,0,0
WBGene00166776.,0,0,0
WBGene00166777.,0,0,0
WBGene00166778.,0,0,0
WBGene00166779.,0,0,0
WBGene00166780.,0,0,0
WBGene00166781.,0,0,0
WBGene00166782.,0,0,0
WBGene00166783.,0,0,0
WBGene00166784.,0,0,0
WBGene00166785.,0,0,0
WBGene00166786.,0,0,0
WBGene00166787.,0,0,0
WBGene00166788.,0,0,0
WBGene00166789.,0,0,0
WBGene00166790.,0,0,0
WBGene00166791.,0,0,0
WBGene00166792.,0,0,0
WBGene00166793.,0,0,0
WBGene00166794.,0,0,0
WBGene00166795.,0,0,0
WBGene00166796.,0,0,0
WBGene00166797.,0,0,0
WBGene00166798.,0,0,0
WBGene00166799.,0,0,0
WBGene00166800.,0,0,0
WBGene00166801.,0,0,0
WBGene00166802.,0,0,0
WBGene00166803.,0,0,0
WBGene00166804.,0,0,0
WBGene00166805.,0,0,0
WBGene00166806.,0,0,0
WBGene00166807.,0,0,0
WBGene00166808.,0,0,0
WBGene00166809.,0,0,0
WBGene00166810.,0,0,0
WBGene00166811.,0,0,0
WBGene00166812.,0,0,0
WBGene00166813.,0,0,0
WBGene00166814.,0,0,0
WBGene00166815.,0,0,0
WBGene00166816.,0,0,0
WBGene00166817.,0,0,0
WBGene00166819.,0,0,0
WBGene00166820.,0,0,0
WBGene00166821.,0,0,0
WBGene00166822.,0,0,0
WBGene00166823.,0,0,0
WBGene00166824.,0,0,0
WBGene00166825.,0,0,0
WBGene00166826.,0,0,0
WBGene00166827.,0,0,0
WBGene00166828.,0,0,0
WBGene00166829.,0,0,0
WBGene00166830.,0,0,0
WBGene00166831.,0,0,0
WBGene00166832.,0,0,0
WBGene00166833.,0,0,0
WBGene00166834.,0,0,0
WBGene00166835.,0,0,0
WBGene00166836.,0,0,0
WBGene00166837.,0,0,0
WBGene00166838.,0,0,0
WBGene00166839.,0,0,0
WBGene00166840.,0,0,0
WBGene00166841.,0,0,0
WBGene00166842.,0,0,0
WBGene00166843.,0,0,0
WBGene00166844.,0,0,0
WBGene00166845.,0,0,0
WBGene00166846.,0,0,0
WBGene00166847.,0,0,0
WBGene00166848.,0,0,0
WBGene00166849.,0,0,0
WBGene00166850.,0,0,0
WBGene00166851.,0,0,0
WBGene00166852.,0,0,0
WBGene00166853.,0,0,0
WBGene00166854.,0,0,0
WBGene00166855.,0,0,0
WBGene00166856.,0,0,0
WBGene00166857.,0,0,0
WBGene00166858.,0,0,0
WBGene00166859.,0,0,0
WBGene00166860.,0,0,0
WBGene00166861.,0,0,0
WBGene00166862.,0,0,0
WBGene00166863.,0,0,0
WBGene00166864.,0,0,0
WBGene00166865.,0,0,0
WBGene00166866.,0,0,0
WBGene00166867.,0,0,0
WBGene00166868.,0,0,0
WBGene00166869.,0,0,0
WBGene00166870.,0,0,0
WBGene00166871.,0,0,0
WBGene00166872.,0,0,0
WBGene00166873.,0,0,0
WBGene00166874.,0,0,0
WBGene00166875.,0,0,0
WBGene00166876.,0,0,0
WBGene00166877.,0,0,0
WBGene00166878.,0,0,0
WBGene00166879.,0,0,0
WBGene00166880.,0,0,0
WBGene00166881.,0,0,0
WBGene00166882.,0,0,0
WBGene00166883.,0,0,0
WBGene00166884.,0,0,0
WBGene00166885.,0,0,0
WBGene00166886.,0,0,0
WBGene00166887.,0,0,0
WBGene00166888.,0,0,0
WBGene00166889.,0,0,0
WBGene00166890.,0,0,0
WBGene00166891.,0,0,0
WBGene00166892.,0,0,0
WBGene00166893.,0,0,0
WBGene00166894.,0,0,0
WBGene00166895.,0,0,0
WBGene00166896.,0,0,0
WBGene00166897.,0,0,0
WBGene00166898.,0,0,0
WBGene00166899.,0,0,0
WBGene00166900.,0,0,0
WBGene00166901.,0,0,0
WBGene00166902.,0,0,0
WBGene00166903.,0,0,0
WBGene00166904.,0,0,0
WBGene00166905.,0,0,0
WBGene00166906.,0,0,0
WBGene00166907.,0,0,0
WBGene00166908.,0,0,0
WBGene00166909.,0,0,0
WBGene00166910.,0,0,0
WBGene00166911.,0,0,0
WBGene00166912.,0,0,0
WBGene00166913.,0,0,0
WBGene00166914.,0,0,0
WBGene00166915.,0,0,0
WBGene00166916.,0,0,0
WBGene00166917.,0,0,0
WBGene00166918.,0,0,0
WBGene00166919.,0,0,0
WBGene00166920.,0,0,0
WBGene00166921.,0,0,0
WBGene00166922.,0,0,0
WBGene00166923.,0,0,0
WBGene00166924.,0,0,0
WBGene00166925.,0,0,0
WBGene00166926.,0,0,0
WBGene00166927.,0,0,0
WBGene00166928.,0,0,0
WBGene00166929.,0,0,0
WBGene00166930.,0,0,0
WBGene00166931.,0,0,0
WBGene00166932.,0,0,0
WBGene00166933.,0,0,0
WBGene00166934.,0,0,0
WBGene00166935.,0,0,0
WBGene00166936.,0,0,0
WBGene00166937.,0,0,0
WBGene00166938.,0,0,0
WBGene00166939.,0,0,0
WBGene00166940.,0,0,0
WBGene00166941.,0,0,0
WBGene00166942.,0,0,0
WBGene00166943.,0,0,0
WBGene00166944.,0,0,0
WBGene00166945.,0,0,0
WBGene00166946.,0,0,0
WBGene00166947.,0,0,0
WBGene00166948.,0,0,0
WBGene00166949.,0,0,0
WBGene00166950.,0,0,0
WBGene00166951.,0,0,0
WBGene00166952.,0,0,0
WBGene00166953.,0,0,0
WBGene00166954.,0,0,0
WBGene00166955.,0,0,0
WBGene00166956.,0,0,0
WBGene00166957.,0,0,0
WBGene00166958.,0,0,0
WBGene00166959.,0,0,0
WBGene00166960.,0,0,0
WBGene00166961.,0,0,0
WBGene00166962.,0,0,0
WBGene00166963.,0,0,0
WBGene00166964.,0,0,0
WBGene00166965.,0,0,0
WBGene00166966.,0,0,0
WBGene00166967.,0,0,0
WBGene00166968.,0,0,0
WBGene00166969.,0,0,0
WBGene00166970.,0,0,0
WBGene00166971.,0,0,0
WBGene00166972.,0,0,0
WBGene00166973.,0,0,0
WBGene00166974.,0,0,0
WBGene00166975.,0,0,0
WBGene00166976.,0,0,0
WBGene00166977.,0,0,0
WBGene00166978.,0,0,0
WBGene00166979.,0,0,0
WBGene00166980.,0,0,0
WBGene00166981.,0,0,0
WBGene00166982.,0,0,0
WBGene00166983.,0,0,0
WBGene00166984.,0,0,0
WBGene00166985.,0,0,0
WBGene00166986.,0,0,0
WBGene00166987.,0,0,0
WBGene00166988.,0,0,0
WBGene00166989.,0,0,0
WBGene00166990.,0,0,0
WBGene00166991.,0,0,0
WBGene00166992.,0,0,0
WBGene00166993.,0,0,0
WBGene00166994.,0,0,0
WBGene00166995.,0,0,0
WBGene00166996.,0,0,0
WBGene00166997.,0,0,0
WBGene00166998.,0,0,0
WBGene00166999.,0,0,0
WBGene00167000.,0,0,0
WBGene00167001.,0,0,0
WBGene00167002.,0,0,0
WBGene00167003.,0,0,0
WBGene00167004.,0,0,0
WBGene00167005.,0,0,0
WBGene00167006.,0,0,0
WBGene00167007.,0,0,0
WBGene00167008.,0,0,0
WBGene00167009.,0,0,0
WBGene00167010.,0,0,0
WBGene00167011.,0,0,0
WBGene00167012.,0,0,0
WBGene00167013.,0,0,0
WBGene00167014.,0,0,0
WBGene00167015.,0,0,0
WBGene00167016.,0,0,0
WBGene00167017.,0,0,0
WBGene00167018.,0,0,0
WBGene00167019.,0,0,0
WBGene00167020.,0,0,0
WBGene00167021.,0,0,0
WBGene00167022.,0,0,0
WBGene00167023.,0,0,0
WBGene00167024.,0,0,0
WBGene00167025.,0,0,0
WBGene00167026.,0,0,0
WBGene00167027.,0,0,0
WBGene00167028.,0,0,0
WBGene00167029.,0,0,0
WBGene00167030.,0,0,0
WBGene00167031.,0,0,0
WBGene00167032.,0,0,0
WBGene00167033.,0,0,0
WBGene00167034.,0,0,0
WBGene00167035.,0,0,0
WBGene00167036.,0,0,0
WBGene00167037.,0,0,0
WBGene00167038.,0,0,0
WBGene00167039.,0,0,0
WBGene00167040.,0,0,0
WBGene00167041.,0,0,0
WBGene00167042.,0,0,0
WBGene00167043.,0,0,0
WBGene00167044.,0,0,0
WBGene00167045.,0,0,0
WBGene00167046.,0,0,0
WBGene00167047.,0,0,0
WBGene00167048.,0,0,0
WBGene00167049.,0,0,0
WBGene00167050.,0,0,0
WBGene00167051.,0,0,0
WBGene00167052.,0,0,0
WBGene00167053.,0,0,0
WBGene00167054.,0,0,0
WBGene00167055.,0,0,0
WBGene00167056.,0,0,0
WBGene00167057.,0,0,0
WBGene00167058.,0,0,0
WBGene00167059.,0,0,0
WBGene00167060.,0,0,0
WBGene00167061.,0,0,0
WBGene00167062.,0,0,0
WBGene00167063.,0,0,0
WBGene00167064.,0,0,0
WBGene00167065.,0,0,0
WBGene00167066.,0,0,0
WBGene00167067.,0,0,0
WBGene00167068.,0,0,0
WBGene00167069.,0,0,0
WBGene00167070.,0,0,0
WBGene00167071.,0,0,0
WBGene00167072.,0,0,0
WBGene00167073.,0,0,0
WBGene00167074.,0,0,0
WBGene00167075.,0,0,0
WBGene00167076.,0,0,0
WBGene00167077.,0,0,0
WBGene00167078.,0,0,0
WBGene00167079.,0,0,0
WBGene00167080.,0,0,0
WBGene00167081.,0,0,0
WBGene00167082.,0,0,0
WBGene00167083.,0,0,0
WBGene00167084.,0,0,0
WBGene00167085.,0,0,0
WBGene00167086.,0,0,0
WBGene00167087.,0,0,0
WBGene00167088.,0,0,0
WBGene00167089.,0,0,0
WBGene00167090.,0,0,0
WBGene00167091.,0,0,0
WBGene00167092.,0,0,0
WBGene00167093.,0,0,0
WBGene00167094.,0,0,0
WBGene00167095.,0,0,0
WBGene00167096.,0,0,0
WBGene00167097.,0,0,0
WBGene00167098.,0,0,0
WBGene00167099.,0,0,0
WBGene00167100.,0,0,0
WBGene00167101.,0,0,0
WBGene00167102.,0,0,0
WBGene00167103.,0,0,0
WBGene00167104.,0,0,0
WBGene00167105.,0,0,0
WBGene00167106.,0,0,0
WBGene00167107.,0,0,0
WBGene00167108.,0,0,0
WBGene00167109.,0,0,0
WBGene00167110.,0,0,0
WBGene00167111.,0,0,0
WBGene00167112.,0,0,0
WBGene00167113.,0,0,0
WBGene00167114.,0,0,0
WBGene00167115.,0,0,0
WBGene00167116.,0,0,0
WBGene00167117.,0,0,0
WBGene00167118.,0,0,0
WBGene00167119.,0,0,0
WBGene00167120.,0,0,0
WBGene00167121.,0,0,0
WBGene00167122.,0,0,0
WBGene00167123.,0,0,0
WBGene00167124.,0,0,0
WBGene00167125.,0,0,0
WBGene00167126.,0,0,0
WBGene00167127.,0,0,0
WBGene00167128.,0,0,0
WBGene00167129.,0,0,0
WBGene00167130.,0,0,0
WBGene00167131.,0,0,0
WBGene00167132.,0,0,0
WBGene00167133.,0,0,0
WBGene00167134.,0,0,0
WBGene00167135.,0,0,0
WBGene00167136.,0,0,0
WBGene00167137.,0,0,0
WBGene00167138.,0,0,0
WBGene00167139.,0,0,0
WBGene00167140.,0,0,0
WBGene00167141.,0,0,0
WBGene00167142.,0,0,0
WBGene00167143.,0,0,0
WBGene00167144.,0,0,0
WBGene00167145.,0,0,0
WBGene00167146.,0,0,0
WBGene00167147.,0,0,0
WBGene00167148.,0,0,0
WBGene00167149.,0,0,0
WBGene00167150.,0,0,0
WBGene00167151.,0,0,0
WBGene00167152.,0,0,0
WBGene00167153.,0,0,0
WBGene00167154.,0,0,0
WBGene00167155.,0,0,0
WBGene00167156.,0,0,0
WBGene00167157.,0,0,0
WBGene00167158.,0,0,0
WBGene00167159.,0,0,0
WBGene00167160.,0,0,0
WBGene00167161.,0,0,0
WBGene00167162.,0,0,0
WBGene00167163.,0,0,0
WBGene00167164.,0,0,0
WBGene00167165.,0,0,0
WBGene00167166.,0,0,0
WBGene00167167.,0,0,0
WBGene00167168.,0,0,0
WBGene00167169.,0,0,0
WBGene00167170.,0,0,0
WBGene00167171.,0,0,0
WBGene00167172.,0,0,0
WBGene00167173.,0,0,0
WBGene00167174.,0,0,0
WBGene00167175.,0,0,0
WBGene00167176.,0,0,0
WBGene00167177.,0,0,0
WBGene00167178.,0,0,0
WBGene00167179.,0,0,0
WBGene00167180.,0,0,0
WBGene00167181.,0,0,0
WBGene00167182.,0,0,0
WBGene00167183.,0,0,0
WBGene00167184.,0,0,0
WBGene00167185.,0,0,0
WBGene00167186.,0,0,0
WBGene00167187.,0,0,0
WBGene00167188.,0,0,0
WBGene00167189.,0,0,0
WBGene00167190.,0,0,0
WBGene00167191.,0,0,0
WBGene00167192.,0,0,0
WBGene00167193.,0,0,0
WBGene00167194.,0,0,0
WBGene00167195.,0,0,0
WBGene00167196.,0,0,0
WBGene00167197.,0,0,0
WBGene00167198.,0,0,0
WBGene00167199.,0,0,0
WBGene00167200.,0,0,0
WBGene00167201.,0,0,0
WBGene00167202.,0,0,0
WBGene00167203.,0,0,0
WBGene00167204.,0,0,0
WBGene00167205.,0,0,0
WBGene00167206.,0,0,0
WBGene00167207.,0,0,0
WBGene00167208.,0,0,0
WBGene00167209.,0,0,0
WBGene00167210.,0,0,0
WBGene00167211.,0,0,0
WBGene00167212.,0,0,0
WBGene00167213.,0,0,0
WBGene00167214.,0,0,0
WBGene00167215.,0,0,0
WBGene00167216.,0,0,0
WBGene00167217.,0,0,0
WBGene00167218.,0,0,0
WBGene00167219.,0,0,0
WBGene00167220.,0,0,0
WBGene00167221.,0,0,0
WBGene00167222.,0,0,0
WBGene00167223.,0,0,0
WBGene00167224.,0,0,0
WBGene00167225.,0,0,0
WBGene00167226.,0,0,0
WBGene00167227.,0,0,0
WBGene00167228.,0,0,0
WBGene00167229.,0,0,0
WBGene00167230.,0,0,0
WBGene00167231.,0,0,0
WBGene00167232.,0,0,0
WBGene00167233.,0,0,0
WBGene00167234.,0,0,0
WBGene00167235.,0,0,0
WBGene00167236.,0,0,0
WBGene00167237.,0,0,0
WBGene00167238.,0,0,0
WBGene00167239.,0,0,0
WBGene00167240.,0,0,0
WBGene00167241.,0,0,0
WBGene00167242.,0,0,0
WBGene00167243.,0,0,0
WBGene00167244.,0,0,0
WBGene00167245.,0,0,0
WBGene00167246.,0,0,0
WBGene00167247.,0,0,0
WBGene00167248.,0,0,0
WBGene00167249.,0,0,0
WBGene00167250.,0,0,0
WBGene00167251.,0,0,0
WBGene00167252.,0,0,0
WBGene00167253.,0,0,0
WBGene00167254.,0,0,0
WBGene00167255.,0,0,0
WBGene00167256.,0,0,0
WBGene00167257.,0,0,0
WBGene00167258.,0,0,0
WBGene00167259.,0,0,0
WBGene00167260.,0,0,0
WBGene00167261.,0,0,0
WBGene00167262.,0,0,0
WBGene00167263.,0,0,0
WBGene00167264.,0,0,0
WBGene00167265.,0,0,0
WBGene00167266.,0,0,0
WBGene00167267.,0,0,0
WBGene00167268.,0,0,0
WBGene00167269.,0,0,0
WBGene00167270.,0,0,0
WBGene00167271.,0,0,0
WBGene00167272.,0,0,0
WBGene00167273.,0,0,0
WBGene00167274.,0,0,0
WBGene00167275.,0,0,0
WBGene00167276.,0,0,0
WBGene00167277.,0,0,0
WBGene00167278.,0,0,0
WBGene00167279.,0,0,0
WBGene00167280.,0,0,0
WBGene00167281.,0,0,0
WBGene00167282.,0,0,0
WBGene00167283.,0,0,0
WBGene00167284.,0,0,0
WBGene00167285.,0,0,0
WBGene00167286.,0,0,0
WBGene00167287.,0,0,0
WBGene00167288.,0,0,0
WBGene00167289.,0,0,0
WBGene00167290.,0,0,0
WBGene00167291.,0,0,0
WBGene00167292.,0,0,0
WBGene00167293.,0,0,0
WBGene00167294.,0,0,0
WBGene00167295.,0,0,0
WBGene00167296.,0,0,0
WBGene00167297.,0,0,0
WBGene00167298.,0,0,0
WBGene00167299.,0,0,0
WBGene00167300.,0,0,0
WBGene00167301.,0,0,0
WBGene00167302.,0,0,0
WBGene00167303.,0,0,0
WBGene00167304.,0,0,0
WBGene00167305.,0,0,0
WBGene00167306.,0,0,0
WBGene00167307.,0,0,0
WBGene00167308.,0,0,0
WBGene00167309.,0,0,0
WBGene00167310.,0,0,0
WBGene00167311.,0,0,0
WBGene00167312.,0,0,0
WBGene00167313.,0,0,0
WBGene00167314.,0,0,0
WBGene00167315.,0,0,0
WBGene00167316.,0,0,0
WBGene00167317.,0,0,0
WBGene00167318.,0,0,0
WBGene00167319.,0,0,0
WBGene00167320.,0,0,0
WBGene00167321.,0,0,0
WBGene00167322.,0,0,0
WBGene00167323.,0,0,0
WBGene00167324.,0,0,0
WBGene00167325.,0,0,0
WBGene00167326.,0,0,0
WBGene00167327.,0,0,0
WBGene00167328.,0,0,0
WBGene00167329.,0,0,0
WBGene00167330.,0,0,0
WBGene00167331.,0,0,0
WBGene00167332.,0,0,0
WBGene00167333.,0,0,0
WBGene00167334.,0,0,0
WBGene00167335.,0,0,0
WBGene00167336.,0,0,0
WBGene00167337.,0,0,0
WBGene00167338.,0,0,0
WBGene00167339.,0,0,0
WBGene00167340.,0,0,0
WBGene00167341.,0,0,0
WBGene00167342.,0,0,0
WBGene00167343.,0,0,0
WBGene00167344.,0,0,0
WBGene00167345.,0,0,0
WBGene00167346.,0,0,0
WBGene00167347.,0,0,0
WBGene00167348.,0,0,0
WBGene00167349.,0,0,0
WBGene00167350.,0,0,0
WBGene00167351.,0,0,0
WBGene00167352.,0,0,0
WBGene00167353.,0,0,0
WBGene00167354.,0,0,0
WBGene00167355.,0,0,0
WBGene00167356.,0,0,0
WBGene00167357.,0,0,0
WBGene00167358.,0,0,0
WBGene00167359.,0,0,0
WBGene00167360.,0,0,0
WBGene00167361.,0,0,0
WBGene00167362.,0,0,0
WBGene00167363.,0,0,0
WBGene00167364.,0,0,0
WBGene00167365.,0,0,0
WBGene00167366.,0,0,0
WBGene00167367.,0,0,0
WBGene00167368.,0,0,0
WBGene00167369.,0,0,0
WBGene00167370.,0,0,0
WBGene00167371.,0,0,0
WBGene00167372.,0,0,0
WBGene00167373.,0,0,0
WBGene00167374.,0,0,0
WBGene00167375.,0,0,0
WBGene00167376.,0,0,0
WBGene00167377.,0,0,0
WBGene00167378.,0,0,0
WBGene00167379.,0,0,0
WBGene00167380.,0,0,0
WBGene00167381.,0,0,0
WBGene00167382.,0,0,0
WBGene00167383.,0,0,0
WBGene00167384.,0,0,0
WBGene00167385.,0,0,0
WBGene00167386.,0,0,0
WBGene00167387.,0,0,0
WBGene00167388.,0,0,0
WBGene00167389.,0,0,0
WBGene00167390.,0,0,0
WBGene00167391.,0,0,0
WBGene00167392.,0,0,0
WBGene00167393.,0,0,0
WBGene00167394.,0,0,0
WBGene00167395.,0,0,0
WBGene00167396.,0,0,0
WBGene00167397.,0,0,0
WBGene00167398.,0,0,0
WBGene00167399.,0,0,0
WBGene00167400.,0,0,0
WBGene00167401.,0,0,0
WBGene00167402.,0,0,0
WBGene00167403.,0,0,0
WBGene00167404.,0,0,0
WBGene00167405.,0,0,0
WBGene00167406.,0,0,0
WBGene00167407.,0,0,0
WBGene00167408.,0,0,0
WBGene00167409.,0,0,0
WBGene00167410.,0,0,0
WBGene00167411.,0,0,0
WBGene00167412.,0,0,0
WBGene00167413.,0,0,0
WBGene00167414.,0,0,0
WBGene00167415.,0,0,0
WBGene00167416.,0,0,0
WBGene00167417.,0,0,0
WBGene00167418.,0,0,0
WBGene00167419.,0,0,0
WBGene00167420.,0,0,0
WBGene00167421.,0,0,0
WBGene00167422.,0,0,0
WBGene00167423.,0,0,0
WBGene00167424.,0,0,0
WBGene00167425.,0,0,0
WBGene00167426.,0,0,0
WBGene00167427.,0,0,0
WBGene00167428.,0,0,0
WBGene00167429.,0,0,0
WBGene00167430.,0,0,0
WBGene00167431.,0,0,0
WBGene00167432.,0,0,0
WBGene00167433.,0,0,0
WBGene00167434.,0,0,0
WBGene00167435.,0,0,0
WBGene00167436.,0,0,0
WBGene00167437.,0,0,0
WBGene00167438.,0,0,0
WBGene00167439.,0,0,0
WBGene00167440.,0,0,0
WBGene00167441.,0,0,0
WBGene00167442.,0,0,0
WBGene00167443.,0,0,0
WBGene00167444.,0,0,0
WBGene00167445.,0,0,0
WBGene00167446.,0,0,0
WBGene00167447.,0,0,0
WBGene00167448.,0,0,0
WBGene00167449.,0,0,0
WBGene00167450.,0,0,0
WBGene00167451.,0,0,0
WBGene00167452.,0,0,0
WBGene00167453.,0,0,0
WBGene00167454.,0,0,0
WBGene00167455.,0,0,0
WBGene00167456.,0,0,0
WBGene00167457.,0,0,0
WBGene00167458.,0,0,0
WBGene00167459.,0,0,0
WBGene00167460.,0,0,0
WBGene00167461.,0,0,0
WBGene00167462.,0,0,0
WBGene00167463.,0,0,0
WBGene00167464.,0,0,0
WBGene00167465.,0,0,0
WBGene00167466.,0,0,0
WBGene00167467.,0,0,0
WBGene00167468.,0,0,0
WBGene00167469.,0,0,0
WBGene00167470.,0,0,0
WBGene00167471.,0,0,0
WBGene00167472.,0,0,0
WBGene00167473.,0,0,0
WBGene00167474.,0,0,0
WBGene00167475.,0,0,0
WBGene00167476.,0,0,0
WBGene00167477.,0,0,0
WBGene00167478.,0,0,0
WBGene00167479.,0,0,0
WBGene00167480.,0,0,0
WBGene00167481.,0,0,0
WBGene00167482.,0,0,0
WBGene00167483.,0,0,0
WBGene00167484.,0,0,0
WBGene00167485.,0,0,0
WBGene00167487.,0,0,0
WBGene00167488.,0,0,0
WBGene00167489.,0,0,0
WBGene00167490.,0,0,0
WBGene00167491.,0,0,0
WBGene00167492.,0,0,0
WBGene00167493.,0,0,0
WBGene00167494.,0,0,0
WBGene00167495.,0,0,0
WBGene00167496.,0,0,0
WBGene00167497.,0,0,0
WBGene00167498.,0,0,0
WBGene00167499.,0,0,0
WBGene00167500.,0,0,0
WBGene00167501.,0,0,0
WBGene00167502.,0,0,0
WBGene00167503.,0,0,0
WBGene00167504.,0,0,0
WBGene00167505.,0,0,0
WBGene00167506.,0,0,0
WBGene00167507.,0,0,0
WBGene00167508.,0,0,0
WBGene00167509.,0,0,0
WBGene00167510.,0,0,0
WBGene00167511.,0,0,0
WBGene00167512.,0,0,0
WBGene00167513.,0,0,0
WBGene00167514.,0,0,0
WBGene00167515.,0,0,0
WBGene00167516.,0,0,0
WBGene00167517.,0,0,0
WBGene00167518.,0,0,0
WBGene00167519.,0,0,0
WBGene00167520.,0,0,0
WBGene00167521.,0,0,0
WBGene00167522.,0,0,0
WBGene00167523.,0,0,0
WBGene00167524.,0,0,0
WBGene00167525.,0,0,0
WBGene00167526.,0,0,0
WBGene00167527.,0,0,0
WBGene00167528.,0,0,0
WBGene00167529.,0,0,0
WBGene00167530.,0,0,0
WBGene00167531.,0,0,0
WBGene00167532.,0,0,0
WBGene00167533.,0,0,0
WBGene00167534.,0,0,0
WBGene00167535.,0,0,0
WBGene00167536.,0,0,0
WBGene00167537.,0,0,0
WBGene00167538.,0,0,0
WBGene00167539.,0,0,0
WBGene00167540.,0,0,0
WBGene00167541.,0,0,0
WBGene00167542.,0,0,0
WBGene00167543.,0,0,0
WBGene00167544.,0,0,0
WBGene00167545.,0,0,0
WBGene00167546.,0,0,0
WBGene00167547.,0,0,0
WBGene00167548.,0,0,0
WBGene00167549.,0,0,0
WBGene00167550.,0,0,0
WBGene00167551.,0,0,0
WBGene00167552.,0,0,0
WBGene00167553.,0,0,0
WBGene00167554.,0,0,0
WBGene00167555.,0,0,0
WBGene00167556.,0,0,0
WBGene00167557.,0,0,0
WBGene00167558.,0,0,0
WBGene00167559.,0,0,0
WBGene00167560.,0,0,0
WBGene00167561.,0,0,0
WBGene00167562.,0,0,0
WBGene00167563.,0,0,0
WBGene00167564.,0,0,0
WBGene00167565.,0,0,0
WBGene00167566.,0,0,0
WBGene00167567.,0,0,0
WBGene00167568.,0,0,0
WBGene00167569.,0,0,0
WBGene00167570.,0,0,0
WBGene00167571.,0,0,0
WBGene00167572.,0,0,0
WBGene00167573.,0,0,0
WBGene00167574.,0,0,0
WBGene00167575.,0,0,0
WBGene00167576.,0,0,0
WBGene00167577.,0,0,0
WBGene00167578.,0,0,0
WBGene00167579.,0,0,0
WBGene00167580.,0,0,0
WBGene00167581.,0,0,0
WBGene00167582.,0,0,0
WBGene00167583.,0,0,0
WBGene00167584.,0,0,0
WBGene00167585.,0,0,0
WBGene00167586.,0,0,0
WBGene00167587.,0,0,0
WBGene00167588.,0,0,0
WBGene00167589.,0,0,0
WBGene00167590.,0,0,0
WBGene00167591.,0,0,0
WBGene00167592.,0,0,0
WBGene00167593.,0,0,0
WBGene00167594.,0,0,0
WBGene00167595.,0,0,0
WBGene00167596.,0,0,0
WBGene00167597.,0,0,0
WBGene00167598.,0,0,0
WBGene00167599.,0,0,0
WBGene00167600.,0,0,0
WBGene00167601.,0,0,0
WBGene00167602.,0,0,0
WBGene00167603.,0,0,0
WBGene00167604.,0,0,0
WBGene00167605.,0,0,0
WBGene00167606.,0,0,0
WBGene00167607.,0,0,0
WBGene00167608.,0,0,0
WBGene00167609.,0,0,0
WBGene00167610.,0,0,0
WBGene00167611.,0,0,0
WBGene00167612.,0,0,0
WBGene00167613.,0,0,0
WBGene00167614.,0,0,0
WBGene00167615.,0,0,0
WBGene00167616.,0,0,0
WBGene00167617.,0,0,0
WBGene00167618.,0,0,0
WBGene00167619.,0,0,0
WBGene00167620.,0,0,0
WBGene00167621.,0,0,0
WBGene00167622.,0,0,0
WBGene00167623.,0,0,0
WBGene00167624.,0,0,0
WBGene00167625.,0,0,0
WBGene00167626.,0,0,0
WBGene00167627.,0,0,0
WBGene00167628.,0,0,0
WBGene00167629.,0,0,0
WBGene00167630.,0,0,0
WBGene00167631.,0,0,0
WBGene00167632.,0,0,0
WBGene00167633.,0,0,0
WBGene00167634.,0,0,0
WBGene00167635.,0,0,0
WBGene00167636.,0,0,0
WBGene00167637.,0,0,0
WBGene00167638.,0,0,0
WBGene00167639.,0,0,0
WBGene00167640.,0,0,0
WBGene00167641.,0,0,0
WBGene00167642.,0,0,0
WBGene00167643.,0,0,0
WBGene00167644.,0,0,0
WBGene00167645.,0,0,0
WBGene00167646.,0,0,0
WBGene00167647.,0,0,0
WBGene00167648.,0,0,0
WBGene00167649.,0,0,0
WBGene00167650.,0,0,0
WBGene00167651.,0,0,0
WBGene00167652.,0,0,0
WBGene00167653.,0,0,0
WBGene00167654.,0,0,0
WBGene00167655.,0,0,0
WBGene00167656.,0,0,0
WBGene00167657.,0,0,0
WBGene00167658.,0,0,0
WBGene00167659.,0,0,0
WBGene00167660.,0,0,0
WBGene00167661.,0,0,0
WBGene00167662.,0,0,0
WBGene00167663.,0,0,0
WBGene00167664.,0,0,0
WBGene00167665.,0,0,0
WBGene00167666.,0,0,0
WBGene00167667.,0,0,0
WBGene00167668.,0,0,0
WBGene00167669.,0,0,0
WBGene00167670.,0,0,0
WBGene00167671.,0,0,0
WBGene00167672.,0,0,0
WBGene00167673.,0,0,0
WBGene00167674.,0,0,0
WBGene00167675.,0,0,0
WBGene00167676.,0,0,0
WBGene00167677.,0,0,0
WBGene00167678.,0,0,0
WBGene00167679.,0,0,0
WBGene00167680.,0,0,0
WBGene00167681.,0,0,0
WBGene00167682.,0,0,0
WBGene00167683.,0,0,0
WBGene00167684.,0,0,0
WBGene00167685.,0,0,0
WBGene00167686.,0,0,0
WBGene00167687.,0,0,0
WBGene00167688.,0,0,0
WBGene00167689.,0,0,0
WBGene00167690.,0,0,0
WBGene00167691.,0,0,0
WBGene00167692.,0,0,0
WBGene00167693.,0,0,0
WBGene00167694.,0,0,0
WBGene00167695.,0,0,0
WBGene00167696.,0,0,0
WBGene00167697.,0,0,0
WBGene00167698.,0,0,0
WBGene00167699.,0,0,0
WBGene00167700.,0,0,0
WBGene00167701.,0,0,0
WBGene00167702.,0,0,0
WBGene00167703.,0,0,0
WBGene00167704.,0,0,0
WBGene00167705.,0,0,0
WBGene00167706.,0,0,0
WBGene00167707.,0,0,0
WBGene00167708.,0,0,0
WBGene00167709.,0,0,0
WBGene00167710.,0,0,0
WBGene00167711.,0,0,0
WBGene00167712.,0,0,0
WBGene00167713.,0,0,0
WBGene00167714.,0,0,0
WBGene00167715.,0,0,0
WBGene00167716.,0,0,0
WBGene00167717.,0,0,0
WBGene00167718.,0,0,0
WBGene00167719.,0,0,0
WBGene00167720.,0,0,0
WBGene00167721.,0,0,0
WBGene00167722.,0,0,0
WBGene00167723.,0,0,0
WBGene00167724.,0,0,0
WBGene00167725.,0,0,0
WBGene00167726.,0,0,0
WBGene00167727.,0,0,0
WBGene00167728.,0,0,0
WBGene00167729.,0,0,0
WBGene00167730.,0,0,0
WBGene00167731.,0,0,0
WBGene00167732.,0,0,0
WBGene00167733.,0,0,0
WBGene00167734.,0,0,0
WBGene00167735.,0,0,0
WBGene00167736.,0,0,0
WBGene00167737.,0,0,0
WBGene00167738.,0,0,0
WBGene00167739.,0,0,0
WBGene00167740.,0,0,0
WBGene00167741.,0,0,0
WBGene00167742.,0,0,0
WBGene00167743.,0,0,0
WBGene00167744.,0,0,0
WBGene00167745.,0,0,0
WBGene00167746.,0,0,0
WBGene00167747.,0,0,0
WBGene00167748.,0,0,0
WBGene00167749.,0,0,0
WBGene00167750.,0,0,0
WBGene00167751.,0,0,0
WBGene00167752.,0,0,0
WBGene00167753.,0,0,0
WBGene00167754.,0,0,0
WBGene00167755.,0,0,0
WBGene00167756.,0,0,0
WBGene00167757.,0,0,0
WBGene00167758.,0,0,0
WBGene00167759.,0,0,0
WBGene00167760.,0,0,0
WBGene00167761.,0,0,0
WBGene00167762.,0,0,0
WBGene00167763.,0,0,0
WBGene00167764.,0,0,0
WBGene00167765.,0,0,0
WBGene00167766.,0,0,0
WBGene00167767.,0,0,0
WBGene00167768.,0,0,0
WBGene00167769.,0,0,0
WBGene00167770.,0,0,0
WBGene00167771.,0,0,0
WBGene00167772.,0,0,0
WBGene00167773.,0,0,0
WBGene00167774.,0,0,0
WBGene00167775.,0,0,0
WBGene00167776.,0,0,0
WBGene00167777.,0,0,0
WBGene00167778.,0,0,0
WBGene00167779.,0,0,0
WBGene00167780.,0,0,0
WBGene00167781.,0,0,0
WBGene00167782.,0,0,0
WBGene00167783.,0,0,0
WBGene00167784.,0,0,0
WBGene00167785.,0,0,0
WBGene00167786.,0,0,0
WBGene00167787.,0,0,0
WBGene00167788.,0,0,0
WBGene00167789.,0,0,0
WBGene00167790.,0,0,0
WBGene00167791.,0,0,0
WBGene00167792.,0,0,0
WBGene00167793.,0,0,0
WBGene00167794.,0,0,0
WBGene00167795.,0,0,0
WBGene00167796.,0,0,0
WBGene00167797.,0,0,0
WBGene00167799.,0,0,0
WBGene00167800.,0,0,0
WBGene00167801.,0,0,0
WBGene00167802.,0,0,0
WBGene00167803.,0,0,0
WBGene00167804.,0,0,0
WBGene00167805.,0,0,0
WBGene00167806.,0,0,0
WBGene00167807.,0,0,0
WBGene00167808.,0,0,0
WBGene00167809.,0,0,0
WBGene00167810.,0,0,0
WBGene00167811.,0,0,0
WBGene00167812.,0,0,0
WBGene00167813.,0,0,0
WBGene00167814.,0,0,0
WBGene00167815.,0,0,0
WBGene00167816.,0,0,0
WBGene00167817.,0,0,0
WBGene00167818.,0,0,0
WBGene00167819.,0,0,0
WBGene00167820.,0,0,0
WBGene00167821.,0,0,0
WBGene00167822.,0,0,0
WBGene00167823.,0,0,0
WBGene00167824.,0,0,0
WBGene00167825.,0,0,0
WBGene00167826.,0,0,0
WBGene00167827.,0,0,0
WBGene00167828.,0,0,0
WBGene00167829.,0,0,0
WBGene00167830.,0,0,0
WBGene00167831.,0,0,0
WBGene00167832.,0,0,0
WBGene00167833.,0,0,0
WBGene00167834.,0,0,0
WBGene00167835.,0,0,0
WBGene00167836.,0,0,0
WBGene00167837.,0,0,0
WBGene00167838.,0,0,0
WBGene00167839.,0,0,0
WBGene00167840.,0,0,0
WBGene00167841.,0,0,0
WBGene00167842.,0,0,0
WBGene00167843.,0,0,0
WBGene00167845.,0,0,0
WBGene00167846.,0,0,0
WBGene00167847.,0,0,0
WBGene00167848.,0,0,0
WBGene00167849.,0,0,0
WBGene00167850.,0,0,0
WBGene00167851.,0,0,0
WBGene00167852.,0,0,0
WBGene00167853.,0,0,0
WBGene00167854.,0,0,0
WBGene00167855.,0,0,0
WBGene00167856.,0,0,0
WBGene00167857.,0,0,0
WBGene00167858.,0,0,0
WBGene00167859.,0,0,0
WBGene00167860.,0,0,0
WBGene00167861.,0,0,0
WBGene00167862.,0,0,0
WBGene00167863.,0,0,0
WBGene00167864.,0,0,0
WBGene00167865.,0,0,0
WBGene00167866.,0,0,0
WBGene00167867.,0,0,0
WBGene00167868.,0,0,0
WBGene00167869.,0,0,0
WBGene00167870.,0,0,0
WBGene00167871.,0,0,0
WBGene00167872.,0,0,0
WBGene00167873.,0,0,0
WBGene00167874.,0,0,0
WBGene00167875.,0,0,0
WBGene00167876.,0,0,0
WBGene00167877.,0,0,0
WBGene00167878.,0,0,0
WBGene00167879.,0,0,0
WBGene00167880.,0,0,0
WBGene00167881.,0,0,0
WBGene00167882.,0,0,0
WBGene00167883.,0,0,0
WBGene00167884.,0,0,0
WBGene00167885.,0,0,0
WBGene00167886.,0,0,0
WBGene00167887.,0,0,0
WBGene00167888.,0,0,0
WBGene00167889.,0,0,0
WBGene00167890.,0,0,0
WBGene00167891.,0,0,0
WBGene00167892.,0,0,0
WBGene00167893.,0,0,0
WBGene00167894.,0,0,0
WBGene00167895.,0,0,0
WBGene00167896.,0,0,0
WBGene00167897.,0,0,0
WBGene00167898.,0,0,0
WBGene00167899.,0,0,0
WBGene00167900.,0,0,0
WBGene00167901.,0,0,0
WBGene00167902.,0,0,0
WBGene00167903.,0,0,0
WBGene00167904.,0,0,0
WBGene00167905.,0,0,0
WBGene00167906.,0,0,0
WBGene00167907.,0,0,0
WBGene00167908.,0,0,0
WBGene00167909.,0,0,0
WBGene00167910.,0,0,0
WBGene00167911.,0,0,0
WBGene00167912.,0,0,0
WBGene00167913.,0,0,0
WBGene00167914.,0,0,0
WBGene00167915.,0,0,0
WBGene00167916.,0,0,0
WBGene00167917.,0,0,0
WBGene00167918.,0,0,0
WBGene00167919.,0,0,0
WBGene00167920.,0,0,0
WBGene00167921.,0,0,0
WBGene00167922.,0,0,0
WBGene00167923.,0,0,0
WBGene00167924.,0,0,0
WBGene00167925.,0,0,0
WBGene00167926.,0,0,0
WBGene00167927.,0,0,0
WBGene00167928.,0,0,0
WBGene00167929.,0,0,0
WBGene00167930.,0,0,0
WBGene00167931.,0,0,0
WBGene00167932.,0,0,0
WBGene00167933.,0,0,0
WBGene00167934.,0,0,0
WBGene00167935.,0,0,0
WBGene00167936.,0,0,0
WBGene00167937.,0,0,0
WBGene00167938.,0,0,0
WBGene00167939.,0,0,0
WBGene00167940.,0,0,0
WBGene00167941.,0,0,0
WBGene00167942.,0,0,0
WBGene00167943.,0,0,0
WBGene00167944.,0,0,0
WBGene00167945.,0,0,0
WBGene00167946.,0,0,0
WBGene00167947.,0,0,0
WBGene00167948.,0,0,0
WBGene00167949.,0,0,0
WBGene00167950.,0,0,0
WBGene00167951.,0,0,0
WBGene00167952.,0,0,0
WBGene00167953.,0,0,0
WBGene00167954.,0,0,0
WBGene00167955.,0,0,0
WBGene00167956.,0,0,0
WBGene00167957.,0,0,0
WBGene00167958.,0,0,0
WBGene00167959.,0,0,0
WBGene00167960.,0,0,0
WBGene00167961.,0,0,0
WBGene00167962.,0,0,0
WBGene00167963.,0,0,0
WBGene00167964.,0,0,0
WBGene00167965.,0,0,0
WBGene00167966.,0,0,0
WBGene00167967.,0,0,0
WBGene00167968.,0,0,0
WBGene00167969.,0,0,0
WBGene00167970.,0,0,0
WBGene00167971.,0,0,0
WBGene00167972.,0,0,0
WBGene00167973.,0,0,0
WBGene00167974.,0,0,0
WBGene00167975.,0,0,0
WBGene00167976.,0,0,0
WBGene00167977.,0,0,0
WBGene00167978.,0,0,0
WBGene00167979.,0,0,0
WBGene00167980.,0,0,0
WBGene00167981.,0,0,0
WBGene00167982.,0,0,0
WBGene00167983.,0,0,0
WBGene00167984.,0,0,0
WBGene00167985.,0,0,0
WBGene00167986.,0,0,0
WBGene00167987.,0,0,0
WBGene00167988.,0,0,0
WBGene00167989.,0,0,0
WBGene00167990.,0,0,0
WBGene00167991.,0,0,0
WBGene00167992.,0,0,0
WBGene00167993.,0,0,0
WBGene00167994.,0,0,0
WBGene00167995.,0,0,0
WBGene00167996.,0,0,0
WBGene00167997.,0,0,0
WBGene00167998.,0,0,0
WBGene00167999.,0,0,0
WBGene00168000.,0,0,0
WBGene00168001.,0,0,0
WBGene00168002.,0,0,0
WBGene00168003.,0,0,0
WBGene00168004.,0,0,0
WBGene00168005.,0,0,0
WBGene00168006.,0,0,0
WBGene00168007.,0,0,0
WBGene00168008.,0,0,0
WBGene00168009.,0,0,0
WBGene00168010.,0,0,0
WBGene00168011.,0,0,0
WBGene00168012.,0,0,0
WBGene00168013.,0,0,0
WBGene00168014.,0,0,0
WBGene00168015.,0,0,0
WBGene00168016.,0,0,0
WBGene00168017.,0,0,0
WBGene00168018.,0,0,0
WBGene00168019.,0,0,0
WBGene00168020.,0,0,0
WBGene00168021.,0,0,0
WBGene00168022.,0,0,0
WBGene00168023.,0,0,0
WBGene00168024.,0,0,0
WBGene00168025.,0,0,0
WBGene00168026.,0,0,0
WBGene00168027.,0,0,0
WBGene00168028.,0,0,0
WBGene00168029.,0,0,0
WBGene00168030.,0,0,0
WBGene00168031.,0,0,0
WBGene00168032.,0,0,0
WBGene00168033.,0,0,0
WBGene00168034.,0,0,0
WBGene00168035.,0,0,0
WBGene00168036.,0,0,0
WBGene00168037.,0,0,0
WBGene00168038.,0,0,0
WBGene00168039.,0,0,0
WBGene00168040.,0,0,0
WBGene00168041.,0,0,0
WBGene00168042.,0,0,0
WBGene00168043.,0,0,0
WBGene00168044.,0,0,0
WBGene00168045.,0,0,0
WBGene00168046.,0,0,0
WBGene00168047.,0,0,0
WBGene00168048.,0,0,0
WBGene00168049.,0,0,0
WBGene00168050.,0,0,0
WBGene00168051.,0,0,0
WBGene00168052.,0,0,0
WBGene00168053.,0,0,0
WBGene00168054.,0,0,0
WBGene00168055.,0,0,0
WBGene00168056.,0,0,0
WBGene00168057.,0,0,0
WBGene00168058.,0,0,0
WBGene00168059.,0,0,0
WBGene00168060.,0,0,0
WBGene00168061.,0,0,0
WBGene00168062.,0,0,0
WBGene00168063.,0,0,0
WBGene00168064.,0,0,0
WBGene00168065.,0,0,0
WBGene00168066.,0,0,0
WBGene00168067.,0,0,0
WBGene00168068.,0,0,0
WBGene00168069.,0,0,0
WBGene00168070.,0,0,0
WBGene00168071.,0,0,0
WBGene00168072.,0,0,0
WBGene00168073.,0,0,0
WBGene00168074.,0,0,0
WBGene00168075.,0,0,0
WBGene00168076.,0,0,0
WBGene00168077.,0,0,0
WBGene00168078.,0,0,0
WBGene00168079.,0,0,0
WBGene00168080.,0,0,0
WBGene00168081.,0,0,0
WBGene00168082.,0,0,0
WBGene00168083.,0,0,0
WBGene00168084.,0,0,0
WBGene00168085.,0,0,0
WBGene00168086.,0,0,0
WBGene00168087.,0,0,0
WBGene00168088.,0,0,0
WBGene00168089.,0,0,0
WBGene00168090.,0,0,0
WBGene00168091.,0,0,0
WBGene00168092.,0,0,0
WBGene00168093.,0,0,0
WBGene00168094.,0,0,0
WBGene00168095.,0,0,0
WBGene00168096.,0,0,0
WBGene00168097.,0,0,0
WBGene00168098.,0,0,0
WBGene00168099.,0,0,0
WBGene00168100.,0,0,0
WBGene00168101.,0,0,0
WBGene00168102.,0,0,0
WBGene00168103.,0,0,0
WBGene00168104.,0,0,0
WBGene00168105.,0,0,0
WBGene00168106.,0,0,0
WBGene00168107.,0,0,0
WBGene00168108.,0,0,0
WBGene00168109.,0,0,0
WBGene00168110.,0,0,0
WBGene00168111.,0,0,0
WBGene00168112.,0,0,0
WBGene00168113.,0,0,0
WBGene00168114.,0,0,0
WBGene00168115.,0,0,0
WBGene00168116.,0,0,0
WBGene00168117.,0,0,0
WBGene00168118.,0,0,0
WBGene00168119.,0,0,0
WBGene00168120.,0,0,0
WBGene00168121.,0,0,0
WBGene00168122.,0,0,0
WBGene00168123.,0,0,0
WBGene00168124.,0,0,0
WBGene00168125.,0,0,0
WBGene00168126.,0,0,0
WBGene00168127.,0,0,0
WBGene00168128.,0,0,0
WBGene00168129.,0,0,0
WBGene00168130.,0,0,0
WBGene00168131.,0,0,0
WBGene00168132.,0,0,0
WBGene00168133.,0,0,0
WBGene00168134.,0,0,0
WBGene00168135.,0,0,0
WBGene00168136.,0,0,0
WBGene00168137.,0,0,0
WBGene00168138.,0,0,0
WBGene00168139.,0,0,0
WBGene00168140.,0,0,0
WBGene00168141.,0,0,0
WBGene00168142.,0,0,0
WBGene00168143.,0,0,0
WBGene00168144.,0,0,0
WBGene00168145.,0,0,0
WBGene00168146.,0,0,0
WBGene00168147.,0,0,0
WBGene00168148.,0,0,0
WBGene00168149.,0,0,0
WBGene00168150.,0,0,0
WBGene00168151.,0,0,0
WBGene00168152.,0,0,0
WBGene00168153.,0,0,0
WBGene00168154.,0,0,0
WBGene00168155.,0,0,0
WBGene00168156.,0,0,0
WBGene00168157.,0,0,0
WBGene00168158.,0,0,0
WBGene00168159.,0,0,0
WBGene00168160.,0,0,0
WBGene00168161.,0,0,0
WBGene00168162.,0,0,0
WBGene00168163.,0,0,0
WBGene00168164.,0,0,0
WBGene00168165.,0,0,0
WBGene00168166.,0,0,0
WBGene00168167.,0,0,0
WBGene00168168.,0,0,0
WBGene00168169.,0,0,0
WBGene00168170.,0,0,0
WBGene00168171.,0,0,0
WBGene00168172.,0,0,0
WBGene00168173.,0,0,0
WBGene00168174.,0,0,0
WBGene00168175.,0,0,0
WBGene00168176.,0,0,0
WBGene00168177.,0,0,0
WBGene00168178.,0,0,0
WBGene00168179.,0,0,0
WBGene00168180.,0,0,0
WBGene00168181.,0,0,0
WBGene00168182.,0,0,0
WBGene00168183.,0,0,0
WBGene00168184.,0,0,0
WBGene00168185.,0,0,0
WBGene00168186.,0,0,0
WBGene00168187.,0,0,0
WBGene00168188.,0,0,0
WBGene00168189.,0,0,0
WBGene00168190.,0,0,0
WBGene00168191.,0,0,0
WBGene00168192.,0,0,0
WBGene00168193.,0,0,0
WBGene00168194.,0,0,0
WBGene00168195.,0,0,0
WBGene00168196.,0,0,0
WBGene00168197.,0,0,0
WBGene00168198.,0,0,0
WBGene00168199.,0,0,0
WBGene00168200.,0,0,0
WBGene00168201.,0,0,0
WBGene00168202.,0,0,0
WBGene00168203.,0,0,0
WBGene00168204.,0,0,0
WBGene00168205.,0,0,0
WBGene00168206.,0,0,0
WBGene00168207.,0,0,0
WBGene00168208.,0,0,0
WBGene00168209.,0,0,0
WBGene00168210.,0,0,0
WBGene00168211.,0,0,0
WBGene00168212.,0,0,0
WBGene00168213.,0,0,0
WBGene00168214.,0,0,0
WBGene00168215.,0,0,0
WBGene00168216.,0,0,0
WBGene00168217.,0,0,0
WBGene00168218.,0,0,0
WBGene00168219.,0,0,0
WBGene00168220.,0,0,0
WBGene00168221.,0,0,0
WBGene00168222.,0,0,0
WBGene00168223.,0,0,0
WBGene00168224.,0,0,0
WBGene00168225.,0,0,0
WBGene00168226.,0,0,0
WBGene00168227.,0,0,0
WBGene00168228.,0,0,0
WBGene00168229.,0,0,0
WBGene00168230.,0,0,0
WBGene00168231.,0,0,0
WBGene00168232.,0,0,0
WBGene00168233.,0,0,0
WBGene00168234.,0,0,0
WBGene00168235.,0,0,0
WBGene00168236.,0,0,0
WBGene00168237.,0,0,0
WBGene00168238.,0,0,0
WBGene00168239.,0,0,0
WBGene00168240.,0,0,0
WBGene00168241.,0,0,0
WBGene00168242.,0,0,0
WBGene00168243.,0,0,0
WBGene00168244.,0,0,0
WBGene00168245.,0,0,0
WBGene00168246.,0,0,0
WBGene00168247.,0,0,0
WBGene00168248.,0,0,0
WBGene00168249.,0,0,0
WBGene00168250.,0,0,0
WBGene00168251.,0,0,0
WBGene00168252.,0,0,0
WBGene00168253.,0,0,0
WBGene00168254.,0,0,0
WBGene00168255.,0,0,0
WBGene00168256.,0,0,0
WBGene00168257.,0,0,0
WBGene00168258.,0,0,0
WBGene00168259.,0,0,0
WBGene00168260.,0,0,0
WBGene00168261.,0,0,0
WBGene00168262.,0,0,0
WBGene00168263.,0,0,0
WBGene00168264.,0,0,0
WBGene00168265.,0,0,0
WBGene00168266.,0,0,0
WBGene00168267.,0,0,0
WBGene00168268.,0,0,0
WBGene00168269.,0,0,0
WBGene00168270.,0,0,0
WBGene00168271.,0,0,0
WBGene00168272.,0,0,0
WBGene00168273.,0,0,0
WBGene00168274.,0,0,0
WBGene00168275.,0,0,0
WBGene00168276.,0,0,0
WBGene00168277.,0,0,0
WBGene00168278.,0,0,0
WBGene00168279.,0,0,0
WBGene00168280.,0,0,0
WBGene00168281.,0,0,0
WBGene00168282.,0,0,0
WBGene00168283.,0,0,0
WBGene00168284.,0,0,0
WBGene00168285.,0,0,0
WBGene00168286.,0,0,0
WBGene00168287.,0,0,0
WBGene00168288.,0,0,0
WBGene00168289.,0,0,0
WBGene00168290.,0,0,0
WBGene00168291.,0,0,0
WBGene00168292.,0,0,0
WBGene00168293.,0,0,0
WBGene00168294.,0,0,0
WBGene00168295.,0,0,0
WBGene00168296.,0,0,0
WBGene00168297.,0,0,0
WBGene00168298.,0,0,0
WBGene00168299.,0,0,0
WBGene00168300.,0,0,0
WBGene00168301.,0,0,0
WBGene00168302.,0,0,0
WBGene00168303.,0,0,0
WBGene00168304.,0,0,0
WBGene00168305.,0,0,0
WBGene00168306.,0,0,0
WBGene00168307.,0,0,0
WBGene00168308.,0,0,0
WBGene00168309.,0,0,0
WBGene00168310.,0,0,0
WBGene00168311.,0,0,0
WBGene00168312.,0,0,0
WBGene00168313.,0,0,0
WBGene00168314.,0,0,0
WBGene00168315.,0,0,0
WBGene00168316.,0,0,0
WBGene00168317.,0,0,0
WBGene00168318.,0,0,0
WBGene00168319.,0,0,0
WBGene00168320.,0,0,0
WBGene00168321.,0,0,0
WBGene00168322.,0,0,0
WBGene00168323.,0,0,0
WBGene00168324.,0,0,0
WBGene00168325.,0,0,0
WBGene00168326.,0,0,0
WBGene00168327.,0,0,0
WBGene00168328.,0,0,0
WBGene00168329.,0,0,0
WBGene00168330.,0,0,0
WBGene00168331.,0,0,0
WBGene00168332.,0,0,0
WBGene00168333.,0,0,0
WBGene00168334.,0,0,0
WBGene00168335.,0,0,0
WBGene00168336.,0,0,0
WBGene00168337.,0,0,0
WBGene00168338.,0,0,0
WBGene00168339.,0,0,0
WBGene00168340.,0,0,0
WBGene00168341.,0,0,0
WBGene00168342.,0,0,0
WBGene00168343.,0,0,0
WBGene00168344.,0,0,0
WBGene00168345.,0,0,0
WBGene00168346.,0,0,0
WBGene00168347.,0,0,0
WBGene00168348.,0,0,0
WBGene00168349.,0,0,0
WBGene00168350.,0,0,0
WBGene00168351.,0,0,0
WBGene00168352.,0,0,0
WBGene00168353.,0,0,0
WBGene00168354.,0,0,0
WBGene00168355.,0,0,0
WBGene00168356.,0,0,0
WBGene00168357.,0,0,0
WBGene00168358.,0,0,0
WBGene00168359.,0,0,0
WBGene00168360.,0,0,0
WBGene00168361.,0,0,0
WBGene00168362.,0,0,0
WBGene00168363.,0,0,0
WBGene00168364.,0,0,0
WBGene00168365.,0,0,0
WBGene00168366.,0,0,0
WBGene00168367.,0,0,0
WBGene00168368.,0,0,0
WBGene00168369.,0,0,0
WBGene00168370.,0,0,0
WBGene00168371.,0,0,0
WBGene00168372.,0,0,0
WBGene00168373.,0,0,0
WBGene00168374.,0,0,0
WBGene00168375.,0,0,0
WBGene00168376.,0,0,0
WBGene00168377.,0,0,0
WBGene00168378.,0,0,0
WBGene00168379.,0,0,0
WBGene00168380.,0,0,0
WBGene00168381.,0,0,0
WBGene00168382.,0,0,0
WBGene00168383.,0,0,0
WBGene00168384.,0,0,0
WBGene00168385.,0,0,0
WBGene00168386.,0,0,0
WBGene00168387.,0,0,0
WBGene00168388.,0,0,0
WBGene00168389.,0,0,0
WBGene00168390.,0,0,0
WBGene00168391.,0,0,0
WBGene00168392.,0,0,0
WBGene00168393.,0,0,0
WBGene00168394.,0,0,0
WBGene00168395.,0,0,0
WBGene00168396.,0,0,0
WBGene00168397.,0,0,0
WBGene00168398.,0,0,0
WBGene00168399.,0,0,0
WBGene00168400.,0,0,0
WBGene00168401.,0,0,0
WBGene00168402.,0,0,0
WBGene00168403.,0,0,0
WBGene00168404.,0,0,0
WBGene00168405.,0,0,0
WBGene00168406.,0,0,0
WBGene00168407.,0,0,0
WBGene00168408.,0,0,0
WBGene00168409.,0,0,0
WBGene00168410.,0,0,0
WBGene00168411.,0,0,0
WBGene00168412.,0,0,0
WBGene00168413.,0,0,0
WBGene00168414.,0,0,0
WBGene00168415.,0,0,0
WBGene00168416.,0,0,0
WBGene00168417.,0,0,0
WBGene00168418.,0,0,0
WBGene00168419.,0,0,0
WBGene00168420.,0,0,0
WBGene00168421.,0,0,0
WBGene00168422.,0,0,0
WBGene00168423.,0,0,0
WBGene00168424.,0,0,0
WBGene00168425.,0,0,0
WBGene00168426.,0,0,0
WBGene00168427.,0,0,0
WBGene00168428.,0,0,0
WBGene00168429.,0,0,0
WBGene00168430.,0,0,0
WBGene00168431.,0,0,0
WBGene00168432.,0,0,0
WBGene00168433.,0,0,0
WBGene00168434.,0,0,0
WBGene00168435.,0,0,0
WBGene00168436.,0,0,0
WBGene00168437.,0,0,0
WBGene00168438.,0,0,0
WBGene00168439.,0,0,0
WBGene00168440.,0,0,0
WBGene00168441.,0,0,0
WBGene00168442.,0,0,0
WBGene00168443.,0,0,0
WBGene00168444.,0,0,0
WBGene00168445.,0,0,0
WBGene00168446.,0,0,0
WBGene00168447.,0,0,0
WBGene00168448.,0,0,0
WBGene00168449.,0,0,0
WBGene00168450.,0,0,0
WBGene00168451.,0,0,0
WBGene00168452.,0,0,0
WBGene00168453.,0,0,0
WBGene00168454.,0,0,0
WBGene00168455.,0,0,0
WBGene00168456.,0,0,0
WBGene00168457.,0,0,0
WBGene00168458.,0,0,0
WBGene00168459.,0,0,0
WBGene00168460.,0,0,0
WBGene00168461.,0,0,0
WBGene00168462.,0,0,0
WBGene00168463.,0,0,0
WBGene00168464.,0,0,0
WBGene00168465.,0,0,0
WBGene00168466.,0,0,0
WBGene00168467.,0,0,0
WBGene00168468.,0,0,0
WBGene00168469.,0,0,0
WBGene00168470.,0,0,0
WBGene00168472.,0,0,0
WBGene00168473.,0,0,0
WBGene00168474.,0,0,0
WBGene00168475.,0,0,0
WBGene00168476.,0,0,0
WBGene00168477.,0,0,0
WBGene00168478.,0,0,0
WBGene00168479.,0,0,0
WBGene00168480.,0,0,0
WBGene00168481.,0,0,0
WBGene00168482.,0,0,0
WBGene00168483.,0,0,0
WBGene00168484.,0,0,0
WBGene00168485.,0,0,0
WBGene00168486.,0,0,0
WBGene00168487.,0,0,0
WBGene00168488.,0,0,0
WBGene00168489.,0,0,0
WBGene00168490.,0,0,0
WBGene00168491.,0,0,0
WBGene00168492.,0,0,0
WBGene00168493.,0,0,0
WBGene00168494.,0,0,0
WBGene00168495.,0,0,0
WBGene00168496.,0,0,0
WBGene00168497.,0,0,0
WBGene00168498.,0,0,0
WBGene00168499.,0,0,0
WBGene00168500.,0,0,0
WBGene00168501.,0,0,0
WBGene00168502.,0,0,0
WBGene00168503.,0,0,0
WBGene00168504.,0,0,0
WBGene00168505.,0,0,0
WBGene00168506.,0,0,0
WBGene00168507.,0,0,0
WBGene00168508.,0,0,0
WBGene00168509.,0,0,0
WBGene00168510.,0,0,0
WBGene00168511.,0,0,0
WBGene00168512.,0,0,0
WBGene00168513.,0,0,0
WBGene00168514.,0,0,0
WBGene00168515.,0,0,0
WBGene00168516.,0,0,0
WBGene00168517.,0,0,0
WBGene00168518.,0,0,0
WBGene00168519.,0,0,0
WBGene00168520.,0,0,0
WBGene00168521.,0,0,0
WBGene00168522.,0,0,0
WBGene00168523.,0,0,0
WBGene00168524.,0,0,0
WBGene00168525.,0,0,0
WBGene00168526.,0,0,0
WBGene00168527.,0,0,0
WBGene00168528.,0,0,0
WBGene00168529.,0,0,0
WBGene00168530.,0,0,0
WBGene00168531.,0,0,0
WBGene00168532.,0,0,0
WBGene00168533.,0,0,0
WBGene00168534.,0,0,0
WBGene00168535.,0,0,0
WBGene00168536.,0,0,0
WBGene00168537.,0,0,0
WBGene00168538.,0,0,0
WBGene00168539.,0,0,0
WBGene00168540.,0,0,0
WBGene00168541.,0,0,0
WBGene00168542.,0,0,0
WBGene00168543.,0,0,0
WBGene00168544.,0,0,0
WBGene00168545.,0,0,0
WBGene00168546.,0,0,0
WBGene00168547.,0,0,0
WBGene00168548.,0,0,0
WBGene00168549.,0,0,0
WBGene00168550.,0,0,0
WBGene00168551.,0,0,0
WBGene00168552.,0,0,0
WBGene00168553.,0,0,0
WBGene00168554.,0,0,0
WBGene00168555.,0,0,0
WBGene00168556.,0,0,0
WBGene00168557.,0,0,0
WBGene00168558.,0,0,0
WBGene00168559.,0,0,0
WBGene00168560.,0,0,0
WBGene00168561.,0,0,0
WBGene00168562.,0,0,0
WBGene00168563.,0,0,0
WBGene00168564.,0,0,0
WBGene00168565.,0,0,0
WBGene00168566.,0,0,0
WBGene00168567.,0,0,0
WBGene00168568.,0,0,0
WBGene00168569.,0,0,0
WBGene00168570.,0,0,0
WBGene00168571.,0,0,0
WBGene00168572.,0,0,0
WBGene00168573.,0,0,0
WBGene00168574.,0,0,0
WBGene00168575.,0,0,0
WBGene00168576.,0,0,0
WBGene00168577.,0,0,0
WBGene00168578.,0,0,0
WBGene00168579.,0,0,0
WBGene00168580.,0,0,0
WBGene00168581.,0,0,0
WBGene00168582.,0,0,0
WBGene00168583.,0,0,0
WBGene00168584.,0,0,0
WBGene00168585.,0,0,0
WBGene00168586.,0,0,0
WBGene00168587.,0,0,0
WBGene00168588.,0,0,0
WBGene00168589.,0,0,0
WBGene00168590.,0,0,0
WBGene00168591.,0,0,0
WBGene00168592.,0,0,0
WBGene00168593.,0,0,0
WBGene00168594.,0,0,0
WBGene00168595.,0,0,0
WBGene00168596.,0,0,0
WBGene00168597.,0,0,0
WBGene00168598.,0,0,0
WBGene00168599.,0,0,0
WBGene00168600.,0,0,0
WBGene00168601.,0,0,0
WBGene00168602.,0,0,0
WBGene00168603.,0,0,0
WBGene00168604.,0,0,0
WBGene00168605.,0,0,0
WBGene00168606.,0,0,0
WBGene00168607.,0,0,0
WBGene00168608.,0,0,0
WBGene00168609.,0,0,0
WBGene00168610.,0,0,0
WBGene00168611.,0,0,0
WBGene00168612.,0,0,0
WBGene00168613.,0,0,0
WBGene00168614.,0,0,0
WBGene00168615.,0,0,0
WBGene00168616.,0,0,0
WBGene00168617.,0,0,0
WBGene00168618.,0,0,0
WBGene00168619.,0,0,0
WBGene00168620.,0,0,0
WBGene00168621.,0,0,0
WBGene00168622.,0,0,0
WBGene00168623.,0,0,0
WBGene00168624.,0,0,0
WBGene00168625.,0,0,0
WBGene00168626.,0,0,0
WBGene00168627.,0,0,0
WBGene00168628.,0,0,0
WBGene00168629.,0,0,0
WBGene00168630.,0,0,0
WBGene00168631.,0,0,0
WBGene00168632.,0,0,0
WBGene00168633.,0,0,0
WBGene00168634.,0,0,0
WBGene00168635.,0,0,0
WBGene00168636.,0,0,0
WBGene00168637.,0,0,0
WBGene00168638.,0,0,0
WBGene00168639.,0,0,0
WBGene00168640.,0,0,0
WBGene00168641.,0,0,0
WBGene00168642.,0,0,0
WBGene00168643.,0,0,0
WBGene00168644.,0,0,0
WBGene00168645.,0,0,0
WBGene00168646.,0,0,0
WBGene00168647.,0,0,0
WBGene00168648.,0,0,0
WBGene00168649.,0,0,0
WBGene00168650.,0,0,0
WBGene00168651.,0,0,0
WBGene00168652.,0,0,0
WBGene00168653.,0,0,0
WBGene00168654.,0,0,0
WBGene00168655.,0,0,0
WBGene00168656.,0,0,0
WBGene00168657.,0,0,0
WBGene00168658.,0,0,0
WBGene00168659.,0,0,0
WBGene00168660.,0,0,0
WBGene00168661.,0,0,0
WBGene00168662.,0,0,0
WBGene00168663.,0,0,0
WBGene00168664.,0,0,0
WBGene00168665.,0,0,0
WBGene00168666.,0,0,0
WBGene00168667.,0,0,0
WBGene00168668.,0,0,0
WBGene00168669.,0,0,0
WBGene00168670.,0,0,0
WBGene00168671.,0,0,0
WBGene00168672.,0,0,0
WBGene00168673.,0,0,0
WBGene00168674.,0,0,0
WBGene00168675.,0,0,0
WBGene00168676.,0,0,0
WBGene00168677.,0,0,0
WBGene00168678.,0,0,0
WBGene00168679.,0,0,0
WBGene00168680.,0,0,0
WBGene00168681.,0,0,0
WBGene00168682.,0,0,0
WBGene00168683.,0,0,0
WBGene00168684.,0,0,0
WBGene00168685.,0,0,0
WBGene00168686.,0,0,0
WBGene00168687.,0,0,0
WBGene00168688.,0,0,0
WBGene00168689.,0,0,0
WBGene00168690.,0,0,0
WBGene00168691.,0,0,0
WBGene00168692.,0,0,0
WBGene00168693.,0,0,0
WBGene00168694.,0,0,0
WBGene00168695.,0,0,0
WBGene00168696.,0,0,0
WBGene00168697.,0,0,0
WBGene00168698.,0,0,0
WBGene00168699.,0,0,0
WBGene00168700.,0,0,0
WBGene00168701.,0,0,0
WBGene00168702.,0,0,0
WBGene00168703.,0,0,0
WBGene00168704.,0,0,0
WBGene00168705.,0,0,0
WBGene00168706.,0,0,0
WBGene00168707.,0,0,0
WBGene00168708.,0,0,0
WBGene00168709.,0,0,0
WBGene00168710.,0,0,0
WBGene00168711.,0,0,0
WBGene00168712.,0,0,0
WBGene00168713.,0,0,0
WBGene00168714.,0,0,0
WBGene00168715.,0,0,0
WBGene00168716.,0,0,0
WBGene00168717.,0,0,0
WBGene00168718.,0,0,0
WBGene00168719.,0,0,0
WBGene00168720.,0,0,0
WBGene00168721.,0,0,0
WBGene00168722.,0,0,0
WBGene00168723.,0,0,0
WBGene00168724.,0,0,0
WBGene00168725.,0,0,0
WBGene00168726.,0,0,0
WBGene00168727.,0,0,0
WBGene00168728.,0,0,0
WBGene00168729.,0,0,0
WBGene00168730.,0,0,0
WBGene00168731.,0,0,0
WBGene00168732.,0,0,0
WBGene00168733.,0,0,0
WBGene00168734.,0,0,0
WBGene00168735.,0,0,0
WBGene00168736.,0,0,0
WBGene00168737.,0,0,0
WBGene00168738.,0,0,0
WBGene00168739.,0,0,0
WBGene00168740.,0,0,0
WBGene00168741.,0,0,0
WBGene00168742.,0,0,0
WBGene00168743.,0,0,0
WBGene00168744.,0,0,0
WBGene00168745.,0,0,0
WBGene00168746.,0,0,0
WBGene00168747.,0,0,0
WBGene00168748.,0,0,0
WBGene00168749.,0,0,0
WBGene00168750.,0,0,0
WBGene00168751.,0,0,0
WBGene00168752.,0,0,0
WBGene00168753.,0,0,0
WBGene00168754.,0,0,0
WBGene00168755.,0,0,0
WBGene00168756.,0,0,0
WBGene00168757.,0,0,0
WBGene00168758.,0,0,0
WBGene00168759.,0,0,0
WBGene00168760.,0,0,0
WBGene00168761.,0,0,0
WBGene00168762.,0,0,0
WBGene00168763.,0,0,0
WBGene00168764.,0,0,0
WBGene00168765.,0,0,0
WBGene00168766.,0,0,0
WBGene00168767.,0,0,0
WBGene00168768.,0,0,0
WBGene00168769.,0,0,0
WBGene00168770.,0,0,0
WBGene00168771.,0,0,0
WBGene00168772.,0,0,0
WBGene00168773.,0,0,0
WBGene00168774.,0,0,0
WBGene00168775.,0,0,0
WBGene00168776.,0,0,0
WBGene00168777.,0,0,0
WBGene00168778.,0,0,0
WBGene00168779.,0,0,0
WBGene00168780.,0,0,0
WBGene00168781.,0,0,0
WBGene00168782.,0,0,0
WBGene00168783.,0,0,0
WBGene00168784.,0,0,0
WBGene00168785.,0,0,0
WBGene00168786.,0,0,0
WBGene00168787.,0,0,0
WBGene00168788.,0,0,0
WBGene00168789.,0,0,0
WBGene00168790.,0,0,0
WBGene00168791.,0,0,0
WBGene00168792.,0,0,0
WBGene00168793.,0,0,0
WBGene00168794.,0,0,0
WBGene00168795.,0,0,0
WBGene00168796.,0,0,0
WBGene00168797.,0,0,0
WBGene00168798.,0,0,0
WBGene00168799.,0,0,0
WBGene00168800.,0,0,0
WBGene00168801.,0,0,0
WBGene00168802.,0,0,0
WBGene00168803.,0,0,0
WBGene00168804.,0,0,0
WBGene00168805.,0,0,0
WBGene00168806.,0,0,0
WBGene00168807.,0,0,0
WBGene00168808.,0,0,0
WBGene00168809.,0,0,0
WBGene00168810.,0,0,0
WBGene00168811.,0,0,0
WBGene00168812.,0,0,0
WBGene00168813.,0,0,0
WBGene00168814.,0,0,0
WBGene00168815.,0,0,0
WBGene00168816.,0,0,0
WBGene00168817.,0,0,0
WBGene00168818.,0,0,0
WBGene00168819.,0,0,0
WBGene00168820.,0,0,0
WBGene00168821.,0,0,0
WBGene00168822.,0,0,0
WBGene00168823.,0,0,0
WBGene00168824.,0,0,0
WBGene00168825.,0,0,0
WBGene00168826.,0,0,0
WBGene00168827.,0,0,0
WBGene00168828.,0,0,0
WBGene00168829.,0,0,0
WBGene00168830.,0,0,0
WBGene00168831.,0,0,0
WBGene00168832.,0,0,0
WBGene00168833.,0,0,0
WBGene00168834.,0,0,0
WBGene00168835.,0,0,0
WBGene00168836.,0,0,0
WBGene00168837.,0,0,0
WBGene00168838.,0,0,0
WBGene00168839.,0,0,0
WBGene00168840.,0,0,0
WBGene00168841.,0,0,0
WBGene00168842.,0,0,0
WBGene00168843.,0,0,0
WBGene00168844.,0,0,0
WBGene00168845.,0,0,0
WBGene00168846.,0,0,0
WBGene00168847.,0,0,0
WBGene00168848.,0,0,0
WBGene00168849.,0,0,0
WBGene00168850.,0,0,0
WBGene00168851.,0,0,0
WBGene00168852.,0,0,0
WBGene00168853.,0,0,0
WBGene00168854.,0,0,0
WBGene00168855.,0,0,0
WBGene00168856.,0,0,0
WBGene00168857.,0,0,0
WBGene00168858.,0,0,0
WBGene00168859.,0,0,0
WBGene00168860.,0,0,0
WBGene00168861.,0,0,0
WBGene00168862.,0,0,0
WBGene00168863.,0,0,0
WBGene00168864.,0,0,0
WBGene00168865.,0,0,0
WBGene00168866.,0,0,0
WBGene00168867.,0,0,0
WBGene00168868.,0,0,0
WBGene00168869.,0,0,0
WBGene00168870.,0,0,0
WBGene00168871.,0,0,0
WBGene00168872.,0,0,0
WBGene00168873.,0,0,0
WBGene00168874.,0,0,0
WBGene00168875.,0,0,0
WBGene00168876.,0,0,0
WBGene00168877.,0,0,0
WBGene00168878.,0,0,0
WBGene00168879.,0,0,0
WBGene00168880.,0,0,0
WBGene00168881.,0,0,0
WBGene00168882.,0,0,0
WBGene00168883.,0,0,0
WBGene00168884.,0,0,0
WBGene00168885.,0,0,0
WBGene00168886.,0,0,0
WBGene00168887.,0,0,0
WBGene00168888.,0,0,0
WBGene00168889.,0,0,0
WBGene00168890.,0,0,0
WBGene00168891.,0,0,0
WBGene00168892.,0,0,0
WBGene00168893.,0,0,0
WBGene00168894.,0,0,0
WBGene00168895.,0,0,0
WBGene00168896.,0,0,0
WBGene00168897.,0,0,0
WBGene00168898.,0,0,0
WBGene00168899.,0,0,0
WBGene00168900.,0,0,0
WBGene00168901.,0,0,0
WBGene00168902.,0,0,0
WBGene00168903.,0,0,0
WBGene00168904.,0,0,0
WBGene00168905.,0,0,0
WBGene00168906.,0,0,0
WBGene00168907.,0,0,0
WBGene00168908.,0,0,0
WBGene00168909.,0,0,0
WBGene00168910.,0,0,0
WBGene00168911.,0,0,0
WBGene00168912.,0,0,0
WBGene00168913.,0,0,0
WBGene00168914.,0,0,0
WBGene00168915.,0,0,0
WBGene00168916.,0,0,0
WBGene00168917.,0,0,0
WBGene00168918.,0,0,0
WBGene00168919.,0,0,0
WBGene00168920.,0,0,0
WBGene00168921.,0,0,0
WBGene00168922.,0,0,0
WBGene00168923.,0,0,0
WBGene00168924.,0,0,0
WBGene00168925.,0,0,0
WBGene00168926.,0,0,0
WBGene00168927.,0,0,0
WBGene00168928.,0,0,0
WBGene00168929.,0,0,0
WBGene00168930.,0,0,0
WBGene00168931.,0,0,0
WBGene00168932.,0,0,0
WBGene00168933.,0,0,0
WBGene00168934.,0,0,0
WBGene00168935.,0,0,0
WBGene00168936.,0,0,0
WBGene00168937.,0,0,0
WBGene00168938.,0,0,0
WBGene00168939.,0,0,0
WBGene00168940.,0,0,0
WBGene00168941.,0,0,0
WBGene00168942.,0,0,0
WBGene00168943.,0,0,0
WBGene00168944.,0,0,0
WBGene00168945.,0,0,0
WBGene00168946.,0,0,0
WBGene00168947.,0,0,0
WBGene00168948.,0,0,0
WBGene00168949.,0,0,0
WBGene00168950.,0,0,0
WBGene00168951.,0,0,0
WBGene00168952.,0,0,0
WBGene00168953.,0,0,0
WBGene00168954.,0,0,0
WBGene00168955.,0,0,0
WBGene00168956.,0,0,0
WBGene00168957.,0,0,0
WBGene00168958.,0,0,0
WBGene00168959.,0,0,0
WBGene00168960.,0,0,0
WBGene00168961.,0,0,0
WBGene00168962.,0,0,0
WBGene00168963.,0,0,0
WBGene00168964.,0,0,0
WBGene00168965.,0,0,0
WBGene00168966.,0,0,0
WBGene00168967.,0,0,0
WBGene00168968.,0,0,0
WBGene00168969.,0,0,0
WBGene00168970.,0,0,0
WBGene00168971.,0,0,0
WBGene00168972.,0,0,0
WBGene00168973.,0,0,0
WBGene00168974.,0,0,0
WBGene00168975.,0,0,0
WBGene00168976.,0,0,0
WBGene00168977.,0,0,0
WBGene00168978.,0,0,0
WBGene00168979.,0,0,0
WBGene00168980.,0,0,0
WBGene00168981.,0,0,0
WBGene00168982.,0,0,0
WBGene00168983.,0,0,0
WBGene00168984.,0,0,0
WBGene00168985.,0,0,0
WBGene00168986.,0,0,0
WBGene00168987.,0,0,0
WBGene00168988.,0,0,0
WBGene00168989.,0,0,0
WBGene00168990.,0,0,0
WBGene00168991.,0,0,0
WBGene00168992.,0,0,0
WBGene00168993.,0,0,0
WBGene00168994.,0,0,0
WBGene00168995.,0,0,0
WBGene00168996.,0,0,0
WBGene00168997.,0,0,0
WBGene00168998.,0,0,0
WBGene00168999.,0,0,0
WBGene00169000.,0,0,0
WBGene00169001.,0,0,0
WBGene00169002.,0,0,0
WBGene00169003.,0,0,0
WBGene00169004.,0,0,0
WBGene00169005.,0,0,0
WBGene00169006.,0,0,0
WBGene00169007.,0,0,0
WBGene00169008.,0,0,0
WBGene00169009.,0,0,0
WBGene00169010.,0,0,0
WBGene00169011.,0,0,0
WBGene00169012.,0,0,0
WBGene00169013.,0,0,0
WBGene00169014.,0,0,0
WBGene00169015.,0,0,0
WBGene00169016.,0,0,0
WBGene00169017.,0,0,0
WBGene00169018.,0,0,0
WBGene00169019.,0,0,0
WBGene00169020.,0,0,0
WBGene00169021.,0,0,0
WBGene00169022.,0,0,0
WBGene00169023.,0,0,0
WBGene00169024.,0,0,0
WBGene00169025.,0,0,0
WBGene00169026.,0,0,0
WBGene00169027.,0,0,0
WBGene00169028.,0,0,0
WBGene00169029.,0,0,0
WBGene00169030.,0,0,0
WBGene00169031.,0,0,0
WBGene00169032.,0,0,0
WBGene00169033.,0,0,0
WBGene00169034.,0,0,0
WBGene00169035.,0,0,0
WBGene00169036.,0,0,0
WBGene00169037.,0,0,0
WBGene00169038.,0,0,0
WBGene00169039.,0,0,0
WBGene00169040.,0,0,0
WBGene00169041.,0,0,0
WBGene00169042.,0,0,0
WBGene00169043.,0,0,0
WBGene00169044.,0,0,0
WBGene00169045.,0,0,0
WBGene00169046.,0,0,0
WBGene00169047.,0,0,0
WBGene00169048.,0,0,0
WBGene00169049.,0,0,0
WBGene00169050.,0,0,0
WBGene00169051.,0,0,0
WBGene00169052.,0,0,0
WBGene00169053.,0,0,0
WBGene00169054.,0,0,0
WBGene00169055.,0,0,0
WBGene00169056.,0,0,0
WBGene00169057.,0,0,0
WBGene00169058.,0,0,0
WBGene00169059.,0,0,0
WBGene00169060.,0,0,0
WBGene00169061.,0,0,0
WBGene00169062.,0,0,0
WBGene00169063.,0,0,0
WBGene00169064.,0,0,0
WBGene00169065.,0,0,0
WBGene00169066.,0,0,0
WBGene00169067.,0,0,0
WBGene00169068.,0,0,0
WBGene00169069.,0,0,0
WBGene00169070.,0,0,0
WBGene00169071.,0,0,0
WBGene00169072.,0,0,0
WBGene00169073.,0,0,0
WBGene00169074.,0,0,0
WBGene00169075.,0,0,0
WBGene00169076.,0,0,0
WBGene00169077.,0,0,0
WBGene00169078.,0,0,0
WBGene00169079.,0,0,0
WBGene00169080.,0,0,0
WBGene00169081.,0,0,0
WBGene00169082.,0,0,0
WBGene00169083.,0,0,0
WBGene00169084.,0,0,0
WBGene00169085.,0,0,0
WBGene00169086.,0,0,0
WBGene00169087.,0,0,0
WBGene00169088.,0,0,0
WBGene00169089.,0,0,0
WBGene00169090.,0,0,0
WBGene00169091.,0,0,0
WBGene00169092.,0,0,0
WBGene00169093.,0,0,0
WBGene00169094.,0,0,0
WBGene00169095.,0,0,0
WBGene00169096.,0,0,0
WBGene00169097.,0,0,0
WBGene00169098.,0,0,0
WBGene00169099.,0,0,0
WBGene00169100.,0,0,0
WBGene00169101.,0,0,0
WBGene00169102.,0,0,0
WBGene00169103.,0,0,0
WBGene00169104.,0,0,0
WBGene00169105.,0,0,0
WBGene00169106.,0,0,0
WBGene00169107.,0,0,0
WBGene00169108.,0,0,0
WBGene00169109.,0,0,0
WBGene00169110.,0,0,0
WBGene00169111.,0,0,0
WBGene00169112.,0,0,0
WBGene00169113.,0,0,0
WBGene00169114.,0,0,0
WBGene00169115.,0,0,0
WBGene00169116.,0,0,0
WBGene00169117.,0,0,0
WBGene00169118.,0,0,0
WBGene00169119.,0,0,0
WBGene00169120.,0,0,0
WBGene00169121.,0,0,0
WBGene00169122.,0,0,0
WBGene00169123.,0,0,0
WBGene00169124.,0,0,0
WBGene00169125.,0,0,0
WBGene00169126.,0,0,0
WBGene00169127.,0,0,0
WBGene00169128.,0,0,0
WBGene00169129.,0,0,0
WBGene00169130.,0,0,0
WBGene00169131.,0,0,0
WBGene00169132.,0,0,0
WBGene00169133.,0,0,0
WBGene00169134.,0,0,0
WBGene00169135.,0,0,0
WBGene00169136.,0,0,0
WBGene00169137.,0,0,0
WBGene00169138.,0,0,0
WBGene00169139.,0,0,0
WBGene00169140.,0,0,0
WBGene00169141.,0,0,0
WBGene00169142.,0,0,0
WBGene00169143.,0,0,0
WBGene00169144.,0,0,0
WBGene00169145.,0,0,0
WBGene00169146.,0,0,0
WBGene00169147.,0,0,0
WBGene00169148.,0,0,0
WBGene00169149.,0,0,0
WBGene00169150.,0,0,0
WBGene00169151.,0,0,0
WBGene00169152.,0,0,0
WBGene00169153.,0,0,0
WBGene00169154.,0,0,0
WBGene00169155.,0,0,0
WBGene00169156.,0,0,0
WBGene00169157.,0,0,0
WBGene00169158.,0,0,0
WBGene00169159.,0,0,0
WBGene00169160.,0,0,0
WBGene00169161.,0,0,0
WBGene00169162.,0,0,0
WBGene00169163.,0,0,0
WBGene00169164.,0,0,0
WBGene00169165.,0,0,0
WBGene00169166.,0,0,0
WBGene00169167.,0,0,0
WBGene00169168.,0,0,0
WBGene00169169.,0,0,0
WBGene00169170.,0,0,0
WBGene00169171.,0,0,0
WBGene00169172.,0,0,0
WBGene00169173.,0,0,0
WBGene00169174.,0,0,0
WBGene00169175.,0,0,0
WBGene00169176.,0,0,0
WBGene00169177.,0,0,0
WBGene00169178.,0,0,0
WBGene00169179.,0,0,0
WBGene00169180.,0,0,0
WBGene00169181.,0,0,0
WBGene00169182.,0,0,0
WBGene00169183.,0,0,0
WBGene00169184.,0,0,0
WBGene00169185.,0,0,0
WBGene00169186.,0,0,0
WBGene00169187.,0,0,0
WBGene00169188.,0,0,0
WBGene00169189.,0,0,0
WBGene00169190.,0,0,0
WBGene00169191.,0,0,0
WBGene00169192.,0,0,0
WBGene00169193.,0,0,0
WBGene00169194.,0,0,0
WBGene00169195.,0,0,0
WBGene00169196.,0,0,0
WBGene00169197.,0,0,0
WBGene00169198.,0,0,0
WBGene00169199.,0,0,0
WBGene00169200.,0,0,0
WBGene00169201.,0,0,0
WBGene00169202.,0,0,0
WBGene00169203.,0,0,0
WBGene00169204.,0,0,0
WBGene00169205.,0,0,0
WBGene00169206.,0,0,0
WBGene00169207.,0,0,0
WBGene00169208.,0,0,0
WBGene00169209.,0,0,0
WBGene00169210.,0,0,0
WBGene00169211.,0,0,0
WBGene00169212.,0,0,0
WBGene00169213.,0,0,0
WBGene00169214.,0,0,0
WBGene00169215.,0,0,0
WBGene00169216.,0,0,0
WBGene00169217.,0,0,0
WBGene00169218.,0,0,0
WBGene00169219.,0,0,0
WBGene00169220.,0,0,0
WBGene00169221.,0,0,0
WBGene00169222.,0,0,0
WBGene00169223.,0,0,0
WBGene00169224.,0,0,0
WBGene00169225.,0,0,0
WBGene00169226.,0,0,0
WBGene00169227.,0,0,0
WBGene00169228.,0,0,0
WBGene00169229.,0,0,0
WBGene00169230.,0,0,0
WBGene00169231.,0,0,0
WBGene00169232.,0,0,0
WBGene00169233.,0,0,0
WBGene00169234.,0,0,0
WBGene00169235.,0,0,0
WBGene00169236.,0,0,0
WBGene00169237.,0,0,0
WBGene00169238.,0,0,0
WBGene00169239.,0,0,0
WBGene00169240.,0,0,0
WBGene00169242.,0,0,0
WBGene00169243.,0,0,0
WBGene00169244.,0,0,0
WBGene00169245.,0,0,0
WBGene00169246.,0,0,0
WBGene00169247.,0,0,0
WBGene00169248.,0,0,0
WBGene00169249.,0,0,0
WBGene00169250.,0,0,0
WBGene00169251.,0,0,0
WBGene00169252.,0,0,0
WBGene00169253.,0,0,0
WBGene00169254.,0,0,0
WBGene00169255.,0,0,0
WBGene00169256.,0,0,0
WBGene00169257.,0,0,0
WBGene00169258.,0,0,0
WBGene00169259.,0,0,0
WBGene00169260.,0,0,0
WBGene00169261.,0,0,0
WBGene00169262.,0,0,0
WBGene00169263.,0,0,0
WBGene00169264.,0,0,0
WBGene00169265.,0,0,0
WBGene00169266.,0,0,0
WBGene00169267.,0,0,0
WBGene00169268.,0,0,0
WBGene00169269.,0,0,0
WBGene00169270.,0,0,0
WBGene00169271.,0,0,0
WBGene00169272.,0,0,0
WBGene00169273.,0,0,0
WBGene00169274.,0,0,0
WBGene00169275.,0,0,0
WBGene00169276.,0,0,0
WBGene00169277.,0,0,0
WBGene00169278.,0,0,0
WBGene00169279.,0,0,0
WBGene00169280.,0,0,0
WBGene00169281.,0,0,0
WBGene00169282.,0,0,0
WBGene00169283.,0,0,0
WBGene00169284.,0,0,0
WBGene00169285.,0,0,0
WBGene00169286.,0,0,0
WBGene00169287.,0,0,0
WBGene00169288.,0,0,0
WBGene00169289.,0,0,0
WBGene00169290.,0,0,0
WBGene00169291.,0,0,0
WBGene00169292.,0,0,0
WBGene00169293.,0,0,0
WBGene00169294.,0,0,0
WBGene00169295.,0,0,0
WBGene00169296.,0,0,0
WBGene00169297.,0,0,0
WBGene00169298.,0,0,0
WBGene00169299.,0,0,0
WBGene00169300.,0,0,0
WBGene00169301.,0,0,0
WBGene00169302.,0,0,0
WBGene00169303.,0,0,0
WBGene00169304.,0,0,0
WBGene00169305.,0,0,0
WBGene00169306.,0,0,0
WBGene00169307.,0,0,0
WBGene00169308.,0,0,0
WBGene00169309.,0,0,0
WBGene00169310.,0,0,0
WBGene00169311.,0,0,0
WBGene00169312.,0,0,0
WBGene00169313.,0,0,0
WBGene00169314.,0,0,0
WBGene00169315.,0,0,0
WBGene00169316.,0,0,0
WBGene00169317.,0,0,0
WBGene00169318.,0,0,0
WBGene00169319.,0,0,0
WBGene00169320.,0,0,0
WBGene00169321.,0,0,0
WBGene00169322.,0,0,0
WBGene00169323.,0,0,0
WBGene00169324.,0,0,0
WBGene00169325.,0,0,0
WBGene00169326.,0,0,0
WBGene00169327.,0,0,0
WBGene00169328.,0,0,0
WBGene00169329.,0,0,0
WBGene00169330.,0,0,0
WBGene00169331.,0,0,0
WBGene00169332.,0,0,0
WBGene00169333.,0,0,0
WBGene00169334.,0,0,0
WBGene00169335.,0,0,0
WBGene00169336.,0,0,0
WBGene00169337.,0,0,0
WBGene00169338.,0,0,0
WBGene00169339.,0,0,0
WBGene00169340.,0,0,0
WBGene00169341.,0,0,0
WBGene00169342.,0,0,0
WBGene00169343.,0,0,0
WBGene00169344.,0,0,0
WBGene00169345.,0,0,0
WBGene00169346.,0,0,0
WBGene00169347.,0,0,0
WBGene00169348.,0,0,0
WBGene00169349.,0,0,0
WBGene00169350.,0,0,0
WBGene00169351.,0,0,0
WBGene00169352.,0,0,0
WBGene00169353.,0,0,0
WBGene00169354.,0,0,0
WBGene00169355.,0,0,0
WBGene00169356.,0,0,0
WBGene00169357.,0,0,0
WBGene00169358.,0,0,0
WBGene00169359.,0,0,0
WBGene00169360.,0,0,0
WBGene00169361.,0,0,0
WBGene00169362.,0,0,0
WBGene00169363.,0,0,0
WBGene00169364.,0,0,0
WBGene00169365.,0,0,0
WBGene00169366.,0,0,0
WBGene00169367.,0,0,0
WBGene00169368.,0,0,0
WBGene00169369.,0,0,0
WBGene00169370.,0,0,0
WBGene00169371.,0,0,0
WBGene00169372.,0,0,0
WBGene00169373.,0,0,0
WBGene00169374.,0,0,0
WBGene00169375.,0,0,0
WBGene00169376.,0,0,0
WBGene00169377.,0,0,0
WBGene00169378.,0,0,0
WBGene00169379.,0,0,0
WBGene00169380.,0,0,0
WBGene00169381.,0,0,0
WBGene00169382.,0,0,0
WBGene00169383.,0,0,0
WBGene00169384.,0,0,0
WBGene00169385.,0,0,0
WBGene00169386.,0,0,0
WBGene00169387.,0,0,0
WBGene00169388.,0,0,0
WBGene00169389.,0,0,0
WBGene00169390.,0,0,0
WBGene00169391.,0,0,0
WBGene00169392.,0,0,0
WBGene00169393.,0,0,0
WBGene00169394.,0,0,0
WBGene00169395.,0,0,0
WBGene00169396.,0,0,0
WBGene00169397.,0,0,0
WBGene00169398.,0,0,0
WBGene00169399.,0,0,0
WBGene00169401.,0,0,0
WBGene00169402.,0,0,0
WBGene00169403.,0,0,0
WBGene00169404.,0,0,0
WBGene00169405.,0,0,0
WBGene00169406.,0,0,0
WBGene00169407.,0,0,0
WBGene00169408.,0,0,0
WBGene00169409.,0,0,0
WBGene00169410.,0,0,0
WBGene00169411.,0,0,0
WBGene00169412.,0,0,0
WBGene00169413.,0,0,0
WBGene00169414.,0,0,0
WBGene00169415.,0,0,0
WBGene00169416.,0,0,0
WBGene00169417.,0,0,0
WBGene00169418.,0,0,0
WBGene00169419.,0,0,0
WBGene00169420.,0,0,0
WBGene00169421.,0,0,0
WBGene00169422.,0,0,0
WBGene00169423.,0,0,0
WBGene00169424.,0,0,0
WBGene00169425.,0,0,0
WBGene00169426.,0,0,0
WBGene00169427.,0,0,0
WBGene00169428.,0,0,0
WBGene00169429.,0,0,0
WBGene00169430.,0,0,0
WBGene00169431.,0,0,0
WBGene00169432.,0,0,0
WBGene00169433.,0,0,0
WBGene00169434.,0,0,0
WBGene00169435.,0,0,0
WBGene00169436.,0,0,0
WBGene00169437.,0,0,0
WBGene00169438.,0,0,0
WBGene00169439.,0,0,0
WBGene00169440.,0,0,0
WBGene00169441.,0,0,0
WBGene00169442.,0,0,0
WBGene00169443.,0,0,0
WBGene00169444.,0,0,0
WBGene00169445.,0,0,0
WBGene00169446.,0,0,0
WBGene00169447.,0,0,0
WBGene00169448.,0,0,0
WBGene00169449.,0,0,0
WBGene00169450.,0,0,0
WBGene00169451.,0,0,0
WBGene00169452.,0,0,0
WBGene00169453.,0,0,0
WBGene00169454.,0,0,0
WBGene00169455.,0,0,0
WBGene00169456.,0,0,0
WBGene00169457.,0,0,0
WBGene00169458.,0,0,0
WBGene00169459.,0,0,0
WBGene00169460.,0,0,0
WBGene00169461.,0,0,0
WBGene00169462.,0,0,0
WBGene00169463.,0,0,0
WBGene00169464.,0,0,0
WBGene00169465.,0,0,0
WBGene00169466.,0,0,0
WBGene00169467.,0,0,0
WBGene00169468.,0,0,0
WBGene00169469.,0,0,0
WBGene00169470.,0,0,0
WBGene00169471.,0,0,0
WBGene00169472.,0,0,0
WBGene00169473.,0,0,0
WBGene00169474.,0,0,0
WBGene00169475.,0,0,0
WBGene00169476.,0,0,0
WBGene00169477.,0,0,0
WBGene00169478.,0,0,0
WBGene00169479.,0,0,0
WBGene00169480.,0,0,0
WBGene00169481.,0,0,0
WBGene00169482.,0,0,0
WBGene00169483.,0,0,0
WBGene00169484.,0,0,0
WBGene00169485.,0,0,0
WBGene00169486.,0,0,0
WBGene00169487.,0,0,0
WBGene00169488.,0,0,0
WBGene00169489.,0,0,0
WBGene00169490.,0,0,0
WBGene00169491.,0,0,0
WBGene00169492.,0,0,0
WBGene00169493.,0,0,0
WBGene00169494.,0,0,0
WBGene00169495.,0,0,0
WBGene00169496.,0,0,0
WBGene00169497.,0,0,0
WBGene00169498.,0,0,0
WBGene00169499.,0,0,0
WBGene00169500.,0,0,0
WBGene00169501.,0,0,0
WBGene00169502.,0,0,0
WBGene00169503.,0,0,0
WBGene00169504.,0,0,0
WBGene00169505.,0,0,0
WBGene00169506.,0,0,0
WBGene00169507.,0,0,0
WBGene00169508.,0,0,0
WBGene00169509.,0,0,0
WBGene00169510.,0,0,0
WBGene00169511.,0,0,0
WBGene00169512.,0,0,0
WBGene00169513.,0,0,0
WBGene00169514.,0,0,0
WBGene00169515.,0,0,0
WBGene00169516.,0,0,0
WBGene00169517.,0,0,0
WBGene00169518.,0,0,0
WBGene00169519.,0,0,0
WBGene00169520.,0,0,0
WBGene00169521.,0,0,0
WBGene00169522.,0,0,0
WBGene00169523.,0,0,0
WBGene00169524.,0,0,0
WBGene00169525.,0,0,0
WBGene00169526.,0,0,0
WBGene00169527.,0,0,0
WBGene00169528.,0,0,0
WBGene00169529.,0,0,0
WBGene00169530.,0,0,0
WBGene00169531.,0,0,0
WBGene00169532.,0,0,0
WBGene00169533.,0,0,0
WBGene00169534.,0,0,0
WBGene00169535.,0,0,0
WBGene00169536.,0,0,0
WBGene00169537.,0,0,0
WBGene00169538.,0,0,0
WBGene00169539.,0,0,0
WBGene00169540.,0,0,0
WBGene00169541.,0,0,0
WBGene00169542.,0,0,0
WBGene00169543.,0,0,0
WBGene00169544.,0,0,0
WBGene00169545.,0,0,0
WBGene00169546.,0,0,0
WBGene00169547.,0,0,0
WBGene00169548.,0,0,0
WBGene00169549.,0,0,0
WBGene00169550.,0,0,0
WBGene00169551.,0,0,0
WBGene00169552.,0,0,0
WBGene00169553.,0,0,0
WBGene00169554.,0,0,0
WBGene00169555.,0,0,0
WBGene00169556.,0,0,0
WBGene00169557.,0,0,0
WBGene00169558.,0,0,0
WBGene00169559.,0,0,0
WBGene00169560.,0,0,0
WBGene00169561.,0,0,0
WBGene00169562.,0,0,0
WBGene00169563.,0,0,0
WBGene00169564.,0,0,0
WBGene00169565.,0,0,0
WBGene00169566.,0,0,0
WBGene00169567.,0,0,0
WBGene00169568.,0,0,0
WBGene00169569.,0,0,0
WBGene00169570.,0,0,0
WBGene00169571.,0,0,0
WBGene00169572.,0,0,0
WBGene00169573.,0,0,0
WBGene00169574.,0,0,0
WBGene00169575.,0,0,0
WBGene00169576.,0,0,0
WBGene00169577.,0,0,0
WBGene00169578.,0,0,0
WBGene00169579.,0,0,0
WBGene00169580.,0,0,0
WBGene00169581.,0,0,0
WBGene00169582.,0,0,0
WBGene00169583.,0,0,0
WBGene00169584.,0,0,0
WBGene00169585.,0,0,0
WBGene00169586.,0,0,0
WBGene00169587.,0,0,0
WBGene00169588.,0,0,0
WBGene00169589.,0,0,0
WBGene00169590.,0,0,0
WBGene00169591.,0,0,0
WBGene00169592.,0,0,0
WBGene00169593.,0,0,0
WBGene00169594.,0,0,0
WBGene00169595.,0,0,0
WBGene00169596.,0,0,0
WBGene00169597.,0,0,0
WBGene00169598.,0,0,0
WBGene00169599.,0,0,0
WBGene00169600.,0,0,0
WBGene00169601.,0,0,0
WBGene00169602.,0,0,0
WBGene00169603.,0,0,0
WBGene00169604.,0,0,0
WBGene00169605.,0,0,0
WBGene00169606.,0,0,0
WBGene00169607.,0,0,0
WBGene00169608.,0,0,0
WBGene00169609.,0,0,0
WBGene00169610.,0,0,0
WBGene00169611.,0,0,0
WBGene00169612.,0,0,0
WBGene00169613.,0,0,0
WBGene00169614.,0,0,0
WBGene00169615.,0,0,0
WBGene00169617.,0,0,0
WBGene00169618.,0,0,0
WBGene00169619.,0,0,0
WBGene00169620.,0,0,0
WBGene00169621.,0,0,0
WBGene00169622.,0,0,0
WBGene00169623.,0,0,0
WBGene00169624.,0,0,0
WBGene00169625.,0,0,0
WBGene00169626.,0,0,0
WBGene00169627.,0,0,0
WBGene00169628.,0,0,0
WBGene00169629.,0,0,0
WBGene00169630.,0,0,0
WBGene00169631.,0,0,0
WBGene00169632.,0,0,0
WBGene00169633.,0,0,0
WBGene00169634.,0,0,0
WBGene00169635.,0,0,0
WBGene00169636.,0,0,0
WBGene00169637.,0,0,0
WBGene00169638.,0,0,0
WBGene00169639.,0,0,0
WBGene00169640.,0,0,0
WBGene00169641.,0,0,0
WBGene00169642.,0,0,0
WBGene00169643.,0,0,0
WBGene00169644.,0,0,0
WBGene00169645.,0,0,0
WBGene00169646.,0,0,0
WBGene00169647.,0,0,0
WBGene00169648.,0,0,0
WBGene00169649.,0,0,0
WBGene00169650.,0,0,0
WBGene00169651.,0,0,0
WBGene00169652.,0,0,0
WBGene00169653.,0,0,0
WBGene00169654.,0,0,0
WBGene00169655.,0,0,0
WBGene00169656.,0,0,0
WBGene00169657.,0,0,0
WBGene00169658.,0,0,0
WBGene00169659.,0,0,0
WBGene00169660.,0,0,0
WBGene00169661.,0,0,0
WBGene00169662.,0,0,0
WBGene00169663.,0,0,0
WBGene00169664.,0,0,0
WBGene00169665.,0,0,0
WBGene00169666.,0,0,0
WBGene00169667.,0,0,0
WBGene00169668.,0,0,0
WBGene00169669.,0,0,0
WBGene00169670.,0,0,0
WBGene00169671.,0,0,0
WBGene00169672.,0,0,0
WBGene00169673.,0,0,0
WBGene00169674.,0,0,0
WBGene00169675.,0,0,0
WBGene00169676.,0,0,0
WBGene00169677.,0,0,0
WBGene00169678.,0,0,0
WBGene00169679.,0,0,0
WBGene00169680.,0,0,0
WBGene00169681.,0,0,0
WBGene00169682.,0,0,0
WBGene00169683.,0,0,0
WBGene00169684.,0,0,0
WBGene00169685.,0,0,0
WBGene00169686.,0,0,0
WBGene00169687.,0,0,0
WBGene00169688.,0,0,0
WBGene00169689.,0,0,0
WBGene00169690.,0,0,0
WBGene00169691.,0,0,0
WBGene00169692.,0,0,0
WBGene00169693.,0,0,0
WBGene00169694.,0,0,0
WBGene00169695.,0,0,0
WBGene00169696.,0,0,0
WBGene00169697.,0,0,0
WBGene00169698.,0,0,0
WBGene00169699.,0,0,0
WBGene00169700.,0,0,0
WBGene00169701.,0,0,0
WBGene00169702.,0,0,0
WBGene00169703.,0,0,0
WBGene00169704.,0,0,0
WBGene00169705.,0,0,0
WBGene00169706.,0,0,0
WBGene00169707.,0,0,0
WBGene00169708.,0,0,0
WBGene00169709.,0,0,0
WBGene00169710.,0,0,0
WBGene00169711.,0,0,0
WBGene00169712.,0,0,0
WBGene00169713.,0,0,0
WBGene00169714.,0,0,0
WBGene00169715.,0,0,0
WBGene00169716.,0,0,0
WBGene00169717.,0,0,0
WBGene00169718.,0,0,0
WBGene00169719.,0,0,0
WBGene00169720.,0,0,0
WBGene00169721.,0,0,0
WBGene00169722.,0,0,0
WBGene00169723.,0,0,0
WBGene00169724.,0,0,0
WBGene00169725.,0,0,0
WBGene00169726.,0,0,0
WBGene00169727.,0,0,0
WBGene00169728.,0,0,0
WBGene00169729.,0,0,0
WBGene00169730.,0,0,0
WBGene00169731.,0,0,0
WBGene00169732.,0,0,0
WBGene00169733.,0,0,0
WBGene00169734.,0,0,0
WBGene00169735.,0,0,0
WBGene00169736.,0,0,0
WBGene00169737.,0,0,0
WBGene00169738.,0,0,0
WBGene00169739.,0,0,0
WBGene00169740.,0,0,0
WBGene00169741.,0,0,0
WBGene00169742.,0,0,0
WBGene00169743.,0,0,0
WBGene00169744.,0,0,0
WBGene00169745.,0,0,0
WBGene00169746.,0,0,0
WBGene00169747.,0,0,0
WBGene00169748.,0,0,0
WBGene00169749.,0,0,0
WBGene00169750.,0,0,0
WBGene00169751.,0,0,0
WBGene00169752.,0,0,0
WBGene00169753.,0,0,0
WBGene00169754.,0,0,0
WBGene00169755.,0,0,0
WBGene00169756.,0,0,0
WBGene00169757.,0,0,0
WBGene00169758.,0,0,0
WBGene00169759.,0,0,0
WBGene00169760.,0,0,0
WBGene00169761.,0,0,0
WBGene00169762.,0,0,0
WBGene00169763.,0,0,0
WBGene00169764.,0,0,0
WBGene00169765.,0,0,0
WBGene00169766.,0,0,0
WBGene00169767.,0,0,0
WBGene00169768.,0,0,0
WBGene00169769.,0,0,0
WBGene00169770.,0,0,0
WBGene00169771.,0,0,0
WBGene00169772.,0,0,0
WBGene00169773.,0,0,0
WBGene00169774.,0,0,0
WBGene00169775.,0,0,0
WBGene00169776.,0,0,0
WBGene00169777.,0,0,0
WBGene00169778.,0,0,0
WBGene00169779.,0,0,0
WBGene00169780.,0,0,0
WBGene00169781.,0,0,0
WBGene00169782.,0,0,0
WBGene00169783.,0,0,0
WBGene00169784.,0,0,0
WBGene00169785.,0,0,0
WBGene00169786.,0,0,0
WBGene00169787.,0,0,0
WBGene00169788.,0,0,0
WBGene00169789.,0,0,0
WBGene00169790.,0,0,0
WBGene00169791.,0,0,0
WBGene00169792.,0,0,0
WBGene00169793.,0,0,0
WBGene00169794.,0,0,0
WBGene00169795.,0,0,0
WBGene00169796.,0,0,0
WBGene00169797.,0,0,0
WBGene00169798.,0,0,0
WBGene00169799.,0,0,0
WBGene00169800.,0,0,0
WBGene00169801.,0,0,0
WBGene00169802.,0,0,0
WBGene00169803.,0,0,0
WBGene00169804.,0,0,0
WBGene00169805.,0,0,0
WBGene00169806.,0,0,0
WBGene00169807.,0,0,0
WBGene00169808.,0,0,0
WBGene00169809.,0,0,0
WBGene00169810.,0,0,0
WBGene00169811.,0,0,0
WBGene00169812.,0,0,0
WBGene00169813.,0,0,0
WBGene00169814.,0,0,0
WBGene00169815.,0,0,0
WBGene00169816.,0,0,0
WBGene00169817.,0,0,0
WBGene00169818.,0,0,0
WBGene00169819.,0,0,0
WBGene00169820.,0,0,0
WBGene00169821.,0,0,0
WBGene00169822.,0,0,0
WBGene00169823.,0,0,0
WBGene00169824.,0,0,0
WBGene00169825.,0,0,0
WBGene00169826.,0,0,0
WBGene00169827.,0,0,0
WBGene00169828.,0,0,0
WBGene00169829.,0,0,0
WBGene00169830.,0,0,0
WBGene00169831.,0,0,0
WBGene00169832.,0,0,0
WBGene00169833.,0,0,0
WBGene00169834.,0,0,0
WBGene00169835.,0,0,0
WBGene00169836.,0,0,0
WBGene00169837.,0,0,0
WBGene00169838.,0,0,0
WBGene00169839.,0,0,0
WBGene00169840.,0,0,0
WBGene00169841.,0,0,0
WBGene00169842.,0,0,0
WBGene00169843.,0,0,0
WBGene00169844.,0,0,0
WBGene00169845.,0,0,0
WBGene00169846.,0,0,0
WBGene00169847.,0,0,0
WBGene00169848.,0,0,0
WBGene00169849.,0,0,0
WBGene00169850.,0,0,0
WBGene00169851.,0,0,0
WBGene00169852.,0,0,0
WBGene00169853.,0,0,0
WBGene00169854.,0,0,0
WBGene00169855.,0,0,0
WBGene00169856.,0,0,0
WBGene00169857.,0,0,0
WBGene00169858.,0,0,0
WBGene00169859.,0,0,0
WBGene00169860.,0,0,0
WBGene00169861.,0,0,0
WBGene00169862.,0,0,0
WBGene00169863.,0,0,0
WBGene00169864.,0,0,0
WBGene00169865.,0,0,0
WBGene00169866.,0,0,0
WBGene00169867.,0,0,0
WBGene00169868.,0,0,0
WBGene00169869.,0,0,0
WBGene00169870.,0,0,0
WBGene00169871.,0,0,0
WBGene00169872.,0,0,0
WBGene00169873.,0,0,0
WBGene00169874.,0,0,0
WBGene00169875.,0,0,0
WBGene00169876.,0,0,0
WBGene00169877.,0,0,0
WBGene00169878.,0,0,0
WBGene00169879.,0,0,0
WBGene00169880.,0,0,0
WBGene00169881.,0,0,0
WBGene00169882.,0,0,0
WBGene00169883.,0,0,0
WBGene00169884.,0,0,0
WBGene00169885.,0,0,0
WBGene00169886.,0,0,0
WBGene00169887.,0,0,0
WBGene00169888.,0,0,0
WBGene00169889.,0,0,0
WBGene00169890.,0,0,0
WBGene00169891.,0,0,0
WBGene00169892.,0,0,0
WBGene00169893.,0,0,0
WBGene00169894.,0,0,0
WBGene00169895.,0,0,0
WBGene00169896.,0,0,0
WBGene00169897.,0,0,0
WBGene00169898.,0,0,0
WBGene00169899.,0,0,0
WBGene00169900.,0,0,0
WBGene00169901.,0,0,0
WBGene00169902.,0,0,0
WBGene00169903.,0,0,0
WBGene00169904.,0,0,0
WBGene00169905.,0,0,0
WBGene00169906.,0,0,0
WBGene00169907.,0,0,0
WBGene00169908.,0,0,0
WBGene00169909.,0,0,0
WBGene00169910.,0,0,0
WBGene00169911.,0,0,0
WBGene00169912.,0,0,0
WBGene00169913.,0,0,0
WBGene00169914.,0,0,0
WBGene00169915.,0,0,0
WBGene00169916.,0,0,0
WBGene00169917.,0,0,0
WBGene00169918.,0,0,0
WBGene00169919.,0,0,0
WBGene00169920.,0,0,0
WBGene00169921.,0,0,0
WBGene00169922.,0,0,0
WBGene00169923.,0,0,0
WBGene00169924.,0,0,0
WBGene00169925.,0,0,0
WBGene00169926.,0,0,0
WBGene00169927.,0,0,0
WBGene00169928.,0,0,0
WBGene00169929.,0,0,0
WBGene00169930.,0,0,0
WBGene00169931.,0,0,0
WBGene00169932.,0,0,0
WBGene00169933.,0,0,0
WBGene00169934.,0,0,0
WBGene00169935.,0,0,0
WBGene00169936.,0,0,0
WBGene00169937.,0,0,0
WBGene00169938.,0,0,0
WBGene00169939.,0,0,0
WBGene00169940.,0,0,0
WBGene00169941.,0,0,0
WBGene00169942.,0,0,0
WBGene00169943.,0,0,0
WBGene00169944.,0,0,0
WBGene00169946.,0,0,0
WBGene00169947.,0,0,0
WBGene00169948.,0,0,0
WBGene00169949.,0,0,0
WBGene00169950.,0,0,0
WBGene00169951.,0,0,0
WBGene00169952.,0,0,0
WBGene00169953.,0,0,0
WBGene00169954.,0,0,0
WBGene00169955.,0,0,0
WBGene00169956.,0,0,0
WBGene00169957.,0,0,0
WBGene00169958.,0,0,0
WBGene00169959.,0,0,0
WBGene00169960.,0,0,0
WBGene00169961.,0,0,0
WBGene00169962.,0,0,0
WBGene00169963.,0,0,0
WBGene00169964.,0,0,0
WBGene00169965.,0,0,0
WBGene00169966.,0,0,0
WBGene00169967.,0,0,0
WBGene00169968.,0,0,0
WBGene00169969.,0,0,0
WBGene00169970.,0,0,0
WBGene00169971.,0,0,0
WBGene00169972.,0,0,0
WBGene00169973.,0,0,0
WBGene00169974.,0,0,0
WBGene00169975.,0,0,0
WBGene00169976.,0,0,0
WBGene00169977.,0,0,0
WBGene00169978.,0,0,0
WBGene00169979.,0,0,0
WBGene00169980.,0,0,0
WBGene00169981.,0,0,0
WBGene00169982.,0,0,0
WBGene00169983.,0,0,0
WBGene00169984.,0,0,0
WBGene00169985.,0,0,0
WBGene00169986.,0,0,0
WBGene00169987.,0,0,0
WBGene00169988.,0,0,0
WBGene00169989.,0,0,0
WBGene00169990.,0,0,0
WBGene00169991.,0,0,0
WBGene00169992.,0,0,0
WBGene00169993.,0,0,0
WBGene00169994.,0,0,0
WBGene00169995.,0,0,0
WBGene00169996.,0,0,0
WBGene00169997.,0,0,0
WBGene00169998.,0,0,0
WBGene00169999.,0,0,0
WBGene00170000.,0,0,0
WBGene00170001.,0,0,0
WBGene00170002.,0,0,0
WBGene00170003.,0,0,0
WBGene00170004.,0,0,0
WBGene00170005.,0,0,0
WBGene00170006.,0,0,0
WBGene00170007.,0,0,0
WBGene00170008.,0,0,0
WBGene00170009.,0,0,0
WBGene00170010.,0,0,0
WBGene00170011.,0,0,0
WBGene00170012.,0,0,0
WBGene00170013.,0,0,0
WBGene00170014.,0,0,0
WBGene00170015.,0,0,0
WBGene00170016.,0,0,0
WBGene00170017.,0,0,0
WBGene00170018.,0,0,0
WBGene00170019.,0,0,0
WBGene00170020.,0,0,0
WBGene00170021.,0,0,0
WBGene00170022.,0,0,0
WBGene00170023.,0,0,0
WBGene00170024.,0,0,0
WBGene00170025.,0,0,0
WBGene00170026.,0,0,0
WBGene00170027.,0,0,0
WBGene00170028.,0,0,0
WBGene00170029.,0,0,0
WBGene00170030.,0,0,0
WBGene00170031.,0,0,0
WBGene00170032.,0,0,0
WBGene00170033.,0,0,0
WBGene00170034.,0,0,0
WBGene00170035.,0,0,0
WBGene00170036.,0,0,0
WBGene00170037.,0,0,0
WBGene00170038.,0,0,0
WBGene00170039.,0,0,0
WBGene00170040.,0,0,0
WBGene00170041.,0,0,0
WBGene00170042.,0,0,0
WBGene00170043.,0,0,0
WBGene00170044.,0,0,0
WBGene00170045.,0,0,0
WBGene00170046.,0,0,0
WBGene00170047.,0,0,0
WBGene00170048.,0,0,0
WBGene00170049.,0,0,0
WBGene00170050.,0,0,0
WBGene00170051.,0,0,0
WBGene00170052.,0,0,0
WBGene00170053.,0,0,0
WBGene00170054.,0,0,0
WBGene00170055.,0,0,0
WBGene00170056.,0,0,0
WBGene00170057.,0,0,0
WBGene00170058.,0,0,0
WBGene00170059.,0,0,0
WBGene00170060.,0,0,0
WBGene00170061.,0,0,0
WBGene00170062.,0,0,0
WBGene00170063.,0,0,0
WBGene00170064.,0,0,0
WBGene00170065.,0,0,0
WBGene00170066.,0,0,0
WBGene00170067.,0,0,0
WBGene00170068.,0,0,0
WBGene00170069.,0,0,0
WBGene00170070.,0,0,0
WBGene00170071.,0,0,0
WBGene00170072.,0,0,0
WBGene00170073.,0,0,0
WBGene00170074.,0,0,0
WBGene00170075.,0,0,0
WBGene00170076.,0,0,0
WBGene00170077.,0,0,0
WBGene00170078.,0,0,0
WBGene00170079.,0,0,0
WBGene00170080.,0,0,0
WBGene00170081.,0,0,0
WBGene00170082.,0,0,0
WBGene00170083.,0,0,0
WBGene00170084.,0,0,0
WBGene00170085.,0,0,0
WBGene00170086.,0,0,0
WBGene00170087.,0,0,0
WBGene00170088.,0,0,0
WBGene00170089.,0,0,0
WBGene00170090.,0,0,0
WBGene00170091.,0,0,0
WBGene00170092.,0,0,0
WBGene00170093.,0,0,0
WBGene00170094.,0,0,0
WBGene00170095.,0,0,0
WBGene00170096.,0,0,0
WBGene00170097.,0,0,0
WBGene00170098.,0,0,0
WBGene00170099.,0,0,0
WBGene00170100.,0,0,0
WBGene00170101.,0,0,0
WBGene00170102.,0,0,0
WBGene00170103.,0,0,0
WBGene00170104.,0,0,0
WBGene00170105.,0,0,0
WBGene00170106.,0,0,0
WBGene00170107.,0,0,0
WBGene00170108.,0,0,0
WBGene00170109.,0,0,0
WBGene00170110.,0,0,0
WBGene00170111.,0,0,0
WBGene00170112.,0,0,0
WBGene00170113.,0,0,0
WBGene00170114.,0,0,0
WBGene00170115.,0,0,0
WBGene00170116.,0,0,0
WBGene00170117.,0,0,0
WBGene00170118.,0,0,0
WBGene00170119.,0,0,0
WBGene00170120.,0,0,0
WBGene00170121.,0,0,0
WBGene00170122.,0,0,0
WBGene00170123.,0,0,0
WBGene00170124.,0,0,0
WBGene00170125.,0,0,0
WBGene00170126.,0,0,0
WBGene00170127.,0,0,0
WBGene00170128.,0,0,0
WBGene00170129.,0,0,0
WBGene00170130.,0,0,0
WBGene00170131.,0,0,0
WBGene00170132.,0,0,0
WBGene00170133.,0,0,0
WBGene00170134.,0,0,0
WBGene00170135.,0,0,0
WBGene00170136.,0,0,0
WBGene00170137.,0,0,0
WBGene00170138.,0,0,0
WBGene00170139.,0,0,0
WBGene00170140.,0,0,0
WBGene00170141.,0,0,0
WBGene00170142.,0,0,0
WBGene00170143.,0,0,0
WBGene00170144.,0,0,0
WBGene00170145.,0,0,0
WBGene00170146.,0,0,0
WBGene00170147.,0,0,0
WBGene00170148.,0,0,0
WBGene00170149.,0,0,0
WBGene00170150.,0,0,0
WBGene00170151.,0,0,0
WBGene00170152.,0,0,0
WBGene00170153.,0,0,0
WBGene00170154.,0,0,0
WBGene00170155.,0,0,0
WBGene00170156.,0,0,0
WBGene00170157.,0,0,0
WBGene00170158.,0,0,0
WBGene00170159.,0,0,0
WBGene00170160.,0,0,0
WBGene00170161.,0,0,0
WBGene00170162.,0,0,0
WBGene00170163.,0,0,0
WBGene00170164.,0,0,0
WBGene00170165.,0,0,0
WBGene00170166.,0,0,0
WBGene00170167.,0,0,0
WBGene00170168.,0,0,0
WBGene00170169.,0,0,0
WBGene00170170.,0,0,0
WBGene00170171.,0,0,0
WBGene00170172.,0,0,0
WBGene00170173.,0,0,0
WBGene00170174.,0,0,0
WBGene00170175.,0,0,0
WBGene00170176.,0,0,0
WBGene00170177.,0,0,0
WBGene00170178.,0,0,0
WBGene00170179.,0,0,0
WBGene00170180.,0,0,0
WBGene00170181.,0,0,0
WBGene00170182.,0,0,0
WBGene00170183.,0,0,0
WBGene00170184.,0,0,0
WBGene00170185.,0,0,0
WBGene00170186.,0,0,0
WBGene00170187.,0,0,0
WBGene00170188.,0,0,0
WBGene00170189.,0,0,0
WBGene00170190.,0,0,0
WBGene00170191.,0,0,0
WBGene00170192.,0,0,0
WBGene00170193.,0,0,0
WBGene00170194.,0,0,0
WBGene00170195.,0,0,0
WBGene00170196.,0,0,0
WBGene00170197.,0,0,0
WBGene00170198.,0,0,0
WBGene00170199.,0,0,0
WBGene00170200.,0,0,0
WBGene00170201.,0,0,0
WBGene00170202.,0,0,0
WBGene00170203.,0,0,0
WBGene00170204.,0,0,0
WBGene00170205.,0,0,0
WBGene00170206.,0,0,0
WBGene00170207.,0,0,0
WBGene00170208.,0,0,0
WBGene00170209.,0,0,0
WBGene00170210.,0,0,0
WBGene00170211.,0,0,0
WBGene00170212.,0,0,0
WBGene00170213.,0,0,0
WBGene00170214.,0,0,0
WBGene00170215.,0,0,0
WBGene00170216.,0,0,0
WBGene00170217.,0,0,0
WBGene00170218.,0,0,0
WBGene00170219.,0,0,0
WBGene00170220.,0,0,0
WBGene00170221.,0,0,0
WBGene00170222.,0,0,0
WBGene00170223.,0,0,0
WBGene00170224.,0,0,0
WBGene00170225.,0,0,0
WBGene00170226.,0,0,0
WBGene00170227.,0,0,0
WBGene00170228.,0,0,0
WBGene00170229.,0,0,0
WBGene00170230.,0,0,0
WBGene00170231.,0,0,0
WBGene00170232.,0,0,0
WBGene00170233.,0,0,0
WBGene00170234.,0,0,0
WBGene00170235.,0,0,0
WBGene00170236.,0,0,0
WBGene00170237.,0,0,0
WBGene00170238.,0,0,0
WBGene00170239.,0,0,0
WBGene00170240.,0,0,0
WBGene00170241.,0,0,0
WBGene00170242.,0,0,0
WBGene00170243.,0,0,0
WBGene00170244.,0,0,0
WBGene00170245.,0,0,0
WBGene00170246.,0,0,0
WBGene00170247.,0,0,0
WBGene00170248.,0,0,0
WBGene00170249.,0,0,0
WBGene00170250.,0,0,0
WBGene00170251.,0,0,0
WBGene00170252.,0,0,0
WBGene00170253.,0,0,0
WBGene00170254.,0,0,0
WBGene00170255.,0,0,0
WBGene00170256.,0,0,0
WBGene00170257.,0,0,0
WBGene00170258.,0,0,0
WBGene00170259.,0,0,0
WBGene00170260.,0,0,0
WBGene00170261.,0,0,0
WBGene00170262.,0,0,0
WBGene00170263.,0,0,0
WBGene00170264.,0,0,0
WBGene00170265.,0,0,0
WBGene00170266.,0,0,0
WBGene00170267.,0,0,0
WBGene00170268.,0,0,0
WBGene00170269.,0,0,0
WBGene00170270.,0,0,0
WBGene00170271.,0,0,0
WBGene00170272.,0,0,0
WBGene00170273.,0,0,0
WBGene00170274.,0,0,0
WBGene00170275.,0,0,0
WBGene00170276.,0,0,0
WBGene00170277.,0,0,0
WBGene00170278.,0,0,0
WBGene00170279.,0,0,0
WBGene00170280.,0,0,0
WBGene00170281.,0,0,0
WBGene00170282.,0,0,0
WBGene00170283.,0,0,0
WBGene00170284.,0,0,0
WBGene00170285.,0,0,0
WBGene00170286.,0,0,0
WBGene00170287.,0,0,0
WBGene00170288.,0,0,0
WBGene00170289.,0,0,0
WBGene00170290.,0,0,0
WBGene00170291.,0,0,0
WBGene00170292.,0,0,0
WBGene00170293.,0,0,0
WBGene00170294.,0,0,0
WBGene00170295.,0,0,0
WBGene00170296.,0,0,0
WBGene00170297.,0,0,0
WBGene00170298.,0,0,0
WBGene00170299.,0,0,0
WBGene00170300.,0,0,0
WBGene00170301.,0,0,0
WBGene00170302.,0,0,0
WBGene00170303.,0,0,0
WBGene00170304.,0,0,0
WBGene00170305.,0,0,0
WBGene00170306.,0,0,0
WBGene00170307.,0,0,0
WBGene00170308.,0,0,0
WBGene00170309.,0,0,0
WBGene00170310.,0,0,0
WBGene00170311.,0,0,0
WBGene00170312.,0,0,0
WBGene00170313.,0,0,0
WBGene00170314.,0,0,0
WBGene00170315.,0,0,0
WBGene00170316.,0,0,0
WBGene00170317.,0,0,0
WBGene00170318.,0,0,0
WBGene00170319.,0,0,0
WBGene00170320.,0,0,0
WBGene00170321.,0,0,0
WBGene00170322.,0,0,0
WBGene00170323.,0,0,0
WBGene00170324.,0,0,0
WBGene00170325.,0,0,0
WBGene00170326.,0,0,0
WBGene00170327.,0,0,0
WBGene00170328.,0,0,0
WBGene00170329.,0,0,0
WBGene00170330.,0,0,0
WBGene00170331.,0,0,0
WBGene00170332.,0,0,0
WBGene00170333.,0,0,0
WBGene00170334.,0,0,0
WBGene00170335.,0,0,0
WBGene00170336.,0,0,0
WBGene00170337.,0,0,0
WBGene00170338.,0,0,0
WBGene00170339.,0,0,0
WBGene00170340.,0,0,0
WBGene00170341.,0,0,0
WBGene00170342.,0,0,0
WBGene00170343.,0,0,0
WBGene00170344.,0,0,0
WBGene00170345.,0,0,0
WBGene00170346.,0,0,0
WBGene00170347.,0,0,0
WBGene00170348.,0,0,0
WBGene00170349.,0,0,0
WBGene00170350.,0,0,0
WBGene00170351.,0,0,0
WBGene00170352.,0,0,0
WBGene00170353.,0,0,0
WBGene00170354.,0,0,0
WBGene00170355.,0,0,0
WBGene00170356.,0,0,0
WBGene00170357.,0,0,0
WBGene00170358.,0,0,0
WBGene00170359.,0,0,0
WBGene00170360.,0,0,0
WBGene00170361.,0,0,0
WBGene00170362.,0,0,0
WBGene00170363.,0,0,0
WBGene00170364.,0,0,0
WBGene00170365.,0,0,0
WBGene00170366.,0,0,0
WBGene00170367.,0,0,0
WBGene00170368.,0,0,0
WBGene00170369.,0,0,0
WBGene00170370.,0,0,0
WBGene00170371.,0,0,0
WBGene00170372.,0,0,0
WBGene00170373.,0,0,0
WBGene00170374.,0,0,0
WBGene00170375.,0,0,0
WBGene00170376.,0,0,0
WBGene00170377.,0,0,0
WBGene00170378.,0,0,0
WBGene00170379.,0,0,0
WBGene00170380.,0,0,0
WBGene00170381.,0,0,0
WBGene00170382.,0,0,0
WBGene00170383.,0,0,0
WBGene00170384.,0,0,0
WBGene00170385.,0,0,0
WBGene00170386.,0,0,0
WBGene00170387.,0,0,0
WBGene00170388.,0,0,0
WBGene00170389.,0,0,0
WBGene00170390.,0,0,0
WBGene00170391.,0,0,0
WBGene00170392.,0,0,0
WBGene00170393.,0,0,0
WBGene00170394.,0,0,0
WBGene00170395.,0,0,0
WBGene00170396.,0,0,0
WBGene00170397.,0,0,0
WBGene00170398.,0,0,0
WBGene00170399.,0,0,0
WBGene00170400.,0,0,0
WBGene00170401.,0,0,0
WBGene00170402.,0,0,0
WBGene00170403.,0,0,0
WBGene00170404.,0,0,0
WBGene00170405.,0,0,0
WBGene00170406.,0,0,0
WBGene00170407.,0,0,0
WBGene00170408.,0,0,0
WBGene00170409.,0,0,0
WBGene00170410.,0,0,0
WBGene00170411.,0,0,0
WBGene00170412.,0,0,0
WBGene00170413.,0,0,0
WBGene00170414.,0,0,0
WBGene00170415.,0,0,0
WBGene00170416.,0,0,0
WBGene00170417.,0,0,0
WBGene00170418.,0,0,0
WBGene00170419.,0,0,0
WBGene00170420.,0,0,0
WBGene00170421.,0,0,0
WBGene00170422.,0,0,0
WBGene00170423.,0,0,0
WBGene00170424.,0,0,0
WBGene00170425.,0,0,0
WBGene00170426.,0,0,0
WBGene00170427.,0,0,0
WBGene00170428.,0,0,0
WBGene00170429.,0,0,0
WBGene00170430.,0,0,0
WBGene00170431.,0,0,0
WBGene00170432.,0,0,0
WBGene00170433.,0,0,0
WBGene00170434.,0,0,0
WBGene00170435.,0,0,0
WBGene00170436.,0,0,0
WBGene00170437.,0,0,0
WBGene00170438.,0,0,0
WBGene00170439.,0,0,0
WBGene00170440.,0,0,0
WBGene00170441.,0,0,0
WBGene00170442.,0,0,0
WBGene00170443.,0,0,0
WBGene00170444.,0,0,0
WBGene00170445.,0,0,0
WBGene00170446.,0,0,0
WBGene00170447.,0,0,0
WBGene00170448.,0,0,0
WBGene00170449.,0,0,0
WBGene00170450.,0,0,0
WBGene00170451.,0,0,0
WBGene00170452.,0,0,0
WBGene00170453.,0,0,0
WBGene00170454.,0,0,0
WBGene00170455.,0,0,0
WBGene00170456.,0,0,0
WBGene00170457.,0,0,0
WBGene00170458.,0,0,0
WBGene00170459.,0,0,0
WBGene00170460.,0,0,0
WBGene00170461.,0,0,0
WBGene00170462.,0,0,0
WBGene00170463.,0,0,0
WBGene00170464.,0,0,0
WBGene00170465.,0,0,0
WBGene00170466.,0,0,0
WBGene00170467.,0,0,0
WBGene00170468.,0,0,0
WBGene00170469.,0,0,0
WBGene00170470.,0,0,0
WBGene00170471.,0,0,0
WBGene00170472.,0,0,0
WBGene00170473.,0,0,0
WBGene00170474.,0,0,0
WBGene00170475.,0,0,0
WBGene00170476.,0,0,0
WBGene00170477.,0,0,0
WBGene00170478.,0,0,0
WBGene00170479.,0,0,0
WBGene00170480.,0,0,0
WBGene00170481.,0,0,0
WBGene00170482.,0,0,0
WBGene00170483.,0,0,0
WBGene00170484.,0,0,0
WBGene00170485.,0,0,0
WBGene00170486.,0,0,0
WBGene00170487.,0,0,0
WBGene00170488.,0,0,0
WBGene00170489.,0,0,0
WBGene00170490.,0,0,0
WBGene00170491.,0,0,0
WBGene00170492.,0,0,0
WBGene00170493.,0,0,0
WBGene00170494.,0,0,0
WBGene00170495.,0,0,0
WBGene00170496.,0,0,0
WBGene00170497.,0,0,0
WBGene00170498.,0,0,0
WBGene00170499.,0,0,0
WBGene00170500.,0,0,0
WBGene00170501.,0,0,0
WBGene00170502.,0,0,0
WBGene00170503.,0,0,0
WBGene00170504.,0,0,0
WBGene00170505.,0,0,0
WBGene00170506.,0,0,0
WBGene00170507.,0,0,0
WBGene00170508.,0,0,0
WBGene00170509.,0,0,0
WBGene00170510.,0,0,0
WBGene00170511.,0,0,0
WBGene00170512.,0,0,0
WBGene00170513.,0,0,0
WBGene00170514.,0,0,0
WBGene00170515.,0,0,0
WBGene00170516.,0,0,0
WBGene00170517.,0,0,0
WBGene00170518.,0,0,0
WBGene00170519.,0,0,0
WBGene00170520.,0,0,0
WBGene00170521.,0,0,0
WBGene00170522.,0,0,0
WBGene00170523.,0,0,0
WBGene00170524.,0,0,0
WBGene00170525.,0,0,0
WBGene00170526.,0,0,0
WBGene00170527.,0,0,0
WBGene00170528.,0,0,0
WBGene00170529.,0,0,0
WBGene00170530.,0,0,0
WBGene00170531.,0,0,0
WBGene00170532.,0,0,0
WBGene00170533.,0,0,0
WBGene00170534.,0,0,0
WBGene00170535.,0,0,0
WBGene00170536.,0,0,0
WBGene00170537.,0,0,0
WBGene00170538.,0,0,0
WBGene00170539.,0,0,0
WBGene00170540.,0,0,0
WBGene00170541.,0,0,0
WBGene00170542.,0,0,0
WBGene00170543.,0,0,0
WBGene00170544.,0,0,0
WBGene00170545.,0,0,0
WBGene00170546.,0,0,0
WBGene00170547.,0,0,0
WBGene00170548.,0,0,0
WBGene00170549.,0,0,0
WBGene00170550.,0,0,0
WBGene00170551.,0,0,0
WBGene00170552.,0,0,0
WBGene00170553.,0,0,0
WBGene00170554.,0,0,0
WBGene00170555.,0,0,0
WBGene00170556.,0,0,0
WBGene00170557.,0,0,0
WBGene00170558.,0,0,0
WBGene00170559.,0,0,0
WBGene00170560.,0,0,0
WBGene00170561.,0,0,0
WBGene00170562.,0,0,0
WBGene00170563.,0,0,0
WBGene00170564.,0,0,0
WBGene00170565.,0,0,0
WBGene00170566.,0,0,0
WBGene00170567.,0,0,0
WBGene00170568.,0,0,0
WBGene00170569.,0,0,0
WBGene00170570.,0,0,0
WBGene00170571.,0,0,0
WBGene00170572.,0,0,0
WBGene00170573.,0,0,0
WBGene00170574.,0,0,0
WBGene00170575.,0,0,0
WBGene00170576.,0,0,0
WBGene00170577.,0,0,0
WBGene00170578.,0,0,0
WBGene00170579.,0,0,0
WBGene00170580.,0,0,0
WBGene00170581.,0,0,0
WBGene00170582.,0,0,0
WBGene00170583.,0,0,0
WBGene00170584.,0,0,0
WBGene00170585.,0,0,0
WBGene00170586.,0,0,0
WBGene00170587.,0,0,0
WBGene00170588.,0,0,0
WBGene00170589.,0,0,0
WBGene00170590.,0,0,0
WBGene00170591.,0,0,0
WBGene00170592.,0,0,0
WBGene00170593.,0,0,0
WBGene00170594.,0,0,0
WBGene00170595.,0,0,0
WBGene00170596.,0,0,0
WBGene00170597.,0,0,0
WBGene00170598.,0,0,0
WBGene00170599.,0,0,0
WBGene00170600.,0,0,0
WBGene00170601.,0,0,0
WBGene00170602.,0,0,0
WBGene00170603.,0,0,0
WBGene00170604.,0,0,0
WBGene00170605.,0,0,0
WBGene00170606.,0,0,0
WBGene00170607.,0,0,0
WBGene00170608.,0,0,0
WBGene00170609.,0,0,0
WBGene00170610.,0,0,0
WBGene00170611.,0,0,0
WBGene00170612.,0,0,0
WBGene00170613.,0,0,0
WBGene00170614.,0,0,0
WBGene00170615.,0,0,0
WBGene00170616.,0,0,0
WBGene00170617.,0,0,0
WBGene00170618.,0,0,0
WBGene00170619.,0,0,0
WBGene00170620.,0,0,0
WBGene00170621.,0,0,0
WBGene00170622.,0,0,0
WBGene00170623.,0,0,0
WBGene00170624.,0,0,0
WBGene00170625.,0,0,0
WBGene00170626.,0,0,0
WBGene00170627.,0,0,0
WBGene00170628.,0,0,0
WBGene00170629.,0,0,0
WBGene00170630.,0,0,0
WBGene00170631.,0,0,0
WBGene00170632.,0,0,0
WBGene00170633.,0,0,0
WBGene00170634.,0,0,0
WBGene00170635.,0,0,0
WBGene00170636.,0,0,0
WBGene00170637.,0,0,0
WBGene00170638.,0,0,0
WBGene00170639.,0,0,0
WBGene00170640.,0,0,0
WBGene00170641.,0,0,0
WBGene00170642.,0,0,0
WBGene00170643.,0,0,0
WBGene00170644.,0,0,0
WBGene00170645.,0,0,0
WBGene00170646.,0,0,0
WBGene00170647.,0,0,0
WBGene00170648.,0,0,0
WBGene00170649.,0,0,0
WBGene00170650.,0,0,0
WBGene00170651.,0,0,0
WBGene00170652.,0,0,0
WBGene00170653.,0,0,0
WBGene00170654.,0,0,0
WBGene00170655.,0,0,0
WBGene00170656.,0,0,0
WBGene00170657.,0,0,0
WBGene00170658.,0,0,0
WBGene00170659.,0,0,0
WBGene00170660.,0,0,0
WBGene00170661.,0,0,0
WBGene00170662.,0,0,0
WBGene00170663.,0,0,0
WBGene00170664.,0,0,0
WBGene00170665.,0,0,0
WBGene00170666.,0,0,0
WBGene00170667.,0,0,0
WBGene00170668.,0,0,0
WBGene00170669.,0,0,0
WBGene00170670.,0,0,0
WBGene00170671.,0,0,0
WBGene00170672.,0,0,0
WBGene00170673.,0,0,0
WBGene00170674.,0,0,0
WBGene00170675.,0,0,0
WBGene00170676.,0,0,0
WBGene00170677.,0,0,0
WBGene00170678.,0,0,0
WBGene00170679.,0,0,0
WBGene00170680.,0,0,0
WBGene00170681.,0,0,0
WBGene00170682.,0,0,0
WBGene00170683.,0,0,0
WBGene00170684.,0,0,0
WBGene00170685.,0,0,0
WBGene00170686.,0,0,0
WBGene00170687.,0,0,0
WBGene00170688.,0,0,0
WBGene00170689.,0,0,0
WBGene00170690.,0,0,0
WBGene00170691.,0,0,0
WBGene00170692.,0,0,0
WBGene00170693.,0,0,0
WBGene00170694.,0,0,0
WBGene00170695.,0,0,0
WBGene00170697.,0,0,0
WBGene00170698.,0,0,0
WBGene00170699.,0,0,0
WBGene00170700.,0,0,0
WBGene00170701.,0,0,0
WBGene00170702.,0,0,0
WBGene00170703.,0,0,0
WBGene00170704.,0,0,0
WBGene00170705.,0,0,0
WBGene00170706.,0,0,0
WBGene00170707.,0,0,0
WBGene00170708.,0,0,0
WBGene00170709.,0,0,0
WBGene00170710.,0,0,0
WBGene00170711.,0,0,0
WBGene00170712.,0,0,0
WBGene00170713.,0,0,0
WBGene00170714.,0,0,0
WBGene00170715.,0,0,0
WBGene00170716.,0,0,0
WBGene00170717.,0,0,0
WBGene00170718.,0,0,0
WBGene00170719.,0,0,0
WBGene00170720.,0,0,0
WBGene00170721.,0,0,0
WBGene00170722.,0,0,0
WBGene00170723.,0,0,0
WBGene00170724.,0,0,0
WBGene00170725.,0,0,0
WBGene00170726.,0,0,0
WBGene00170727.,0,0,0
WBGene00170728.,0,0,0
WBGene00170729.,0,0,0
WBGene00170730.,0,0,0
WBGene00170731.,0,0,0
WBGene00170732.,0,0,0
WBGene00170733.,0,0,0
WBGene00170734.,0,0,0
WBGene00170735.,0,0,0
WBGene00170736.,0,0,0
WBGene00170737.,0,0,0
WBGene00170738.,0,0,0
WBGene00170739.,0,0,0
WBGene00170740.,0,0,0
WBGene00170741.,0,0,0
WBGene00170742.,0,0,0
WBGene00170743.,0,0,0
WBGene00170744.,0,0,0
WBGene00170745.,0,0,0
WBGene00170746.,0,0,0
WBGene00170747.,0,0,0
WBGene00170748.,0,0,0
WBGene00170749.,0,0,0
WBGene00170750.,0,0,0
WBGene00170751.,0,0,0
WBGene00170752.,0,0,0
WBGene00170753.,0,0,0
WBGene00170754.,0,0,0
WBGene00170755.,0,0,0
WBGene00170756.,0,0,0
WBGene00170757.,0,0,0
WBGene00170758.,0,0,0
WBGene00170759.,0,0,0
WBGene00170760.,0,0,0
WBGene00170761.,0,0,0
WBGene00170762.,0,0,0
WBGene00170763.,0,0,0
WBGene00170764.,0,0,0
WBGene00170765.,0,0,0
WBGene00170766.,0,0,0
WBGene00170767.,0,0,0
WBGene00170768.,0,0,0
WBGene00170769.,0,0,0
WBGene00170770.,0,0,0
WBGene00170771.,0,0,0
WBGene00170772.,0,0,0
WBGene00170773.,0,0,0
WBGene00170774.,0,0,0
WBGene00170775.,0,0,0
WBGene00170776.,0,0,0
WBGene00170777.,0,0,0
WBGene00170778.,0,0,0
WBGene00170779.,0,0,0
WBGene00170780.,0,0,0
WBGene00170781.,0,0,0
WBGene00170782.,0,0,0
WBGene00170783.,0,0,0
WBGene00170784.,0,0,0
WBGene00170785.,0,0,0
WBGene00170786.,0,0,0
WBGene00170787.,0,0,0
WBGene00170788.,0,0,0
WBGene00170789.,0,0,0
WBGene00170790.,0,0,0
WBGene00170791.,0,0,0
WBGene00170792.,0,0,0
WBGene00170793.,0,0,0
WBGene00170794.,0,0,0
WBGene00170795.,0,0,0
WBGene00170796.,0,0,0
WBGene00170797.,0,0,0
WBGene00170798.,0,0,0
WBGene00170799.,0,0,0
WBGene00170800.,0,0,0
WBGene00170801.,0,0,0
WBGene00170802.,0,0,0
WBGene00170803.,0,0,0
WBGene00170804.,0,0,0
WBGene00170805.,0,0,0
WBGene00170806.,0,0,0
WBGene00170807.,0,0,0
WBGene00170808.,0,0,0
WBGene00170809.,0,0,0
WBGene00170810.,0,0,0
WBGene00170811.,0,0,0
WBGene00170812.,0,0,0
WBGene00170813.,0,0,0
WBGene00170814.,0,0,0
WBGene00170815.,0,0,0
WBGene00170816.,0,0,0
WBGene00170817.,0,0,0
WBGene00170818.,0,0,0
WBGene00170819.,0,0,0
WBGene00170820.,0,0,0
WBGene00170821.,0,0,0
WBGene00170822.,0,0,0
WBGene00170823.,0,0,0
WBGene00170824.,0,0,0
WBGene00170825.,0,0,0
WBGene00170826.,0,0,0
WBGene00170827.,0,0,0
WBGene00170828.,0,0,0
WBGene00170829.,0,0,0
WBGene00170830.,0,0,0
WBGene00170831.,0,0,0
WBGene00170832.,0,0,0
WBGene00170833.,0,0,0
WBGene00170834.,0,0,0
WBGene00170835.,0,0,0
WBGene00170836.,0,0,0
WBGene00170837.,0,0,0
WBGene00170838.,0,0,0
WBGene00170839.,0,0,0
WBGene00170840.,0,0,0
WBGene00170841.,0,0,0
WBGene00170842.,0,0,0
WBGene00170843.,0,0,0
WBGene00170844.,0,0,0
WBGene00170845.,0,0,0
WBGene00170846.,0,0,0
WBGene00170847.,0,0,0
WBGene00170848.,0,0,0
WBGene00170849.,0,0,0
WBGene00170850.,0,0,0
WBGene00170851.,0,0,0
WBGene00170852.,0,0,0
WBGene00170853.,0,0,0
WBGene00170854.,0,0,0
WBGene00170855.,0,0,0
WBGene00170856.,0,0,0
WBGene00170857.,0,0,0
WBGene00170858.,0,0,0
WBGene00170859.,0,0,0
WBGene00170860.,0,0,0
WBGene00170861.,0,0,0
WBGene00170862.,0,0,0
WBGene00170863.,0,0,0
WBGene00170864.,0,0,0
WBGene00170865.,0,0,0
WBGene00170866.,0,0,0
WBGene00170867.,0,0,0
WBGene00170868.,0,0,0
WBGene00170869.,0,0,0
WBGene00170870.,0,0,0
WBGene00170871.,0,0,0
WBGene00170872.,0,0,0
WBGene00170873.,0,0,0
WBGene00170874.,0,0,0
WBGene00170875.,0,0,0
WBGene00170876.,0,0,0
WBGene00170877.,0,0,0
WBGene00170878.,0,0,0
WBGene00170879.,0,0,0
WBGene00170880.,0,0,0
WBGene00170881.,0,0,0
WBGene00170882.,0,0,0
WBGene00170883.,0,0,0
WBGene00170884.,0,0,0
WBGene00170885.,0,0,0
WBGene00170886.,0,0,0
WBGene00170887.,0,0,0
WBGene00170888.,0,0,0
WBGene00170889.,0,0,0
WBGene00170890.,0,0,0
WBGene00170891.,0,0,0
WBGene00170892.,0,0,0
WBGene00170893.,0,0,0
WBGene00170894.,0,0,0
WBGene00170895.,0,0,0
WBGene00170896.,0,0,0
WBGene00170897.,0,0,0
WBGene00170898.,0,0,0
WBGene00170899.,0,0,0
WBGene00170900.,0,0,0
WBGene00170901.,0,0,0
WBGene00170902.,0,0,0
WBGene00170903.,0,0,0
WBGene00170904.,0,0,0
WBGene00170905.,0,0,0
WBGene00170906.,0,0,0
WBGene00170907.,0,0,0
WBGene00170908.,0,0,0
WBGene00170909.,0,0,0
WBGene00170910.,0,0,0
WBGene00170911.,0,0,0
WBGene00170912.,0,0,0
WBGene00170913.,0,0,0
WBGene00170914.,0,0,0
WBGene00170915.,0,0,0
WBGene00170916.,0,0,0
WBGene00170917.,0,0,0
WBGene00170918.,0,0,0
WBGene00170919.,0,0,0
WBGene00170920.,0,0,0
WBGene00170921.,0,0,0
WBGene00170922.,0,0,0
WBGene00170923.,0,0,0
WBGene00170924.,0,0,0
WBGene00170925.,0,0,0
WBGene00170926.,0,0,0
WBGene00170927.,0,0,0
WBGene00170928.,0,0,0
WBGene00170929.,0,0,0
WBGene00170930.,0,0,0
WBGene00170931.,0,0,0
WBGene00170932.,0,0,0
WBGene00170933.,0,0,0
WBGene00170934.,0,0,0
WBGene00170935.,0,0,0
WBGene00170936.,0,0,0
WBGene00170937.,0,0,0
WBGene00170938.,0,0,0
WBGene00170939.,0,0,0
WBGene00170940.,0,0,0
WBGene00170941.,0,0,0
WBGene00170942.,0,0,0
WBGene00170943.,0,0,0
WBGene00170944.,0,0,0
WBGene00170945.,0,0,0
WBGene00170946.,0,0,0
WBGene00170947.,0,0,0
WBGene00170948.,0,0,0
WBGene00170949.,0,0,0
WBGene00170950.,0,0,0
WBGene00170951.,0,0,0
WBGene00170952.,0,0,0
WBGene00170953.,0,0,0
WBGene00170954.,0,0,0
WBGene00170955.,0,0,0
WBGene00170956.,0,0,0
WBGene00170957.,0,0,0
WBGene00170958.,0,0,0
WBGene00170959.,0,0,0
WBGene00170960.,0,0,0
WBGene00170961.,0,0,0
WBGene00170962.,0,0,0
WBGene00170963.,0,0,0
WBGene00170964.,0,0,0
WBGene00170965.,0,0,0
WBGene00170966.,0,0,0
WBGene00170967.,0,0,0
WBGene00170968.,0,0,0
WBGene00170969.,0,0,0
WBGene00170970.,0,0,0
WBGene00170971.,0,0,0
WBGene00170972.,0,0,0
WBGene00170973.,0,0,0
WBGene00170974.,0,0,0
WBGene00170975.,0,0,0
WBGene00170976.,0,0,0
WBGene00170977.,0,0,0
WBGene00170978.,0,0,0
WBGene00170979.,0,0,0
WBGene00170980.,0,0,0
WBGene00170981.,0,0,0
WBGene00170982.,0,0,0
WBGene00170983.,0,0,0
WBGene00170984.,0,0,0
WBGene00170985.,0,0,0
WBGene00170986.,0,0,0
WBGene00170987.,0,0,0
WBGene00170988.,0,0,0
WBGene00170989.,0,0,0
WBGene00170990.,0,0,0
WBGene00170991.,0,0,0
WBGene00170992.,0,0,0
WBGene00170993.,0,0,0
WBGene00170994.,0,0,0
WBGene00170995.,0,0,0
WBGene00170996.,0,0,0
WBGene00170997.,0,0,0
WBGene00170998.,0,0,0
WBGene00170999.,0,0,0
WBGene00171000.,0,0,0
WBGene00171001.,0,0,0
WBGene00171002.,0,0,0
WBGene00171003.,0,0,0
WBGene00171004.,0,0,0
WBGene00171005.,0,0,0
WBGene00171006.,0,0,0
WBGene00171007.,0,0,0
WBGene00171008.,0,0,0
WBGene00171009.,0,0,0
WBGene00171010.,0,0,0
WBGene00171011.,0,0,0
WBGene00171012.,0,0,0
WBGene00171013.,0,0,0
WBGene00171014.,0,0,0
WBGene00171015.,0,0,0
WBGene00171016.,0,0,0
WBGene00171017.,0,0,0
WBGene00171018.,0,0,0
WBGene00171019.,0,0,0
WBGene00171020.,0,0,0
WBGene00171021.,0,0,0
WBGene00171022.,0,0,0
WBGene00171023.,0,0,0
WBGene00171024.,0,0,0
WBGene00171025.,0,0,0
WBGene00171026.,0,0,0
WBGene00171027.,0,0,0
WBGene00171028.,0,0,0
WBGene00171029.,0,0,0
WBGene00171030.,0,0,0
WBGene00171031.,0,0,0
WBGene00171032.,0,0,0
WBGene00171033.,0,0,0
WBGene00171034.,0,0,0
WBGene00171035.,0,0,0
WBGene00171036.,0,0,0
WBGene00171037.,0,0,0
WBGene00171038.,0,0,0
WBGene00171039.,0,0,0
WBGene00171040.,0,0,0
WBGene00171041.,0,0,0
WBGene00171042.,0,0,0
WBGene00171043.,0,0,0
WBGene00171044.,0,0,0
WBGene00171045.,0,0,0
WBGene00171046.,0,0,0
WBGene00171047.,0,0,0
WBGene00171048.,0,0,0
WBGene00171049.,0,0,0
WBGene00171050.,0,0,0
WBGene00171051.,0,0,0
WBGene00171052.,0,0,0
WBGene00171053.,0,0,0
WBGene00171054.,0,0,0
WBGene00171055.,0,0,0
WBGene00171056.,0,0,0
WBGene00171057.,0,0,0
WBGene00171058.,0,0,0
WBGene00171059.,0,0,0
WBGene00171060.,0,0,0
WBGene00171061.,0,0,0
WBGene00171062.,0,0,0
WBGene00171063.,0,0,0
WBGene00171064.,0,0,0
WBGene00171065.,0,0,0
WBGene00171066.,0,0,0
WBGene00171067.,0,0,0
WBGene00171068.,0,0,0
WBGene00171069.,0,0,0
WBGene00171070.,0,0,0
WBGene00171071.,0,0,0
WBGene00171072.,0,0,0
WBGene00171073.,0,0,0
WBGene00171074.,0,0,0
WBGene00171075.,0,0,0
WBGene00171076.,0,0,0
WBGene00171077.,0,0,0
WBGene00171078.,0,0,0
WBGene00171079.,0,0,0
WBGene00171080.,0,0,0
WBGene00171081.,0,0,0
WBGene00171082.,0,0,0
WBGene00171083.,0,0,0
WBGene00171084.,0,0,0
WBGene00171085.,0,0,0
WBGene00171086.,0,0,0
WBGene00171087.,0,0,0
WBGene00171088.,0,0,0
WBGene00171089.,0,0,0
WBGene00171090.,0,0,0
WBGene00171091.,0,0,0
WBGene00171092.,0,0,0
WBGene00171093.,0,0,0
WBGene00171094.,0,0,0
WBGene00171095.,0,0,0
WBGene00171096.,0,0,0
WBGene00171097.,0,0,0
WBGene00171098.,0,0,0
WBGene00171099.,0,0,0
WBGene00171100.,0,0,0
WBGene00171101.,0,0,0
WBGene00171102.,0,0,0
WBGene00171103.,0,0,0
WBGene00171104.,0,0,0
WBGene00171105.,0,0,0
WBGene00171106.,0,0,0
WBGene00171107.,0,0,0
WBGene00171108.,0,0,0
WBGene00171109.,0,0,0
WBGene00171110.,0,0,0
WBGene00171111.,0,0,0
WBGene00171112.,0,0,0
WBGene00171113.,0,0,0
WBGene00171114.,0,0,0
WBGene00171115.,0,0,0
WBGene00171116.,0,0,0
WBGene00171117.,0,0,0
WBGene00171118.,0,0,0
WBGene00171119.,0,0,0
WBGene00171120.,0,0,0
WBGene00171121.,0,0,0
WBGene00171122.,0,0,0
WBGene00171123.,0,0,0
WBGene00171124.,0,0,0
WBGene00171125.,0,0,0
WBGene00171126.,0,0,0
WBGene00171127.,0,0,0
WBGene00171128.,0,0,0
WBGene00171129.,0,0,0
WBGene00171130.,0,0,0
WBGene00171131.,0,0,0
WBGene00171132.,0,0,0
WBGene00171133.,0,0,0
WBGene00171134.,0,0,0
WBGene00171135.,0,0,0
WBGene00171136.,0,0,0
WBGene00171137.,0,0,0
WBGene00171138.,0,0,0
WBGene00171139.,0,0,0
WBGene00171140.,0,0,0
WBGene00171141.,0,0,0
WBGene00171142.,0,0,0
WBGene00171143.,0,0,0
WBGene00171144.,0,0,0
WBGene00171145.,0,0,0
WBGene00171146.,0,0,0
WBGene00171147.,0,0,0
WBGene00171148.,0,0,0
WBGene00171149.,0,0,0
WBGene00171150.,0,0,0
WBGene00171151.,0,0,0
WBGene00171152.,0,0,0
WBGene00171153.,0,0,0
WBGene00171154.,0,0,0
WBGene00171155.,0,0,0
WBGene00171156.,0,0,0
WBGene00171157.,0,0,0
WBGene00171158.,0,0,0
WBGene00171159.,0,0,0
WBGene00171160.,0,0,0
WBGene00171161.,0,0,0
WBGene00171162.,0,0,0
WBGene00171163.,0,0,0
WBGene00171164.,0,0,0
WBGene00171165.,0,0,0
WBGene00171166.,0,0,0
WBGene00171167.,0,0,0
WBGene00171168.,0,0,0
WBGene00171169.,0,0,0
WBGene00171170.,0,0,0
WBGene00171171.,0,0,0
WBGene00171172.,0,0,0
WBGene00171173.,0,0,0
WBGene00171174.,0,0,0
WBGene00171175.,0,0,0
WBGene00171176.,0,0,0
WBGene00171177.,0,0,0
WBGene00171178.,0,0,0
WBGene00171179.,0,0,0
WBGene00171180.,0,0,0
WBGene00171181.,0,0,0
WBGene00171182.,0,0,0
WBGene00171183.,0,0,0
WBGene00171184.,0,0,0
WBGene00171185.,0,0,0
WBGene00171186.,0,0,0
WBGene00171187.,0,0,0
WBGene00171188.,0,0,0
WBGene00171189.,0,0,0
WBGene00171190.,0,0,0
WBGene00171191.,0,0,0
WBGene00171192.,0,0,0
WBGene00171193.,0,0,0
WBGene00171194.,0,0,0
WBGene00171195.,0,0,0
WBGene00171196.,0,0,0
WBGene00171197.,0,0,0
WBGene00171198.,0,0,0
WBGene00171199.,0,0,0
WBGene00171200.,0,0,0
WBGene00171201.,0,0,0
WBGene00171202.,0,0,0
WBGene00171203.,0,0,0
WBGene00171204.,0,0,0
WBGene00171205.,0,0,0
WBGene00171206.,0,0,0
WBGene00171207.,0,0,0
WBGene00171208.,0,0,0
WBGene00171209.,0,0,0
WBGene00171210.,0,0,0
WBGene00171211.,0,0,0
WBGene00171212.,0,0,0
WBGene00171213.,0,0,0
WBGene00171214.,0,0,0
WBGene00171215.,0,0,0
WBGene00171216.,0,0,0
WBGene00171217.,0,0,0
WBGene00171218.,0,0,0
WBGene00171219.,0,0,0
WBGene00171220.,0,0,0
WBGene00171221.,0,0,0
WBGene00171222.,0,0,0
WBGene00171223.,0,0,0
WBGene00171224.,0,0,0
WBGene00171225.,0,0,0
WBGene00171226.,0,0,0
WBGene00171227.,0,0,0
WBGene00171228.,0,0,0
WBGene00171229.,0,0,0
WBGene00171230.,0,0,0
WBGene00171231.,0,0,0
WBGene00171232.,0,0,0
WBGene00171233.,0,0,0
WBGene00171234.,0,0,0
WBGene00171235.,0,0,0
WBGene00171236.,0,0,0
WBGene00171237.,0,0,0
WBGene00171238.,0,0,0
WBGene00171239.,0,0,0
WBGene00171240.,0,0,0
WBGene00171241.,0,0,0
WBGene00171242.,0,0,0
WBGene00171243.,0,0,0
WBGene00171244.,0,0,0
WBGene00171245.,0,0,0
WBGene00171246.,0,0,0
WBGene00171247.,0,0,0
WBGene00171248.,0,0,0
WBGene00171249.,0,0,0
WBGene00171250.,0,0,0
WBGene00171251.,0,0,0
WBGene00171252.,0,0,0
WBGene00171253.,0,0,0
WBGene00171254.,0,0,0
WBGene00171255.,0,0,0
WBGene00171256.,0,0,0
WBGene00171257.,0,0,0
WBGene00171258.,0,0,0
WBGene00171259.,0,0,0
WBGene00171260.,0,0,0
WBGene00171261.,0,0,0
WBGene00171262.,0,0,0
WBGene00171263.,0,0,0
WBGene00171264.,0,0,0
WBGene00171265.,0,0,0
WBGene00171266.,0,0,0
WBGene00171267.,0,0,0
WBGene00171268.,0,0,0
WBGene00171269.,0,0,0
WBGene00171270.,0,0,0
WBGene00171271.,0,0,0
WBGene00171272.,0,0,0
WBGene00171273.,0,0,0
WBGene00171274.,0,0,0
WBGene00171275.,0,0,0
WBGene00171276.,0,0,0
WBGene00171277.,0,0,0
WBGene00171278.,0,0,0
WBGene00171279.,0,0,0
WBGene00171280.,0,0,0
WBGene00171281.,0,0,0
WBGene00171282.,0,0,0
WBGene00171283.,0,0,0
WBGene00171284.,0,0,0
WBGene00171285.,0,0,0
WBGene00171286.,0,0,0
WBGene00171287.,0,0,0
WBGene00171288.,0,0,0
WBGene00171289.,0,0,0
WBGene00171290.,0,0,0
WBGene00171291.,0,0,0
WBGene00171292.,0,0,0
WBGene00171293.,0,0,0
WBGene00171294.,0,0,0
WBGene00171295.,0,0,0
WBGene00171296.,0,0,0
WBGene00171297.,0,0,0
WBGene00171298.,0,0,0
WBGene00171299.,0,0,0
WBGene00171300.,0,0,0
WBGene00171301.,0,0,0
WBGene00171302.,0,0,0
WBGene00171303.,0,0,0
WBGene00171304.,0,0,0
WBGene00171305.,0,0,0
WBGene00171306.,0,0,0
WBGene00171307.,0,0,0
WBGene00171308.,0,0,0
WBGene00171309.,0,0,0
WBGene00171310.,0,0,0
WBGene00171311.,0,0,0
WBGene00171312.,0,0,0
WBGene00171313.,0,0,0
WBGene00171314.,0,0,0
WBGene00171315.,0,0,0
WBGene00171316.,0,0,0
WBGene00171317.,0,0,0
WBGene00171318.,0,0,0
WBGene00171319.,0,0,0
WBGene00171320.,0,0,0
WBGene00171321.,0,0,0
WBGene00171322.,0,0,0
WBGene00171323.,0,0,0
WBGene00171324.,0,0,0
WBGene00171325.,0,0,0
WBGene00171326.,0,0,0
WBGene00171327.,0,0,0
WBGene00171328.,0,0,0
WBGene00171329.,0,0,0
WBGene00171330.,0,0,0
WBGene00171331.,0,0,0
WBGene00171332.,0,0,0
WBGene00171333.,0,0,0
WBGene00171334.,0,0,0
WBGene00171335.,0,0,0
WBGene00171336.,0,0,0
WBGene00171337.,0,0,0
WBGene00171338.,0,0,0
WBGene00171339.,0,0,0
WBGene00171340.,0,0,0
WBGene00171341.,0,0,0
WBGene00171342.,0,0,0
WBGene00171343.,0,0,0
WBGene00171344.,0,0,0
WBGene00171345.,0,0,0
WBGene00171346.,0,0,0
WBGene00171347.,0,0,0
WBGene00171348.,0,0,0
WBGene00171349.,0,0,0
WBGene00171350.,0,0,0
WBGene00171351.,0,0,0
WBGene00171352.,0,0,0
WBGene00171353.,0,0,0
WBGene00171354.,0,0,0
WBGene00171355.,0,0,0
WBGene00171356.,0,0,0
WBGene00171357.,0,0,0
WBGene00171358.,0,0,0
WBGene00171359.,0,0,0
WBGene00171360.,0,0,0
WBGene00171361.,0,0,0
WBGene00171362.,0,0,0
WBGene00171363.,0,0,0
WBGene00171364.,0,0,0
WBGene00171365.,0,0,0
WBGene00171366.,0,0,0
WBGene00171367.,0,0,0
WBGene00171368.,0,0,0
WBGene00171369.,0,0,0
WBGene00171370.,0,0,0
WBGene00171371.,0,0,0
WBGene00171372.,0,0,0
WBGene00171373.,0,0,0
WBGene00171374.,0,0,0
WBGene00171375.,0,0,0
WBGene00171376.,0,0,0
WBGene00171377.,0,0,0
WBGene00171378.,0,0,0
WBGene00171379.,0,0,0
WBGene00171380.,0,0,0
WBGene00171381.,0,0,0
WBGene00171382.,0,0,0
WBGene00171383.,0,0,0
WBGene00171384.,0,0,0
WBGene00171385.,0,0,0
WBGene00171386.,0,0,0
WBGene00171387.,0,0,0
WBGene00171388.,0,0,0
WBGene00171389.,0,0,0
WBGene00171390.,0,0,0
WBGene00171391.,0,0,0
WBGene00171392.,0,0,0
WBGene00171393.,0,0,0
WBGene00171394.,0,0,0
WBGene00171395.,0,0,0
WBGene00171396.,0,0,0
WBGene00171397.,0,0,0
WBGene00171398.,0,0,0
WBGene00171399.,0,0,0
WBGene00171400.,0,0,0
WBGene00171401.,0,0,0
WBGene00171402.,0,0,0
WBGene00171403.,0,0,0
WBGene00171404.,0,0,0
WBGene00171405.,0,0,0
WBGene00171406.,0,0,0
WBGene00171407.,0,0,0
WBGene00171408.,0,0,0
WBGene00171409.,0,0,0
WBGene00171410.,0,0,0
WBGene00171411.,0,0,0
WBGene00171412.,0,0,0
WBGene00171413.,0,0,0
WBGene00171414.,0,0,0
WBGene00171415.,0,0,0
WBGene00171416.,0,0,0
WBGene00171417.,0,0,0
WBGene00171418.,0,0,0
WBGene00171419.,0,0,0
WBGene00171420.,0,0,0
WBGene00171421.,0,0,0
WBGene00171422.,0,0,0
WBGene00171423.,0,0,0
WBGene00171424.,0,0,0
WBGene00171425.,0,0,0
WBGene00171426.,0,0,0
WBGene00171427.,0,0,0
WBGene00171428.,0,0,0
WBGene00171429.,0,0,0
WBGene00171430.,0,0,0
WBGene00171431.,0,0,0
WBGene00171432.,0,0,0
WBGene00171433.,0,0,0
WBGene00171434.,0,0,0
WBGene00171435.,0,0,0
WBGene00171436.,0,0,0
WBGene00171437.,0,0,0
WBGene00171438.,0,0,0
WBGene00171439.,0,0,0
WBGene00171440.,0,0,0
WBGene00171441.,0,0,0
WBGene00171442.,0,0,0
WBGene00171443.,0,0,0
WBGene00171444.,0,0,0
WBGene00171445.,0,0,0
WBGene00171446.,0,0,0
WBGene00171447.,0,0,0
WBGene00171448.,0,0,0
WBGene00171449.,0,0,0
WBGene00171450.,0,0,0
WBGene00171451.,0,0,0
WBGene00171452.,0,0,0
WBGene00171453.,0,0,0
WBGene00171454.,0,0,0
WBGene00171455.,0,0,0
WBGene00171456.,0,0,0
WBGene00171457.,0,0,0
WBGene00171458.,0,0,0
WBGene00171459.,0,0,0
WBGene00171460.,0,0,0
WBGene00171461.,0,0,0
WBGene00171462.,0,0,0
WBGene00171463.,0,0,0
WBGene00171464.,0,0,0
WBGene00171465.,0,0,0
WBGene00171466.,0,0,0
WBGene00171467.,0,0,0
WBGene00171468.,0,0,0
WBGene00171469.,0,0,0
WBGene00171470.,0,0,0
WBGene00171471.,0,0,0
WBGene00171472.,0,0,0
WBGene00171473.,0,0,0
WBGene00171474.,0,0,0
WBGene00171475.,0,0,0
WBGene00171476.,0,0,0
WBGene00171477.,0,0,0
WBGene00171478.,0,0,0
WBGene00171479.,0,0,0
WBGene00171480.,0,0,0
WBGene00171481.,0,0,0
WBGene00171482.,0,0,0
WBGene00171483.,0,0,0
WBGene00171484.,0,0,0
WBGene00171485.,0,0,0
WBGene00171486.,0,0,0
WBGene00171487.,0,0,0
WBGene00171488.,0,0,0
WBGene00171489.,0,0,0
WBGene00171490.,0,0,0
WBGene00171491.,0,0,0
WBGene00171492.,0,0,0
WBGene00171493.,0,0,0
WBGene00171494.,0,0,0
WBGene00171495.,0,0,0
WBGene00171496.,0,0,0
WBGene00171497.,0,0,0
WBGene00171498.,0,0,0
WBGene00171499.,0,0,0
WBGene00171500.,0,0,0
WBGene00171501.,0,0,0
WBGene00171502.,0,0,0
WBGene00171503.,0,0,0
WBGene00171504.,0,0,0
WBGene00171505.,0,0,0
WBGene00171506.,0,0,0
WBGene00171507.,0,0,0
WBGene00171508.,0,0,0
WBGene00171509.,0,0,0
WBGene00171510.,0,0,0
WBGene00171511.,0,0,0
WBGene00171512.,0,0,0
WBGene00171513.,0,0,0
WBGene00171514.,0,0,0
WBGene00171515.,0,0,0
WBGene00171516.,0,0,0
WBGene00171517.,0,0,0
WBGene00171518.,0,0,0
WBGene00171519.,0,0,0
WBGene00171520.,0,0,0
WBGene00171521.,0,0,0
WBGene00171522.,0,0,0
WBGene00171523.,0,0,0
WBGene00171524.,0,0,0
WBGene00171525.,0,0,0
WBGene00171526.,0,0,0
WBGene00171527.,0,0,0
WBGene00171528.,0,0,0
WBGene00171529.,0,0,0
WBGene00171530.,0,0,0
WBGene00171531.,0,0,0
WBGene00171532.,0,0,0
WBGene00171533.,0,0,0
WBGene00171534.,0,0,0
WBGene00171535.,0,0,0
WBGene00171536.,0,0,0
WBGene00171537.,0,0,0
WBGene00171538.,0,0,0
WBGene00171539.,0,0,0
WBGene00171540.,0,0,0
WBGene00171541.,0,0,0
WBGene00171542.,0,0,0
WBGene00171543.,0,0,0
WBGene00171544.,0,0,0
WBGene00171545.,0,0,0
WBGene00171546.,0,0,0
WBGene00171547.,0,0,0
WBGene00171548.,0,0,0
WBGene00171549.,0,0,0
WBGene00171550.,0,0,0
WBGene00171551.,0,0,0
WBGene00171552.,0,0,0
WBGene00171553.,0,0,0
WBGene00171554.,0,0,0
WBGene00171555.,0,0,0
WBGene00171556.,0,0,0
WBGene00171557.,0,0,0
WBGene00171558.,0,0,0
WBGene00171559.,0,0,0
WBGene00171560.,0,0,0
WBGene00171561.,0,0,0
WBGene00171562.,0,0,0
WBGene00171563.,0,0,0
WBGene00171564.,0,0,0
WBGene00171565.,0,0,0
WBGene00171566.,0,0,0
WBGene00171567.,0,0,0
WBGene00171568.,0,0,0
WBGene00171569.,0,0,0
WBGene00171570.,0,0,0
WBGene00171571.,0,0,0
WBGene00171572.,0,0,0
WBGene00171573.,0,0,0
WBGene00171574.,0,0,0
WBGene00171575.,0,0,0
WBGene00171576.,0,0,0
WBGene00171577.,0,0,0
WBGene00171578.,0,0,0
WBGene00171579.,0,0,0
WBGene00171580.,0,0,0
WBGene00171581.,0,0,0
WBGene00171582.,0,0,0
WBGene00171583.,0,0,0
WBGene00171584.,0,0,0
WBGene00171585.,0,0,0
WBGene00171586.,0,0,0
WBGene00171587.,0,0,0
WBGene00171588.,0,0,0
WBGene00171589.,0,0,0
WBGene00171590.,0,0,0
WBGene00171591.,0,0,0
WBGene00171592.,0,0,0
WBGene00171593.,0,0,0
WBGene00171594.,0,0,0
WBGene00171595.,0,0,0
WBGene00171596.,0,0,0
WBGene00171597.,0,0,0
WBGene00171598.,0,0,0
WBGene00171599.,0,0,0
WBGene00171600.,0,0,0
WBGene00171601.,0,0,0
WBGene00171602.,0,0,0
WBGene00171603.,0,0,0
WBGene00171604.,0,0,0
WBGene00171605.,0,0,0
WBGene00171606.,0,0,0
WBGene00171607.,0,0,0
WBGene00171608.,0,0,0
WBGene00171609.,0,0,0
WBGene00171610.,0,0,0
WBGene00171611.,0,0,0
WBGene00171612.,0,0,0
WBGene00171613.,0,0,0
WBGene00171614.,0,0,0
WBGene00171615.,0,0,0
WBGene00171616.,0,0,0
WBGene00171617.,0,0,0
WBGene00171618.,0,0,0
WBGene00171619.,0,0,0
WBGene00171620.,0,0,0
WBGene00171621.,0,0,0
WBGene00171622.,0,0,0
WBGene00171623.,0,0,0
WBGene00171624.,0,0,0
WBGene00171625.,0,0,0
WBGene00171626.,0,0,0
WBGene00171627.,0,0,0
WBGene00171628.,0,0,0
WBGene00171629.,0,0,0
WBGene00171630.,0,0,0
WBGene00171631.,0,0,0
WBGene00171632.,0,0,0
WBGene00171633.,0,0,0
WBGene00171634.,0,0,0
WBGene00171635.,0,0,0
WBGene00171636.,0,0,0
WBGene00171637.,0,0,0
WBGene00171638.,0,0,0
WBGene00171639.,0,0,0
WBGene00171640.,0,0,0
WBGene00171641.,0,0,0
WBGene00171642.,0,0,0
WBGene00171643.,0,0,0
WBGene00171644.,0,0,0
WBGene00171645.,0,0,0
WBGene00171646.,0,0,0
WBGene00171647.,0,0,0
WBGene00171648.,0,0,0
WBGene00171649.,0,0,0
WBGene00171650.,0,0,0
WBGene00171651.,0,0,0
WBGene00171652.,0,0,0
WBGene00171653.,0,0,0
WBGene00171654.,0,0,0
WBGene00171655.,0,0,0
WBGene00171656.,0,0,0
WBGene00171657.,0,0,0
WBGene00171658.,0,0,0
WBGene00171659.,0,0,0
WBGene00171660.,0,0,0
WBGene00171661.,0,0,0
WBGene00171662.,0,0,0
WBGene00171663.,0,0,0
WBGene00171664.,0,0,0
WBGene00171665.,0,0,0
WBGene00171666.,0,0,0
WBGene00171667.,0,0,0
WBGene00171668.,0,0,0
WBGene00171669.,0,0,0
WBGene00171670.,0,0,0
WBGene00171671.,0,0,0
WBGene00171672.,0,0,0
WBGene00171673.,0,0,0
WBGene00171674.,0,0,0
WBGene00171675.,0,0,0
WBGene00171676.,0,0,0
WBGene00171677.,0,0,0
WBGene00171678.,0,0,0
WBGene00171679.,0,0,0
WBGene00171680.,0,0,0
WBGene00171681.,0,0,0
WBGene00171682.,0,0,0
WBGene00171683.,0,0,0
WBGene00171684.,0,0,0
WBGene00171685.,0,0,0
WBGene00171686.,0,0,0
WBGene00171687.,0,0,0
WBGene00171688.,0,0,0
WBGene00171689.,0,0,0
WBGene00171690.,0,0,0
WBGene00171691.,0,0,0
WBGene00171692.,0,0,0
WBGene00171693.,0,0,0
WBGene00171694.,0,0,0
WBGene00171695.,0,0,0
WBGene00171696.,0,0,0
WBGene00171697.,0,0,0
WBGene00171698.,0,0,0
WBGene00171699.,0,0,0
WBGene00171700.,0,0,0
WBGene00171701.,0,0,0
WBGene00171702.,0,0,0
WBGene00171703.,0,0,0
WBGene00171704.,0,0,0
WBGene00171705.,0,0,0
WBGene00171706.,0,0,0
WBGene00171707.,0,0,0
WBGene00171708.,0,0,0
WBGene00171709.,0,0,0
WBGene00171710.,0,0,0
WBGene00171712.,0,0,0
WBGene00171713.,0,0,0
WBGene00171714.,0,0,0
WBGene00171715.,0,0,0
WBGene00171716.,0,0,0
WBGene00171717.,0,0,0
WBGene00171718.,0,0,0
WBGene00171719.,0,0,0
WBGene00171720.,0,0,0
WBGene00171721.,0,0,0
WBGene00171722.,0,0,0
WBGene00171723.,0,0,0
WBGene00171724.,0,0,0
WBGene00171725.,0,0,0
WBGene00171726.,0,0,0
WBGene00171727.,0,0,0
WBGene00171728.,0,0,0
WBGene00171729.,0,0,0
WBGene00171730.,0,0,0
WBGene00171731.,0,0,0
WBGene00171732.,0,0,0
WBGene00171733.,0,0,0
WBGene00171734.,0,0,0
WBGene00171735.,0,0,0
WBGene00171736.,0,0,0
WBGene00171737.,0,0,0
WBGene00171738.,0,0,0
WBGene00171739.,0,0,0
WBGene00171740.,0,0,0
WBGene00171741.,0,0,0
WBGene00171742.,0,0,0
WBGene00171743.,0,0,0
WBGene00171744.,0,0,0
WBGene00171745.,0,0,0
WBGene00171746.,0,0,0
WBGene00171747.,0,0,0
WBGene00171748.,0,0,0
WBGene00171749.,0,0,0
WBGene00171750.,0,0,0
WBGene00171751.,0,0,0
WBGene00171752.,0,0,0
WBGene00171753.,0,0,0
WBGene00171754.,0,0,0
WBGene00171755.,0,0,0
WBGene00171756.,0,0,0
WBGene00171757.,0,0,0
WBGene00171758.,0,0,0
WBGene00171759.,0,0,0
WBGene00171760.,0,0,0
WBGene00171761.,0,0,0
WBGene00171762.,0,0,0
WBGene00171763.,0,0,0
WBGene00171764.,0,0,0
WBGene00171765.,0,0,0
WBGene00171766.,0,0,0
WBGene00171767.,0,0,0
WBGene00171768.,0,0,0
WBGene00171769.,0,0,0
WBGene00171770.,0,0,0
WBGene00171771.,0,0,0
WBGene00171772.,0,0,0
WBGene00171773.,0,0,0
WBGene00171774.,0,0,0
WBGene00171775.,0,0,0
WBGene00171776.,0,0,0
WBGene00171777.,0,0,0
WBGene00171778.,0,0,0
WBGene00171779.,0,0,0
WBGene00171780.,0,0,0
WBGene00171781.,0,0,0
WBGene00171782.,0,0,0
WBGene00171783.,0,0,0
WBGene00171784.,0,0,0
WBGene00171785.,0,0,0
WBGene00171786.,0,0,0
WBGene00171787.,0,0,0
WBGene00171788.,0,0,0
WBGene00171789.,0,0,0
WBGene00171790.,0,0,0
WBGene00171791.,0,0,0
WBGene00171792.,0,0,0
WBGene00171793.,0,0,0
WBGene00171794.,0,0,0
WBGene00171795.,0,0,0
WBGene00171796.,0,0,0
WBGene00171797.,0,0,0
WBGene00171798.,0,0,0
WBGene00171799.,0,0,0
WBGene00171800.,0,0,0
WBGene00171801.,0,0,0
WBGene00171802.,0,0,0
WBGene00171803.,0,0,0
WBGene00171804.,0,0,0
WBGene00171805.,0,0,0
WBGene00171806.,0,0,0
WBGene00171807.,0,0,0
WBGene00171809.,0,0,0
WBGene00171810.,0,0,0
WBGene00171811.,0,0,0
WBGene00171812.,0,0,0
WBGene00171813.,0,0,0
WBGene00171814.,0,0,0
WBGene00171815.,0,0,0
WBGene00171816.,0,0,0
WBGene00171817.,0,0,0
WBGene00171818.,0,0,0
WBGene00171819.,0,0,0
WBGene00171820.,0,0,0
WBGene00171821.,0,0,0
WBGene00171822.,0,0,0
WBGene00171823.,0,0,0
WBGene00171824.,0,0,0
WBGene00171825.,0,0,0
WBGene00171826.,0,0,0
WBGene00171827.,0,0,0
WBGene00171828.,0,0,0
WBGene00171829.,0,0,0
WBGene00171830.,0,0,0
WBGene00171831.,0,0,0
WBGene00171832.,0,0,0
WBGene00171833.,0,0,0
WBGene00171834.,0,0,0
WBGene00171835.,0,0,0
WBGene00171836.,0,0,0
WBGene00171837.,0,0,0
WBGene00171838.,0,0,0
WBGene00171839.,0,0,0
WBGene00171840.,0,0,0
WBGene00171841.,0,0,0
WBGene00171842.,0,0,0
WBGene00171843.,0,0,0
WBGene00171844.,0,0,0
WBGene00171845.,0,0,0
WBGene00171846.,0,0,0
WBGene00171847.,0,0,0
WBGene00171848.,0,0,0
WBGene00171849.,0,0,0
WBGene00171850.,0,0,0
WBGene00171851.,0,0,0
WBGene00171852.,0,0,0
WBGene00171853.,0,0,0
WBGene00171854.,0,0,0
WBGene00171855.,0,0,0
WBGene00171856.,0,0,0
WBGene00171857.,0,0,0
WBGene00171858.,0,0,0
WBGene00171859.,0,0,0
WBGene00171860.,0,0,0
WBGene00171861.,0,0,0
WBGene00171862.,0,0,0
WBGene00171863.,0,0,0
WBGene00171864.,0,0,0
WBGene00171865.,0,0,0
WBGene00171866.,0,0,0
WBGene00171867.,0,0,0
WBGene00171868.,0,0,0
WBGene00171869.,0,0,0
WBGene00171870.,0,0,0
WBGene00171871.,0,0,0
WBGene00171872.,0,0,0
WBGene00171873.,0,0,0
WBGene00171875.,0,0,0
WBGene00171876.,0,0,0
WBGene00171877.,0,0,0
WBGene00171878.,0,0,0
WBGene00171879.,0,0,0
WBGene00171880.,0,0,0
WBGene00171881.,0,0,0
WBGene00171882.,0,0,0
WBGene00171883.,0,0,0
WBGene00171884.,0,0,0
WBGene00171885.,0,0,0
WBGene00171886.,0,0,0
WBGene00171887.,0,0,0
WBGene00171888.,0,0,0
WBGene00171889.,0,0,0
WBGene00171890.,0,0,0
WBGene00171891.,0,0,0
WBGene00171892.,0,0,0
WBGene00171893.,0,0,0
WBGene00171894.,0,0,0
WBGene00171895.,0,0,0
WBGene00171896.,0,0,0
WBGene00171897.,0,0,0
WBGene00171898.,0,0,0
WBGene00171899.,0,0,0
WBGene00171900.,0,0,0
WBGene00171901.,0,0,0
WBGene00171902.,0,0,0
WBGene00171903.,0,0,0
WBGene00171904.,0,0,0
WBGene00171905.,0,0,0
WBGene00171906.,0,0,0
WBGene00171907.,0,0,0
WBGene00171908.,0,0,0
WBGene00171909.,0,0,0
WBGene00171910.,0,0,0
WBGene00171911.,0,0,0
WBGene00171912.,0,0,0
WBGene00171913.,0,0,0
WBGene00171914.,0,0,0
WBGene00171915.,0,0,0
WBGene00171916.,0,0,0
WBGene00171917.,0,0,0
WBGene00171918.,0,0,0
WBGene00171919.,0,0,0
WBGene00171920.,0,0,0
WBGene00171921.,0,0,0
WBGene00171922.,0,0,0
WBGene00171923.,0,0,0
WBGene00171924.,0,0,0
WBGene00171925.,0,0,0
WBGene00171926.,0,0,0
WBGene00171927.,0,0,0
WBGene00171928.,0,0,0
WBGene00171929.,0,0,0
WBGene00171930.,0,0,0
WBGene00171931.,0,0,0
WBGene00171932.,0,0,0
WBGene00171933.,0,0,0
WBGene00171934.,0,0,0
WBGene00171935.,0,0,0
WBGene00171936.,0,0,0
WBGene00171937.,0,0,0
WBGene00171938.,0,0,0
WBGene00171939.,0,0,0
WBGene00171940.,0,0,0
WBGene00171941.,0,0,0
WBGene00171942.,0,0,0
WBGene00171943.,0,0,0
WBGene00171944.,0,0,0
WBGene00171945.,0,0,0
WBGene00171946.,0,0,0
WBGene00171947.,0,0,0
WBGene00171948.,0,0,0
WBGene00171949.,0,0,0
WBGene00171950.,0,0,0
WBGene00171951.,0,0,0
WBGene00171952.,0,0,0
WBGene00171953.,0,0,0
WBGene00171954.,0,0,0
WBGene00171955.,0,0,0
WBGene00171956.,0,0,0
WBGene00171957.,0,0,0
WBGene00171958.,0,0,0
WBGene00171959.,0,0,0
WBGene00171960.,0,0,0
WBGene00171961.,0,0,0
WBGene00171962.,0,0,0
WBGene00171963.,0,0,0
WBGene00171964.,0,0,0
WBGene00171965.,0,0,0
WBGene00171966.,0,0,0
WBGene00171967.,0,0,0
WBGene00171968.,0,0,0
WBGene00171969.,0,0,0
WBGene00171970.,0,0,0
WBGene00171971.,0,0,0
WBGene00171972.,0,0,0
WBGene00171973.,0,0,0
WBGene00171974.,0,0,0
WBGene00171975.,0,0,0
WBGene00171976.,0,0,0
WBGene00171977.,0,0,0
WBGene00171978.,0,0,0
WBGene00171979.,0,0,0
WBGene00171980.,0,0,0
WBGene00171981.,0,0,0
WBGene00171982.,0,0,0
WBGene00171983.,0,0,0
WBGene00171984.,0,0,0
WBGene00171985.,0,0,0
WBGene00171986.,0,0,0
WBGene00171987.,0,0,0
WBGene00171988.,0,0,0
WBGene00171989.,0,0,0
WBGene00171990.,0,0,0
WBGene00171991.,0,0,0
WBGene00171992.,0,0,0
WBGene00171993.,0,0,0
WBGene00171994.,0,0,0
WBGene00171995.,0,0,0
WBGene00171996.,0,0,0
WBGene00171997.,0,0,0
WBGene00171998.,0,0,0
WBGene00171999.,0,0,0
WBGene00172000.,0,0,0
WBGene00172001.,0,0,0
WBGene00172002.,0,0,0
WBGene00172003.,0,0,0
WBGene00172004.,0,0,0
WBGene00172006.,0,0,0
WBGene00172007.,0,0,0
WBGene00172008.,0,0,0
WBGene00172009.,0,0,0
WBGene00172010.,0,0,0
WBGene00172011.,0,0,0
WBGene00172012.,0,0,0
WBGene00172013.,0,0,0
WBGene00172014.,0,0,0
WBGene00172015.,0,0,0
WBGene00172016.,0,0,0
WBGene00172017.,0,0,0
WBGene00172018.,0,0,0
WBGene00172019.,0,0,0
WBGene00172020.,0,0,0
WBGene00172021.,0,0,0
WBGene00172022.,0,0,0
WBGene00172023.,0,0,0
WBGene00172024.,0,0,0
WBGene00172025.,0,0,0
WBGene00172026.,0,0,0
WBGene00172027.,0,0,0
WBGene00172028.,0,0,0
WBGene00172029.,0,0,0
WBGene00172030.,0,0,0
WBGene00172031.,0,0,0
WBGene00172032.,0,0,0
WBGene00172033.,0,0,0
WBGene00172034.,0,0,0
WBGene00172035.,0,0,0
WBGene00172036.,0,0,0
WBGene00172037.,0,0,0
WBGene00172038.,0,0,0
WBGene00172039.,0,0,0
WBGene00172040.,0,0,0
WBGene00172041.,0,0,0
WBGene00172042.,0,0,0
WBGene00172043.,0,0,0
WBGene00172044.,0,0,0
WBGene00172045.,0,0,0
WBGene00172046.,0,0,0
WBGene00172047.,0,0,0
WBGene00172048.,0,0,0
WBGene00172049.,0,0,0
WBGene00172050.,0,0,0
WBGene00172051.,0,0,0
WBGene00172052.,0,0,0
WBGene00172053.,0,0,0
WBGene00172054.,0,0,0
WBGene00172055.,0,0,0
WBGene00172056.,0,0,0
WBGene00172057.,0,0,0
WBGene00172058.,0,0,0
WBGene00172059.,0,0,0
WBGene00172060.,0,0,0
WBGene00172061.,0,0,0
WBGene00172062.,0,0,0
WBGene00172063.,0,0,0
WBGene00172064.,0,0,0
WBGene00172065.,0,0,0
WBGene00172066.,0,0,0
WBGene00172067.,0,0,0
WBGene00172068.,0,0,0
WBGene00172069.,0,0,0
WBGene00172070.,0,0,0
WBGene00172071.,0,0,0
WBGene00172072.,0,0,0
WBGene00172073.,0,0,0
WBGene00172074.,0,0,0
WBGene00172075.,0,0,0
WBGene00172076.,0,0,0
WBGene00172077.,0,0,0
WBGene00172078.,0,0,0
WBGene00172079.,0,0,0
WBGene00172080.,0,0,0
WBGene00172081.,0,0,0
WBGene00172082.,0,0,0
WBGene00172083.,0,0,0
WBGene00172084.,0,0,0
WBGene00172085.,0,0,0
WBGene00172086.,0,0,0
WBGene00172087.,0,0,0
WBGene00172088.,0,0,0
WBGene00172089.,0,0,0
WBGene00172090.,0,0,0
WBGene00172091.,0,0,0
WBGene00172092.,0,0,0
WBGene00172093.,0,0,0
WBGene00172094.,0,0,0
WBGene00172095.,0,0,0
WBGene00172096.,0,0,0
WBGene00172097.,0,0,0
WBGene00172098.,0,0,0
WBGene00172099.,0,0,0
WBGene00172100.,0,0,0
WBGene00172101.,0,0,0
WBGene00172102.,0,0,0
WBGene00172103.,0,0,0
WBGene00172104.,0,0,0
WBGene00172105.,0,0,0
WBGene00172106.,0,0,0
WBGene00172107.,0,0,0
WBGene00172108.,0,0,0
WBGene00172109.,0,0,0
WBGene00172110.,0,0,0
WBGene00172111.,0,0,0
WBGene00172112.,0,0,0
WBGene00172113.,0,0,0
WBGene00172114.,0,0,0
WBGene00172115.,0,0,0
WBGene00172116.,0,0,0
WBGene00172117.,0,0,0
WBGene00172118.,0,0,0
WBGene00172119.,0,0,0
WBGene00172120.,0,0,0
WBGene00172121.,0,0,0
WBGene00172122.,0,0,0
WBGene00172123.,0,0,0
WBGene00172124.,0,0,0
WBGene00172125.,0,0,0
WBGene00172126.,0,0,0
WBGene00172127.,0,0,0
WBGene00172128.,0,0,0
WBGene00172129.,0,0,0
WBGene00172130.,0,0,0
WBGene00172131.,0,0,0
WBGene00172132.,0,0,0
WBGene00172133.,0,0,0
WBGene00172134.,0,0,0
WBGene00172135.,0,0,0
WBGene00172136.,0,0,0
WBGene00172137.,0,0,0
WBGene00172138.,0,0,0
WBGene00172139.,0,0,0
WBGene00172140.,0,0,0
WBGene00172141.,0,0,0
WBGene00172142.,0,0,0
WBGene00172143.,0,0,0
WBGene00172144.,0,0,0
WBGene00172145.,0,0,0
WBGene00172146.,0,0,0
WBGene00172147.,0,0,0
WBGene00172148.,0,0,0
WBGene00172149.,0,0,0
WBGene00172150.,0,0,0
WBGene00172151.,0,0,0
WBGene00172152.,0,0,0
WBGene00172153.,0,0,0
WBGene00172154.,0,0,0
WBGene00172155.,0,0,0
WBGene00172156.,0,0,0
WBGene00172157.,0,0,0
WBGene00172158.,0,0,0
WBGene00172159.,0,0,0
WBGene00172160.,0,0,0
WBGene00172161.,0,0,0
WBGene00172162.,0,0,0
WBGene00172163.,0,0,0
WBGene00172164.,0,0,0
WBGene00172165.,0,0,0
WBGene00172166.,0,0,0
WBGene00172167.,0,0,0
WBGene00172168.,0,0,0
WBGene00172169.,0,0,0
WBGene00172170.,0,0,0
WBGene00172171.,0,0,0
WBGene00172172.,0,0,0
WBGene00172173.,0,0,0
WBGene00172174.,0,0,0
WBGene00172175.,0,0,0
WBGene00172176.,0,0,0
WBGene00172177.,0,0,0
WBGene00172178.,0,0,0
WBGene00172179.,0,0,0
WBGene00172180.,0,0,0
WBGene00172181.,0,0,0
WBGene00172182.,0,0,0
WBGene00172183.,0,0,0
WBGene00172184.,0,0,0
WBGene00172185.,0,0,0
WBGene00172186.,0,0,0
WBGene00172187.,0,0,0
WBGene00172188.,0,0,0
WBGene00172189.,0,0,0
WBGene00172190.,0,0,0
WBGene00172191.,0,0,0
WBGene00172192.,0,0,0
WBGene00172193.,0,0,0
WBGene00172194.,0,0,0
WBGene00172195.,0,0,0
WBGene00172196.,0,0,0
WBGene00172197.,0,0,0
WBGene00172198.,0,0,0
WBGene00172199.,0,0,0
WBGene00172200.,0,0,0
WBGene00172201.,0,0,0
WBGene00172202.,0,0,0
WBGene00172203.,0,0,0
WBGene00172204.,0,0,0
WBGene00172205.,0,0,0
WBGene00172206.,0,0,0
WBGene00172207.,0,0,0
WBGene00172208.,0,0,0
WBGene00172209.,0,0,0
WBGene00172210.,0,0,0
WBGene00172211.,0,0,0
WBGene00172212.,0,0,0
WBGene00172213.,0,0,0
WBGene00172214.,0,0,0
WBGene00172215.,0,0,0
WBGene00172216.,0,0,0
WBGene00172217.,0,0,0
WBGene00172218.,0,0,0
WBGene00172219.,0,0,0
WBGene00172220.,0,0,0
WBGene00172221.,0,0,0
WBGene00172222.,0,0,0
WBGene00172223.,0,0,0
WBGene00172224.,0,0,0
WBGene00172225.,0,0,0
WBGene00172226.,0,0,0
WBGene00172227.,0,0,0
WBGene00172228.,0,0,0
WBGene00172229.,0,0,0
WBGene00172230.,0,0,0
WBGene00172231.,0,0,0
WBGene00172232.,0,0,0
WBGene00172233.,0,0,0
WBGene00172234.,0,0,0
WBGene00172235.,0,0,0
WBGene00172236.,0,0,0
WBGene00172237.,0,0,0
WBGene00172238.,0,0,0
WBGene00172239.,0,0,0
WBGene00172240.,0,0,0
WBGene00172241.,0,0,0
WBGene00172242.,0,0,0
WBGene00172243.,0,0,0
WBGene00172244.,0,0,0
WBGene00172245.,0,0,0
WBGene00172246.,0,0,0
WBGene00172247.,0,0,0
WBGene00172248.,0,0,0
WBGene00172249.,0,0,0
WBGene00172250.,0,0,0
WBGene00172251.,0,0,0
WBGene00172252.,0,0,0
WBGene00172253.,0,0,0
WBGene00172254.,0,0,0
WBGene00172255.,0,0,0
WBGene00172256.,0,0,0
WBGene00172257.,0,0,0
WBGene00172258.,0,0,0
WBGene00172259.,0,0,0
WBGene00172260.,0,0,0
WBGene00172261.,0,0,0
WBGene00172262.,0,0,0
WBGene00172263.,0,0,0
WBGene00172264.,0,0,0
WBGene00172265.,0,0,0
WBGene00172266.,0,0,0
WBGene00172267.,0,0,0
WBGene00172268.,0,0,0
WBGene00172269.,0,0,0
WBGene00172270.,0,0,0
WBGene00172271.,0,0,0
WBGene00172272.,0,0,0
WBGene00172273.,0,0,0
WBGene00172274.,0,0,0
WBGene00172275.,0,0,0
WBGene00172276.,0,0,0
WBGene00172277.,0,0,0
WBGene00172278.,0,0,0
WBGene00172279.,0,0,0
WBGene00172280.,0,0,0
WBGene00172281.,0,0,0
WBGene00172282.,0,0,0
WBGene00172283.,0,0,0
WBGene00172284.,0,0,0
WBGene00172285.,0,0,0
WBGene00172286.,0,0,0
WBGene00172287.,0,0,0
WBGene00172288.,0,0,0
WBGene00172289.,0,0,0
WBGene00172290.,0,0,0
WBGene00172291.,0,0,0
WBGene00172292.,0,0,0
WBGene00172293.,0,0,0
WBGene00172294.,0,0,0
WBGene00172295.,0,0,0
WBGene00172296.,0,0,0
WBGene00172297.,0,0,0
WBGene00172298.,0,0,0
WBGene00172299.,0,0,0
WBGene00172300.,0,0,0
WBGene00172301.,0,0,0
WBGene00172302.,0,0,0
WBGene00172303.,0,0,0
WBGene00172304.,0,0,0
WBGene00172305.,0,0,0
WBGene00172306.,0,0,0
WBGene00172307.,0,0,0
WBGene00172308.,0,0,0
WBGene00172309.,0,0,0
WBGene00172310.,0,0,0
WBGene00172311.,0,0,0
WBGene00172312.,0,0,0
WBGene00172313.,0,0,0
WBGene00172314.,0,0,0
WBGene00172315.,0,0,0
WBGene00172316.,0,0,0
WBGene00172317.,0,0,0
WBGene00172318.,0,0,0
WBGene00172319.,0,0,0
WBGene00172320.,0,0,0
WBGene00172321.,0,0,0
WBGene00172322.,0,0,0
WBGene00172323.,0,0,0
WBGene00172324.,0,0,0
WBGene00172325.,0,0,0
WBGene00172326.,0,0,0
WBGene00172327.,0,0,0
WBGene00172328.,0,0,0
WBGene00172329.,0,0,0
WBGene00172330.,0,0,0
WBGene00172331.,0,0,0
WBGene00172332.,0,0,0
WBGene00172333.,0,0,0
WBGene00172334.,0,0,0
WBGene00172335.,0,0,0
WBGene00172336.,0,0,0
WBGene00172337.,0,0,0
WBGene00172338.,0,0,0
WBGene00172339.,0,0,0
WBGene00172340.,0,0,0
WBGene00172341.,0,0,0
WBGene00172342.,0,0,0
WBGene00172343.,0,0,0
WBGene00172344.,0,0,0
WBGene00172345.,0,0,0
WBGene00172346.,0,0,0
WBGene00172347.,0,0,0
WBGene00172348.,0,0,0
WBGene00172349.,0,0,0
WBGene00172350.,0,0,0
WBGene00172351.,0,0,0
WBGene00172352.,0,0,0
WBGene00172353.,0,0,0
WBGene00172354.,0,0,0
WBGene00172355.,0,0,0
WBGene00172356.,0,0,0
WBGene00172357.,0,0,0
WBGene00172358.,0,0,0
WBGene00172359.,0,0,0
WBGene00172360.,0,0,0
WBGene00172361.,0,0,0
WBGene00172362.,0,0,0
WBGene00172363.,0,0,0
WBGene00172364.,0,0,0
WBGene00172365.,0,0,0
WBGene00172366.,0,0,0
WBGene00172367.,0,0,0
WBGene00172368.,0,0,0
WBGene00172369.,0,0,0
WBGene00172370.,0,0,0
WBGene00172371.,0,0,0
WBGene00172372.,0,0,0
WBGene00172373.,0,0,0
WBGene00172374.,0,0,0
WBGene00172375.,0,0,0
WBGene00172376.,0,0,0
WBGene00172377.,0,0,0
WBGene00172378.,0,0,0
WBGene00172379.,0,0,0
WBGene00172380.,0,0,0
WBGene00172381.,0,0,0
WBGene00172382.,0,0,0
WBGene00172383.,0,0,0
WBGene00172384.,0,0,0
WBGene00172385.,0,0,0
WBGene00172386.,0,0,0
WBGene00172387.,0,0,0
WBGene00172388.,0,0,0
WBGene00172389.,0,0,0
WBGene00172390.,0,0,0
WBGene00172391.,0,0,0
WBGene00172392.,0,0,0
WBGene00172393.,0,0,0
WBGene00172394.,0,0,0
WBGene00172395.,0,0,0
WBGene00172396.,0,0,0
WBGene00172397.,0,0,0
WBGene00172398.,0,0,0
WBGene00172399.,0,0,0
WBGene00172400.,0,0,0
WBGene00172401.,0,0,0
WBGene00172402.,0,0,0
WBGene00172403.,0,0,0
WBGene00172404.,0,0,0
WBGene00172405.,0,0,0
WBGene00172406.,0,0,0
WBGene00172407.,0,0,0
WBGene00172408.,0,0,0
WBGene00172409.,0,0,0
WBGene00172410.,0,0,0
WBGene00172411.,0,0,0
WBGene00172412.,0,0,0
WBGene00172413.,0,0,0
WBGene00172414.,0,0,0
WBGene00172415.,0,0,0
WBGene00172416.,0,0,0
WBGene00172417.,0,0,0
WBGene00172418.,0,0,0
WBGene00172419.,0,0,0
WBGene00172420.,0,0,0
WBGene00172421.,0,0,0
WBGene00172422.,0,0,0
WBGene00172423.,0,0,0
WBGene00172424.,0,0,0
WBGene00172425.,0,0,0
WBGene00172426.,0,0,0
WBGene00172427.,0,0,0
WBGene00172428.,0,0,0
WBGene00172429.,0,0,0
WBGene00172430.,0,0,0
WBGene00172431.,0,0,0
WBGene00172432.,0,0,0
WBGene00172433.,0,0,0
WBGene00172434.,0,0,0
WBGene00172435.,0,0,0
WBGene00172436.,0,0,0
WBGene00172437.,0,0,0
WBGene00172438.,0,0,0
WBGene00172439.,0,0,0
WBGene00172440.,0,0,0
WBGene00172441.,0,0,0
WBGene00172442.,0,0,0
WBGene00172443.,0,0,0
WBGene00172444.,0,0,0
WBGene00172445.,0,0,0
WBGene00172446.,0,0,0
WBGene00172447.,0,0,0
WBGene00172448.,0,0,0
WBGene00172449.,0,0,0
WBGene00172450.,0,0,0
WBGene00172451.,0,0,0
WBGene00172452.,0,0,0
WBGene00172453.,0,0,0
WBGene00172454.,0,0,0
WBGene00172455.,0,0,0
WBGene00172456.,0,0,0
WBGene00172457.,0,0,0
WBGene00172458.,0,0,0
WBGene00172459.,0,0,0
WBGene00172460.,0,0,0
WBGene00172462.,0,0,0
WBGene00172463.,0,0,0
WBGene00172464.,0,0,0
WBGene00172465.,0,0,0
WBGene00172466.,0,0,0
WBGene00172467.,0,0,0
WBGene00172468.,0,0,0
WBGene00172469.,0,0,0
WBGene00172470.,0,0,0
WBGene00172471.,0,0,0
WBGene00172472.,0,0,0
WBGene00172473.,0,0,0
WBGene00172474.,0,0,0
WBGene00172475.,0,0,0
WBGene00172476.,0,0,0
WBGene00172477.,0,0,0
WBGene00172478.,0,0,0
WBGene00172479.,0,0,0
WBGene00172480.,0,0,0
WBGene00172481.,0,0,0
WBGene00172482.,0,0,0
WBGene00172483.,0,0,0
WBGene00172484.,0,0,0
WBGene00172485.,0,0,0
WBGene00172486.,0,0,0
WBGene00172487.,0,0,0
WBGene00172488.,0,0,0
WBGene00172489.,0,0,0
WBGene00172490.,0,0,0
WBGene00172491.,0,0,0
WBGene00172492.,0,0,0
WBGene00172493.,0,0,0
WBGene00172494.,0,0,0
WBGene00172495.,0,0,0
WBGene00172496.,0,0,0
WBGene00172497.,0,0,0
WBGene00172498.,0,0,0
WBGene00172499.,0,0,0
WBGene00172500.,0,0,0
WBGene00172501.,0,0,0
WBGene00172502.,0,0,0
WBGene00172503.,0,0,0
WBGene00172504.,0,0,0
WBGene00172505.,0,0,0
WBGene00172506.,0,0,0
WBGene00172507.,0,0,0
WBGene00172508.,0,0,0
WBGene00172509.,0,0,0
WBGene00172510.,0,0,0
WBGene00172511.,0,0,0
WBGene00172512.,0,0,0
WBGene00172513.,0,0,0
WBGene00172514.,0,0,0
WBGene00172515.,0,0,0
WBGene00172516.,0,0,0
WBGene00172517.,0,0,0
WBGene00172518.,0,0,0
WBGene00172519.,0,0,0
WBGene00172520.,0,0,0
WBGene00172521.,0,0,0
WBGene00172522.,0,0,0
WBGene00172523.,0,0,0
WBGene00172524.,0,0,0
WBGene00172525.,0,0,0
WBGene00172526.,0,0,0
WBGene00172527.,0,0,0
WBGene00172528.,0,0,0
WBGene00172529.,0,0,0
WBGene00172530.,0,0,0
WBGene00172531.,0,0,0
WBGene00172532.,0,0,0
WBGene00172533.,0,0,0
WBGene00172534.,0,0,0
WBGene00172535.,0,0,0
WBGene00172536.,0,0,0
WBGene00172537.,0,0,0
WBGene00172538.,0,0,0
WBGene00172539.,0,0,0
WBGene00172540.,0,0,0
WBGene00172541.,0,0,0
WBGene00172542.,0,0,0
WBGene00172543.,0,0,0
WBGene00172544.,0,0,0
WBGene00172545.,0,0,0
WBGene00172546.,0,0,0
WBGene00172547.,0,0,0
WBGene00172548.,0,0,0
WBGene00172549.,0,0,0
WBGene00172550.,0,0,0
WBGene00172551.,0,0,0
WBGene00172552.,0,0,0
WBGene00172553.,0,0,0
WBGene00172554.,0,0,0
WBGene00172555.,0,0,0
WBGene00172556.,0,0,0
WBGene00172557.,0,0,0
WBGene00172558.,0,0,0
WBGene00172559.,0,0,0
WBGene00172560.,0,0,0
WBGene00172561.,0,0,0
WBGene00172562.,0,0,0
WBGene00172563.,0,0,0
WBGene00172564.,0,0,0
WBGene00172565.,0,0,0
WBGene00172566.,0,0,0
WBGene00172567.,0,0,0
WBGene00172568.,0,0,0
WBGene00172569.,0,0,0
WBGene00172570.,0,0,0
WBGene00172571.,0,0,0
WBGene00172572.,0,0,0
WBGene00172573.,0,0,0
WBGene00172574.,0,0,0
WBGene00172575.,0,0,0
WBGene00172576.,0,0,0
WBGene00172577.,0,0,0
WBGene00172578.,0,0,0
WBGene00172579.,0,0,0
WBGene00172580.,0,0,0
WBGene00172581.,0,0,0
WBGene00172582.,0,0,0
WBGene00172583.,0,0,0
WBGene00172584.,0,0,0
WBGene00172585.,0,0,0
WBGene00172586.,0,0,0
WBGene00172587.,0,0,0
WBGene00172588.,0,0,0
WBGene00172589.,0,0,0
WBGene00172590.,0,0,0
WBGene00172591.,0,0,0
WBGene00172592.,0,0,0
WBGene00172593.,0,0,0
WBGene00172594.,0,0,0
WBGene00172595.,0,0,0
WBGene00172596.,0,0,0
WBGene00172597.,0,0,0
WBGene00172598.,0,0,0
WBGene00172599.,0,0,0
WBGene00172600.,0,0,0
WBGene00172601.,0,0,0
WBGene00172602.,0,0,0
WBGene00172603.,0,0,0
WBGene00172604.,0,0,0
WBGene00172605.,0,0,0
WBGene00172606.,0,0,0
WBGene00172607.,0,0,0
WBGene00172608.,0,0,0
WBGene00172609.,0,0,0
WBGene00172610.,0,0,0
WBGene00172611.,0,0,0
WBGene00172612.,0,0,0
WBGene00172613.,0,0,0
WBGene00172614.,0,0,0
WBGene00172615.,0,0,0
WBGene00172616.,0,0,0
WBGene00172617.,0,0,0
WBGene00172618.,0,0,0
WBGene00172619.,0,0,0
WBGene00172620.,0,0,0
WBGene00172621.,0,0,0
WBGene00172622.,0,0,0
WBGene00172623.,0,0,0
WBGene00172624.,0,0,0
WBGene00172625.,0,0,0
WBGene00172626.,0,0,0
WBGene00172627.,0,0,0
WBGene00172628.,0,0,0
WBGene00172629.,0,0,0
WBGene00172630.,0,0,0
WBGene00172631.,0,0,0
WBGene00172632.,0,0,0
WBGene00172633.,0,0,0
WBGene00172634.,0,0,0
WBGene00172635.,0,0,0
WBGene00172636.,0,0,0
WBGene00172637.,0,0,0
WBGene00172638.,0,0,0
WBGene00172639.,0,0,0
WBGene00172640.,0,0,0
WBGene00172641.,0,0,0
WBGene00172642.,0,0,0
WBGene00172643.,0,0,0
WBGene00172644.,0,0,0
WBGene00172645.,0,0,0
WBGene00172646.,0,0,0
WBGene00172647.,0,0,0
WBGene00172648.,0,0,0
WBGene00172649.,0,0,0
WBGene00172650.,0,0,0
WBGene00172651.,0,0,0
WBGene00172652.,0,0,0
WBGene00172653.,0,0,0
WBGene00172654.,0,0,0
WBGene00172655.,0,0,0
WBGene00172656.,0,0,0
WBGene00172657.,0,0,0
WBGene00172658.,0,0,0
WBGene00172659.,0,0,0
WBGene00172660.,0,0,0
WBGene00172661.,0,0,0
WBGene00172662.,0,0,0
WBGene00172663.,0,0,0
WBGene00172664.,0,0,0
WBGene00172665.,0,0,0
WBGene00172666.,0,0,0
WBGene00172667.,0,0,0
WBGene00172668.,0,0,0
WBGene00172669.,0,0,0
WBGene00172670.,0,0,0
WBGene00172671.,0,0,0
WBGene00172672.,0,0,0
WBGene00172673.,0,0,0
WBGene00172674.,0,0,0
WBGene00172675.,0,0,0
WBGene00172676.,0,0,0
WBGene00172677.,0,0,0
WBGene00172678.,0,0,0
WBGene00172679.,0,0,0
WBGene00172680.,0,0,0
WBGene00172681.,0,0,0
WBGene00172682.,0,0,0
WBGene00172683.,0,0,0
WBGene00172684.,0,0,0
WBGene00172685.,0,0,0
WBGene00172686.,0,0,0
WBGene00172687.,0,0,0
WBGene00172688.,0,0,0
WBGene00172689.,0,0,0
WBGene00172690.,0,0,0
WBGene00172691.,0,0,0
WBGene00172692.,0,0,0
WBGene00172693.,0,0,0
WBGene00172694.,0,0,0
WBGene00172695.,0,0,0
WBGene00172696.,0,0,0
WBGene00172697.,0,0,0
WBGene00172698.,0,0,0
WBGene00172699.,0,0,0
WBGene00172700.,0,0,0
WBGene00172701.,0,0,0
WBGene00172702.,0,0,0
WBGene00172703.,0,0,0
WBGene00172704.,0,0,0
WBGene00172705.,0,0,0
WBGene00172706.,0,0,0
WBGene00172707.,0,0,0
WBGene00172708.,0,0,0
WBGene00172709.,0,0,0
WBGene00172710.,0,0,0
WBGene00172711.,0,0,0
WBGene00172712.,0,0,0
WBGene00172713.,0,0,0
WBGene00172714.,0,0,0
WBGene00172715.,0,0,0
WBGene00172716.,0,0,0
WBGene00172717.,0,0,0
WBGene00172718.,0,0,0
WBGene00172719.,0,0,0
WBGene00172720.,0,0,0
WBGene00172721.,0,0,0
WBGene00172722.,0,0,0
WBGene00172723.,0,0,0
WBGene00172724.,0,0,0
WBGene00172725.,0,0,0
WBGene00172726.,0,0,0
WBGene00172727.,0,0,0
WBGene00172728.,0,0,0
WBGene00172729.,0,0,0
WBGene00172730.,0,0,0
WBGene00172731.,0,0,0
WBGene00172732.,0,0,0
WBGene00172733.,0,0,0
WBGene00172734.,0,0,0
WBGene00172735.,0,0,0
WBGene00172736.,0,0,0
WBGene00172737.,0,0,0
WBGene00172738.,0,0,0
WBGene00172739.,0,0,0
WBGene00172740.,0,0,0
WBGene00172741.,0,0,0
WBGene00172742.,0,0,0
WBGene00172743.,0,0,0
WBGene00172744.,0,0,0
WBGene00172745.,0,0,0
WBGene00172746.,0,0,0
WBGene00172747.,0,0,0
WBGene00172748.,0,0,0
WBGene00172749.,0,0,0
WBGene00172750.,0,0,0
WBGene00172751.,0,0,0
WBGene00172752.,0,0,0
WBGene00172753.,0,0,0
WBGene00172754.,0,0,0
WBGene00172755.,0,0,0
WBGene00172756.,0,0,0
WBGene00172757.,0,0,0
WBGene00172758.,0,0,0
WBGene00172759.,0,0,0
WBGene00172760.,0,0,0
WBGene00172761.,0,0,0
WBGene00172762.,0,0,0
WBGene00172763.,0,0,0
WBGene00172764.,0,0,0
WBGene00172765.,0,0,0
WBGene00172766.,0,0,0
WBGene00172767.,0,0,0
WBGene00172768.,0,0,0
WBGene00172769.,0,0,0
WBGene00172770.,0,0,0
WBGene00172771.,0,0,0
WBGene00172772.,0,0,0
WBGene00172773.,0,0,0
WBGene00172774.,0,0,0
WBGene00172775.,0,0,0
WBGene00172776.,0,0,0
WBGene00172777.,0,0,0
WBGene00172778.,0,0,0
WBGene00172779.,0,0,0
WBGene00172780.,0,0,0
WBGene00172781.,0,0,0
WBGene00172782.,0,0,0
WBGene00172783.,0,0,0
WBGene00172784.,0,0,0
WBGene00172785.,0,0,0
WBGene00172786.,0,0,0
WBGene00172787.,0,0,0
WBGene00172788.,0,0,0
WBGene00172789.,0,0,0
WBGene00172790.,0,0,0
WBGene00172791.,0,0,0
WBGene00172792.,0,0,0
WBGene00172793.,0,0,0
WBGene00172794.,0,0,0
WBGene00172795.,0,0,0
WBGene00172796.,0,0,0
WBGene00172797.,0,0,0
WBGene00172798.,0,0,0
WBGene00172799.,0,0,0
WBGene00172800.,0,0,0
WBGene00172801.,0,0,0
WBGene00172802.,0,0,0
WBGene00172803.,0,0,0
WBGene00172804.,0,0,0
WBGene00172805.,0,0,0
WBGene00172806.,0,0,0
WBGene00172807.,0,0,0
WBGene00172808.,0,0,0
WBGene00172809.,0,0,0
WBGene00172810.,0,0,0
WBGene00172811.,0,0,0
WBGene00172812.,0,0,0
WBGene00172813.,0,0,0
WBGene00172814.,0,0,0
WBGene00172815.,0,0,0
WBGene00172816.,0,0,0
WBGene00172817.,0,0,0
WBGene00172818.,0,0,0
WBGene00172819.,0,0,0
WBGene00172820.,0,0,0
WBGene00172821.,0,0,0
WBGene00172822.,0,0,0
WBGene00172823.,0,0,0
WBGene00172824.,0,0,0
WBGene00172825.,0,0,0
WBGene00172826.,0,0,0
WBGene00172827.,0,0,0
WBGene00172828.,0,0,0
WBGene00172829.,0,0,0
WBGene00172830.,0,0,0
WBGene00172831.,0,0,0
WBGene00172832.,0,0,0
WBGene00172833.,0,0,0
WBGene00172834.,0,0,0
WBGene00172835.,0,0,0
WBGene00172836.,0,0,0
WBGene00172837.,0,0,0
WBGene00172838.,0,0,0
WBGene00172839.,0,0,0
WBGene00172840.,0,0,0
WBGene00172841.,0,0,0
WBGene00172842.,0,0,0
WBGene00172843.,0,0,0
WBGene00172844.,0,0,0
WBGene00172845.,0,0,0
WBGene00172846.,0,0,0
WBGene00172847.,0,0,0
WBGene00172848.,0,0,0
WBGene00172849.,0,0,0
WBGene00172850.,0,0,0
WBGene00172851.,0,0,0
WBGene00172852.,0,0,0
WBGene00172853.,0,0,0
WBGene00172854.,0,0,0
WBGene00172855.,0,0,0
WBGene00172856.,0,0,0
WBGene00172857.,0,0,0
WBGene00172858.,0,0,0
WBGene00172859.,0,0,0
WBGene00172860.,0,0,0
WBGene00172861.,0,0,0
WBGene00172862.,0,0,0
WBGene00172863.,0,0,0
WBGene00172864.,0,0,0
WBGene00172865.,0,0,0
WBGene00172866.,0,0,0
WBGene00172867.,0,0,0
WBGene00172868.,0,0,0
WBGene00172869.,0,0,0
WBGene00172870.,0,0,0
WBGene00172871.,0,0,0
WBGene00172872.,0,0,0
WBGene00172873.,0,0,0
WBGene00172874.,0,0,0
WBGene00172875.,0,0,0
WBGene00172876.,0,0,0
WBGene00172877.,0,0,0
WBGene00172878.,0,0,0
WBGene00172879.,0,0,0
WBGene00172880.,0,0,0
WBGene00172881.,0,0,0
WBGene00172882.,0,0,0
WBGene00172883.,0,0,0
WBGene00172884.,0,0,0
WBGene00172885.,0,0,0
WBGene00172886.,0,0,0
WBGene00172887.,0,0,0
WBGene00172888.,0,0,0
WBGene00172889.,0,0,0
WBGene00172890.,0,0,0
WBGene00172891.,0,0,0
WBGene00172892.,0,0,0
WBGene00172893.,0,0,0
WBGene00172894.,0,0,0
WBGene00172895.,0,0,0
WBGene00172896.,0,0,0
WBGene00172897.,0,0,0
WBGene00172898.,0,0,0
WBGene00172899.,0,0,0
WBGene00172900.,0,0,0
WBGene00172901.,0,0,0
WBGene00172902.,0,0,0
WBGene00172903.,0,0,0
WBGene00172904.,0,0,0
WBGene00172905.,0,0,0
WBGene00172906.,0,0,0
WBGene00172907.,0,0,0
WBGene00172908.,0,0,0
WBGene00172909.,0,0,0
WBGene00172910.,0,0,0
WBGene00172911.,0,0,0
WBGene00172912.,0,0,0
WBGene00172913.,0,0,0
WBGene00172914.,0,0,0
WBGene00172915.,0,0,0
WBGene00172916.,0,0,0
WBGene00172917.,0,0,0
WBGene00172918.,0,0,0
WBGene00172919.,0,0,0
WBGene00172920.,0,0,0
WBGene00172921.,0,0,0
WBGene00172922.,0,0,0
WBGene00172923.,0,0,0
WBGene00172924.,0,0,0
WBGene00172925.,0,0,0
WBGene00172926.,0,0,0
WBGene00172927.,0,0,0
WBGene00172928.,0,0,0
WBGene00172929.,0,0,0
WBGene00172930.,0,0,0
WBGene00172931.,0,0,0
WBGene00172932.,0,0,0
WBGene00172933.,0,0,0
WBGene00172934.,0,0,0
WBGene00172935.,0,0,0
WBGene00172936.,0,0,0
WBGene00172937.,0,0,0
WBGene00172938.,0,0,0
WBGene00172939.,0,0,0
WBGene00172940.,0,0,0
WBGene00172941.,0,0,0
WBGene00172942.,0,0,0
WBGene00172943.,0,0,0
WBGene00172944.,0,0,0
WBGene00172945.,0,0,0
WBGene00172946.,0,0,0
WBGene00172947.,0,0,0
WBGene00172948.,0,0,0
WBGene00172949.,0,0,0
WBGene00172950.,0,0,0
WBGene00172951.,0,0,0
WBGene00172952.,0,0,0
WBGene00172953.,0,0,0
WBGene00172954.,0,0,0
WBGene00172955.,0,0,0
WBGene00172956.,0,0,0
WBGene00172957.,0,0,0
WBGene00172958.,0,0,0
WBGene00172959.,0,0,0
WBGene00172960.,0,0,0
WBGene00172961.,0,0,0
WBGene00172962.,0,0,0
WBGene00172963.,0,0,0
WBGene00172964.,0,0,0
WBGene00172965.,0,0,0
WBGene00172966.,0,0,0
WBGene00172967.,0,0,0
WBGene00172968.,0,0,0
WBGene00172969.,0,0,0
WBGene00172970.,0,0,0
WBGene00172971.,0,0,0
WBGene00172972.,0,0,0
WBGene00172973.,0,0,0
WBGene00172974.,0,0,0
WBGene00172975.,0,0,0
WBGene00172976.,0,0,0
WBGene00172977.,0,0,0
WBGene00172978.,0,0,0
WBGene00172979.,0,0,0
WBGene00172980.,0,0,0
WBGene00172981.,0,0,0
WBGene00172982.,0,0,0
WBGene00172983.,0,0,0
WBGene00172984.,0,0,0
WBGene00172985.,0,0,0
WBGene00172986.,0,0,0
WBGene00172987.,0,0,0
WBGene00172988.,0,0,0
WBGene00172989.,0,0,0
WBGene00172990.,0,0,0
WBGene00172991.,0,0,0
WBGene00172992.,0,0,0
WBGene00172993.,0,0,0
WBGene00172994.,0,0,0
WBGene00172995.,0,0,0
WBGene00172996.,0,0,0
WBGene00172997.,0,0,0
WBGene00172998.,0,0,0
WBGene00172999.,0,0,0
WBGene00173000.,0,0,0
WBGene00173001.,0,0,0
WBGene00173002.,0,0,0
WBGene00173003.,0,0,0
WBGene00173004.,0,0,0
WBGene00173005.,0,0,0
WBGene00173006.,0,0,0
WBGene00173007.,0,0,0
WBGene00173008.,0,0,0
WBGene00173009.,0,0,0
WBGene00173010.,0,0,0
WBGene00173011.,0,0,0
WBGene00173012.,0,0,0
WBGene00173013.,0,0,0
WBGene00173014.,0,0,0
WBGene00173015.,0,0,0
WBGene00173016.,0,0,0
WBGene00173017.,0,0,0
WBGene00173018.,0,0,0
WBGene00173019.,0,0,0
WBGene00173020.,0,0,0
WBGene00173021.,0,0,0
WBGene00173022.,0,0,0
WBGene00173023.,0,0,0
WBGene00173024.,0,0,0
WBGene00173025.,0,0,0
WBGene00173026.,0,0,0
WBGene00173027.,0,0,0
WBGene00173028.,0,0,0
WBGene00173029.,0,0,0
WBGene00173030.,0,0,0
WBGene00173031.,0,0,0
WBGene00173032.,0,0,0
WBGene00173033.,0,0,0
WBGene00173034.,0,0,0
WBGene00173035.,0,0,0
WBGene00173036.,0,0,0
WBGene00173037.,0,0,0
WBGene00173038.,0,0,0
WBGene00173039.,0,0,0
WBGene00173040.,0,0,0
WBGene00173041.,0,0,0
WBGene00173042.,0,0,0
WBGene00173043.,0,0,0
WBGene00173044.,0,0,0
WBGene00173045.,0,0,0
WBGene00173046.,0,0,0
WBGene00173047.,0,0,0
WBGene00173048.,0,0,0
WBGene00173049.,0,0,0
WBGene00173050.,0,0,0
WBGene00173051.,0,0,0
WBGene00173052.,0,0,0
WBGene00173053.,0,0,0
WBGene00173054.,0,0,0
WBGene00173055.,0,0,0
WBGene00173056.,0,0,0
WBGene00173057.,0,0,0
WBGene00173058.,0,0,0
WBGene00173059.,0,0,0
WBGene00173060.,0,0,0
WBGene00173061.,0,0,0
WBGene00173062.,0,0,0
WBGene00173063.,0,0,0
WBGene00173064.,0,0,0
WBGene00173065.,0,0,0
WBGene00173066.,0,0,0
WBGene00173067.,0,0,0
WBGene00173068.,0,0,0
WBGene00173069.,0,0,0
WBGene00173070.,0,0,0
WBGene00173071.,0,0,0
WBGene00173072.,0,0,0
WBGene00173073.,0,0,0
WBGene00173074.,0,0,0
WBGene00173075.,0,0,0
WBGene00173076.,0,0,0
WBGene00173077.,0,0,0
WBGene00173078.,0,0,0
WBGene00173079.,0,0,0
WBGene00173080.,0,0,0
WBGene00173081.,0,0,0
WBGene00173082.,0,0,0
WBGene00173083.,0,0,0
WBGene00173084.,0,0,0
WBGene00173085.,0,0,0
WBGene00173086.,0,0,0
WBGene00173087.,0,0,0
WBGene00173088.,0,0,0
WBGene00173089.,0,0,0
WBGene00173090.,0,0,0
WBGene00173091.,0,0,0
WBGene00173092.,0,0,0
WBGene00173093.,0,0,0
WBGene00173094.,0,0,0
WBGene00173095.,0,0,0
WBGene00173096.,0,0,0
WBGene00173097.,0,0,0
WBGene00173098.,0,0,0
WBGene00173099.,0,0,0
WBGene00173100.,0,0,0
WBGene00173101.,0,0,0
WBGene00173102.,0,0,0
WBGene00173103.,0,0,0
WBGene00173104.,0,0,0
WBGene00173105.,0,0,0
WBGene00173106.,0,0,0
WBGene00173107.,0,0,0
WBGene00173108.,0,0,0
WBGene00173109.,0,0,0
WBGene00173110.,0,0,0
WBGene00173111.,0,0,0
WBGene00173112.,0,0,0
WBGene00173113.,0,0,0
WBGene00173114.,0,0,0
WBGene00173115.,0,0,0
WBGene00173116.,0,0,0
WBGene00173117.,0,0,0
WBGene00173118.,0,0,0
WBGene00173119.,0,0,0
WBGene00173120.,0,0,0
WBGene00173121.,0,0,0
WBGene00173122.,0,0,0
WBGene00173123.,0,0,0
WBGene00173124.,0,0,0
WBGene00173125.,0,0,0
WBGene00173126.,0,0,0
WBGene00173127.,0,0,0
WBGene00173128.,0,0,0
WBGene00173129.,0,0,0
WBGene00173130.,0,0,0
WBGene00173131.,0,0,0
WBGene00173132.,0,0,0
WBGene00173133.,0,0,0
WBGene00173134.,0,0,0
WBGene00173135.,0,0,0
WBGene00173136.,0,0,0
WBGene00173137.,0,0,0
WBGene00173138.,0,0,0
WBGene00173139.,0,0,0
WBGene00173140.,0,0,0
WBGene00173141.,0,0,0
WBGene00173142.,0,0,0
WBGene00173143.,0,0,0
WBGene00173144.,0,0,0
WBGene00173145.,0,0,0
WBGene00173146.,0,0,0
WBGene00173147.,0,0,0
WBGene00173148.,0,0,0
WBGene00173149.,0,0,0
WBGene00173150.,0,0,0
WBGene00173151.,0,0,0
WBGene00173152.,0,0,0
WBGene00173153.,0,0,0
WBGene00173154.,0,0,0
WBGene00173155.,0,0,0
WBGene00173156.,0,0,0
WBGene00173157.,0,0,0
WBGene00173158.,0,0,0
WBGene00173159.,0,0,0
WBGene00173160.,0,0,0
WBGene00173161.,0,0,0
WBGene00173162.,0,0,0
WBGene00173163.,0,0,0
WBGene00173164.,0,0,0
WBGene00173165.,0,0,0
WBGene00173166.,0,0,0
WBGene00173167.,0,0,0
WBGene00173168.,0,0,0
WBGene00173169.,0,0,0
WBGene00173170.,0,0,0
WBGene00173171.,0,0,0
WBGene00173172.,0,0,0
WBGene00173173.,0,0,0
WBGene00173174.,0,0,0
WBGene00173175.,0,0,0
WBGene00173176.,0,0,0
WBGene00173177.,0,0,0
WBGene00173178.,0,0,0
WBGene00173179.,0,0,0
WBGene00173180.,0,0,0
WBGene00173181.,0,0,0
WBGene00173182.,0,0,0
WBGene00173183.,0,0,0
WBGene00173184.,0,0,0
WBGene00173185.,0,0,0
WBGene00173186.,0,0,0
WBGene00173187.,0,0,0
WBGene00173188.,0,0,0
WBGene00173189.,0,0,0
WBGene00173190.,0,0,0
WBGene00173191.,0,0,0
WBGene00173192.,0,0,0
WBGene00173193.,0,0,0
WBGene00173194.,0,0,0
WBGene00173195.,0,0,0
WBGene00173196.,0,0,0
WBGene00173197.,0,0,0
WBGene00173198.,0,0,0
WBGene00173199.,0,0,0
WBGene00173200.,0,0,0
WBGene00173201.,0,0,0
WBGene00173202.,0,0,0
WBGene00173203.,0,0,0
WBGene00173204.,0,0,0
WBGene00173205.,0,0,0
WBGene00173206.,0,0,0
WBGene00173207.,0,0,0
WBGene00173208.,0,0,0
WBGene00173209.,0,0,0
WBGene00173210.,0,0,0
WBGene00173211.,0,0,0
WBGene00173212.,0,0,0
WBGene00173213.,0,0,0
WBGene00173214.,0,0,0
WBGene00173215.,0,0,0
WBGene00173216.,0,0,0
WBGene00173217.,0,0,0
WBGene00173218.,0,0,0
WBGene00173219.,0,0,0
WBGene00173220.,0,0,0
WBGene00173221.,0,0,0
WBGene00173222.,0,0,0
WBGene00173223.,0,0,0
WBGene00173224.,0,0,0
WBGene00173225.,0,0,0
WBGene00173226.,0,0,0
WBGene00173227.,0,0,0
WBGene00173228.,0,0,0
WBGene00173229.,0,0,0
WBGene00173230.,0,0,0
WBGene00173231.,0,0,0
WBGene00173232.,0,0,0
WBGene00173233.,0,0,0
WBGene00173234.,0,0,0
WBGene00173235.,0,0,0
WBGene00173236.,0,0,0
WBGene00173237.,0,0,0
WBGene00173238.,0,0,0
WBGene00173239.,0,0,0
WBGene00173240.,0,0,0
WBGene00173241.,0,0,0
WBGene00173242.,0,0,0
WBGene00173243.,0,0,0
WBGene00173244.,0,0,0
WBGene00173245.,0,0,0
WBGene00173246.,0,0,0
WBGene00173247.,0,0,0
WBGene00173248.,0,0,0
WBGene00173249.,0,0,0
WBGene00173250.,0,0,0
WBGene00173251.,0,0,0
WBGene00173252.,0,0,0
WBGene00173253.,0,0,0
WBGene00173254.,0,0,0
WBGene00173255.,0,0,0
WBGene00173256.,0,0,0
WBGene00173257.,0,0,0
WBGene00173258.,0,0,0
WBGene00173259.,0,0,0
WBGene00173260.,0,0,0
WBGene00173261.,0,0,0
WBGene00173262.,0,0,0
WBGene00173263.,0,0,0
WBGene00173264.,0,0,0
WBGene00173265.,0,0,0
WBGene00173266.,0,0,0
WBGene00173267.,0,0,0
WBGene00173268.,0,0,0
WBGene00173269.,0,0,0
WBGene00173270.,0,0,0
WBGene00173271.,0,0,0
WBGene00173272.,0,0,0
WBGene00173273.,0,0,0
WBGene00173274.,0,0,0
WBGene00173275.,0,0,0
WBGene00173276.,0,0,0
WBGene00173277.,0,0,0
WBGene00173278.,0,0,0
WBGene00173279.,0,0,0
WBGene00173280.,0,0,0
WBGene00173281.,0,0,0
WBGene00173282.,0,0,0
WBGene00173283.,0,0,0
WBGene00173284.,0,0,0
WBGene00173285.,0,0,0
WBGene00173286.,0,0,0
WBGene00173287.,0,0,0
WBGene00173288.,0,0,0
WBGene00173289.,0,0,0
WBGene00173290.,0,0,0
WBGene00173291.,0,0,0
WBGene00173292.,0,0,0
WBGene00173293.,0,0,0
WBGene00173294.,0,0,0
WBGene00173295.,0,0,0
WBGene00173296.,0,0,0
WBGene00173297.,0,0,0
WBGene00173298.,0,0,0
WBGene00173299.,0,0,0
WBGene00173300.,0,0,0
WBGene00173301.,0,0,0
WBGene00173302.,0,0,0
WBGene00173303.,0,0,0
WBGene00173304.,0,0,0
WBGene00173305.,0,0,0
WBGene00173306.,0,0,0
WBGene00173307.,0,0,0
WBGene00173308.,0,0,0
WBGene00173309.,0,0,0
WBGene00173310.,0,0,0
WBGene00173311.,0,0,0
WBGene00173312.,0,0,0
WBGene00173313.,0,0,0
WBGene00173314.,0,0,0
WBGene00173315.,0,0,0
WBGene00173316.,0,0,0
WBGene00173317.,0,0,0
WBGene00173318.,0,0,0
WBGene00173319.,0,0,0
WBGene00173320.,0,0,0
WBGene00173321.,0,0,0
WBGene00173322.,0,0,0
WBGene00173323.,0,0,0
WBGene00173324.,0,0,0
WBGene00173325.,0,0,0
WBGene00173326.,0,0,0
WBGene00173327.,0,0,0
WBGene00173328.,0,0,0
WBGene00173329.,0,0,0
WBGene00173330.,0,0,0
WBGene00173331.,0,0,0
WBGene00173332.,0,0,0
WBGene00173333.,0,0,0
WBGene00173334.,0,0,0
WBGene00173335.,0,0,0
WBGene00173336.,0,0,0
WBGene00173337.,0,0,0
WBGene00173338.,0,0,0
WBGene00173339.,0,0,0
WBGene00173340.,0,0,0
WBGene00173341.,0,0,0
WBGene00173342.,0,0,0
WBGene00173343.,0,0,0
WBGene00173344.,0,0,0
WBGene00173345.,0,0,0
WBGene00173346.,0,0,0
WBGene00173347.,0,0,0
WBGene00173348.,0,0,0
WBGene00173349.,0,0,0
WBGene00173350.,0,0,0
WBGene00173351.,0,0,0
WBGene00173352.,0,0,0
WBGene00173353.,0,0,0
WBGene00173354.,0,0,0
WBGene00173355.,0,0,0
WBGene00173356.,0,0,0
WBGene00173357.,0,0,0
WBGene00173358.,0,0,0
WBGene00173359.,0,0,0
WBGene00173360.,0,0,0
WBGene00173361.,0,0,0
WBGene00173362.,0,0,0
WBGene00173363.,0,0,0
WBGene00173364.,0,0,0
WBGene00173365.,0,0,0
WBGene00173366.,0,0,0
WBGene00173367.,0,0,0
WBGene00173368.,0,0,0
WBGene00173369.,0,0,0
WBGene00173370.,0,0,0
WBGene00173371.,0,0,0
WBGene00173372.,0,0,0
WBGene00173373.,0,0,0
WBGene00173374.,0,0,0
WBGene00173375.,0,0,0
WBGene00173376.,0,0,0
WBGene00173377.,0,0,0
WBGene00173378.,0,0,0
WBGene00173379.,0,0,0
WBGene00173380.,0,0,0
WBGene00173381.,0,0,0
WBGene00173382.,0,0,0
WBGene00173383.,0,0,0
WBGene00173384.,0,0,0
WBGene00173385.,0,0,0
WBGene00173386.,0,0,0
WBGene00173387.,0,0,0
WBGene00173388.,0,0,0
WBGene00173389.,0,0,0
WBGene00173390.,0,0,0
WBGene00173391.,0,0,0
WBGene00173392.,0,0,0
WBGene00173393.,0,0,0
WBGene00173394.,0,0,0
WBGene00173395.,0,0,0
WBGene00173396.,0,0,0
WBGene00173397.,0,0,0
WBGene00173398.,0,0,0
WBGene00173399.,0,0,0
WBGene00173400.,0,0,0
WBGene00173401.,0,0,0
WBGene00173402.,0,0,0
WBGene00173403.,0,0,0
WBGene00173404.,0,0,0
WBGene00173405.,0,0,0
WBGene00173406.,0,0,0
WBGene00173407.,0,0,0
WBGene00173408.,0,0,0
WBGene00173409.,0,0,0
WBGene00173410.,0,0,0
WBGene00173411.,0,0,0
WBGene00173412.,0,0,0
WBGene00173413.,0,0,0
WBGene00173414.,0,0,0
WBGene00173415.,0,0,0
WBGene00173416.,0,0,0
WBGene00173417.,0,0,0
WBGene00173418.,0,0,0
WBGene00173419.,0,0,0
WBGene00173420.,0,0,0
WBGene00173421.,0,0,0
WBGene00173422.,0,0,0
WBGene00173423.,0,0,0
WBGene00173424.,0,0,0
WBGene00173425.,0,0,0
WBGene00173426.,0,0,0
WBGene00173427.,0,0,0
WBGene00173428.,0,0,0
WBGene00173429.,0,0,0
WBGene00173430.,0,0,0
WBGene00173431.,0,0,0
WBGene00173432.,0,0,0
WBGene00173433.,0,0,0
WBGene00173434.,0,0,0
WBGene00173435.,0,0,0
WBGene00173436.,0,0,0
WBGene00173437.,0,0,0
WBGene00173438.,0,0,0
WBGene00173439.,0,0,0
WBGene00173440.,0,0,0
WBGene00173441.,0,0,0
WBGene00173442.,0,0,0
WBGene00173443.,0,0,0
WBGene00173444.,0,0,0
WBGene00173445.,0,0,0
WBGene00173446.,0,0,0
WBGene00173447.,0,0,0
WBGene00173448.,0,0,0
WBGene00173449.,0,0,0
WBGene00173450.,0,0,0
WBGene00173451.,0,0,0
WBGene00173452.,0,0,0
WBGene00173453.,0,0,0
WBGene00173454.,0,0,0
WBGene00173455.,0,0,0
WBGene00173456.,0,0,0
WBGene00173457.,0,0,0
WBGene00173458.,0,0,0
WBGene00173459.,0,0,0
WBGene00173460.,0,0,0
WBGene00173461.,0,0,0
WBGene00173462.,0,0,0
WBGene00173463.,0,0,0
WBGene00173464.,0,0,0
WBGene00173465.,0,0,0
WBGene00173466.,0,0,0
WBGene00173467.,0,0,0
WBGene00173468.,0,0,0
WBGene00173469.,0,0,0
WBGene00173470.,0,0,0
WBGene00173471.,0,0,0
WBGene00173472.,0,0,0
WBGene00173473.,0,0,0
WBGene00173474.,0,0,0
WBGene00173475.,0,0,0
WBGene00173476.,0,0,0
WBGene00173477.,0,0,0
WBGene00173478.,0,0,0
WBGene00173480.,0,0,0
WBGene00173481.,0,0,0
WBGene00173482.,0,0,0
WBGene00173483.,0,0,0
WBGene00173484.,0,0,0
WBGene00173485.,0,0,0
WBGene00173486.,0,0,0
WBGene00173487.,0,0,0
WBGene00173488.,0,0,0
WBGene00173489.,0,0,0
WBGene00173490.,0,0,0
WBGene00173491.,0,0,0
WBGene00173492.,0,0,0
WBGene00173493.,0,0,0
WBGene00173494.,0,0,0
WBGene00173495.,0,0,0
WBGene00173496.,0,0,0
WBGene00173497.,0,0,0
WBGene00173498.,0,0,0
WBGene00173499.,0,0,0
WBGene00173500.,0,0,0
WBGene00173501.,0,0,0
WBGene00173502.,0,0,0
WBGene00173503.,0,0,0
WBGene00173504.,0,0,0
WBGene00173505.,0,0,0
WBGene00173506.,0,0,0
WBGene00173507.,0,0,0
WBGene00173508.,0,0,0
WBGene00173509.,0,0,0
WBGene00173510.,0,0,0
WBGene00173511.,0,0,0
WBGene00173512.,0,0,0
WBGene00173513.,0,0,0
WBGene00173514.,0,0,0
WBGene00173515.,0,0,0
WBGene00173516.,0,0,0
WBGene00173517.,0,0,0
WBGene00173518.,0,0,0
WBGene00173519.,0,0,0
WBGene00173520.,0,0,0
WBGene00173521.,0,0,0
WBGene00173522.,0,0,0
WBGene00173523.,0,0,0
WBGene00173524.,0,0,0
WBGene00173525.,0,0,0
WBGene00173526.,0,0,0
WBGene00173527.,0,0,0
WBGene00173528.,0,0,0
WBGene00173529.,0,0,0
WBGene00173530.,0,0,0
WBGene00173531.,0,0,0
WBGene00173532.,0,0,0
WBGene00173533.,0,0,0
WBGene00173534.,0,0,0
WBGene00173535.,0,0,0
WBGene00173536.,0,0,0
WBGene00173537.,0,0,0
WBGene00173538.,0,0,0
WBGene00173539.,0,0,0
WBGene00173540.,0,0,0
WBGene00173541.,0,0,0
WBGene00173542.,0,0,0
WBGene00173543.,0,0,0
WBGene00173544.,0,0,0
WBGene00173545.,0,0,0
WBGene00173546.,0,0,0
WBGene00173547.,0,0,0
WBGene00173548.,0,0,0
WBGene00173550.,0,0,0
WBGene00173551.,0,0,0
WBGene00173552.,0,0,0
WBGene00173553.,0,0,0
WBGene00173554.,0,0,0
WBGene00173555.,0,0,0
WBGene00173556.,0,0,0
WBGene00173557.,0,0,0
WBGene00173558.,0,0,0
WBGene00173559.,0,0,0
WBGene00173560.,0,0,0
WBGene00173561.,0,0,0
WBGene00173562.,0,0,0
WBGene00173563.,0,0,0
WBGene00173564.,0,0,0
WBGene00173565.,0,0,0
WBGene00173566.,0,0,0
WBGene00173567.,0,0,0
WBGene00173568.,0,0,0
WBGene00173569.,0,0,0
WBGene00173570.,0,0,0
WBGene00173571.,0,0,0
WBGene00173572.,0,0,0
WBGene00173573.,0,0,0
WBGene00173574.,0,0,0
WBGene00173575.,0,0,0
WBGene00173576.,0,0,0
WBGene00173577.,0,0,0
WBGene00173578.,0,0,0
WBGene00173579.,0,0,0
WBGene00173580.,0,0,0
WBGene00173581.,0,0,0
WBGene00173582.,0,0,0
WBGene00173583.,0,0,0
WBGene00173584.,0,0,0
WBGene00173585.,0,0,0
WBGene00173586.,0,0,0
WBGene00173587.,0,0,0
WBGene00173588.,0,0,0
WBGene00173589.,0,0,0
WBGene00173590.,0,0,0
WBGene00173591.,0,0,0
WBGene00173592.,0,0,0
WBGene00173593.,0,0,0
WBGene00173594.,0,0,0
WBGene00173595.,0,0,0
WBGene00173596.,0,0,0
WBGene00173597.,0,0,0
WBGene00173598.,0,0,0
WBGene00173599.,0,0,0
WBGene00173600.,0,0,0
WBGene00173601.,0,0,0
WBGene00173602.,0,0,0
WBGene00173603.,0,0,0
WBGene00173604.,0,0,0
WBGene00173605.,0,0,0
WBGene00173606.,0,0,0
WBGene00173607.,0,0,0
WBGene00173608.,0,0,0
WBGene00173609.,0,0,0
WBGene00173610.,0,0,0
WBGene00173611.,0,0,0
WBGene00173612.,0,0,0
WBGene00173613.,0,0,0
WBGene00173614.,0,0,0
WBGene00173615.,0,0,0
WBGene00173616.,0,0,0
WBGene00173617.,0,0,0
WBGene00173618.,0,0,0
WBGene00173619.,0,0,0
WBGene00173620.,0,0,0
WBGene00173621.,0,0,0
WBGene00173622.,0,0,0
WBGene00173623.,0,0,0
WBGene00173624.,0,0,0
WBGene00173625.,0,0,0
WBGene00173626.,0,0,0
WBGene00173627.,0,0,0
WBGene00173628.,0,0,0
WBGene00173629.,0,0,0
WBGene00173630.,0,0,0
WBGene00173631.,0,0,0
WBGene00173632.,0,0,0
WBGene00173633.,0,0,0
WBGene00173634.,0,0,0
WBGene00173635.,0,0,0
WBGene00173636.,0,0,0
WBGene00173637.,0,0,0
WBGene00173638.,0,0,0
WBGene00173639.,0,0,0
WBGene00173640.,0,0,0
WBGene00173641.,0,0,0
WBGene00173642.,0,0,0
WBGene00173643.,0,0,0
WBGene00173644.,0,0,0
WBGene00173645.,0,0,0
WBGene00173646.,0,0,0
WBGene00173647.,0,0,0
WBGene00173648.,0,0,0
WBGene00173649.,0,0,0
WBGene00173650.,0,0,0
WBGene00173651.,0,0,0
WBGene00173652.,0,0,0
WBGene00173653.,0,0,0
WBGene00173654.,0,0,0
WBGene00173655.,0,0,0
WBGene00173656.,0,0,0
WBGene00173657.,0,0,0
WBGene00173658.,0,0,0
WBGene00173659.,0,0,0
WBGene00173660.,0,0,0
WBGene00173661.,0,0,0
WBGene00173662.,0,0,0
WBGene00173663.,0,0,0
WBGene00173664.,0,0,0
WBGene00173665.,0,0,0
WBGene00173666.,0,0,0
WBGene00173667.,0,0,0
WBGene00173668.,0,0,0
WBGene00173669.,0,0,0
WBGene00173670.,0,0,0
WBGene00173671.,0,0,0
WBGene00173672.,0,0,0
WBGene00173673.,0,0,0
WBGene00173674.,0,0,0
WBGene00173675.,0,0,0
WBGene00173676.,0,0,0
WBGene00173677.,0,0,0
WBGene00173678.,0,0,0
WBGene00173679.,0,0,0
WBGene00173680.,0,0,0
WBGene00173681.,0,0,0
WBGene00173682.,0,0,0
WBGene00173683.,0,0,0
WBGene00173684.,0,0,0
WBGene00173685.,0,0,0
WBGene00173686.,0,0,0
WBGene00173687.,0,0,0
WBGene00173688.,0,0,0
WBGene00173689.,0,0,0
WBGene00173690.,0,0,0
WBGene00173691.,0,0,0
WBGene00173692.,0,0,0
WBGene00173693.,0,0,0
WBGene00173694.,0,0,0
WBGene00173695.,0,0,0
WBGene00173696.,0,0,0
WBGene00173697.,0,0,0
WBGene00173698.,0,0,0
WBGene00173699.,0,0,0
WBGene00173700.,0,0,0
WBGene00173701.,0,0,0
WBGene00173702.,0,0,0
WBGene00173703.,0,0,0
WBGene00173704.,0,0,0
WBGene00173705.,0,0,0
WBGene00173706.,0,0,0
WBGene00173707.,0,0,0
WBGene00173708.,0,0,0
WBGene00173709.,0,0,0
WBGene00173710.,0,0,0
WBGene00173711.,0,0,0
WBGene00173712.,0,0,0
WBGene00173713.,0,0,0
WBGene00173714.,0,0,0
WBGene00173715.,0,0,0
WBGene00173716.,0,0,0
WBGene00173717.,0,0,0
WBGene00173718.,0,0,0
WBGene00173719.,0,0,0
WBGene00173720.,0,0,0
WBGene00173721.,0,0,0
WBGene00173722.,0,0,0
WBGene00173723.,0,0,0
WBGene00173724.,0,0,0
WBGene00173725.,0,0,0
WBGene00173726.,0,0,0
WBGene00173727.,0,0,0
WBGene00173728.,0,0,0
WBGene00173729.,0,0,0
WBGene00173730.,0,0,0
WBGene00173731.,0,0,0
WBGene00173732.,0,0,0
WBGene00173733.,0,0,0
WBGene00173734.,0,0,0
WBGene00173735.,0,0,0
WBGene00173736.,0,0,0
WBGene00173737.,0,0,0
WBGene00173738.,0,0,0
WBGene00173739.,0,0,0
WBGene00173740.,0,0,0
WBGene00173741.,0,0,0
WBGene00173742.,0,0,0
WBGene00173743.,0,0,0
WBGene00173744.,0,0,0
WBGene00173745.,0,0,0
WBGene00173746.,0,0,0
WBGene00173747.,0,0,0
WBGene00173748.,0,0,0
WBGene00173749.,0,0,0
WBGene00173750.,0,0,0
WBGene00173751.,0,0,0
WBGene00173752.,0,0,0
WBGene00173753.,0,0,0
WBGene00173754.,0,0,0
WBGene00173755.,0,0,0
WBGene00173756.,0,0,0
WBGene00173757.,0,0,0
WBGene00173758.,0,0,0
WBGene00173759.,0,0,0
WBGene00173760.,0,0,0
WBGene00173761.,0,0,0
WBGene00173762.,0,0,0
WBGene00173763.,0,0,0
WBGene00173764.,0,0,0
WBGene00173765.,0,0,0
WBGene00173766.,0,0,0
WBGene00173767.,0,0,0
WBGene00173768.,0,0,0
WBGene00173769.,0,0,0
WBGene00173770.,0,0,0
WBGene00173771.,0,0,0
WBGene00173772.,0,0,0
WBGene00173773.,0,0,0
WBGene00173774.,0,0,0
WBGene00173775.,0,0,0
WBGene00173776.,0,0,0
WBGene00173777.,0,0,0
WBGene00173778.,0,0,0
WBGene00173779.,0,0,0
WBGene00173780.,0,0,0
WBGene00173781.,0,0,0
WBGene00173782.,0,0,0
WBGene00173783.,0,0,0
WBGene00173784.,0,0,0
WBGene00173785.,0,0,0
WBGene00173786.,0,0,0
WBGene00173787.,0,0,0
WBGene00173788.,0,0,0
WBGene00173789.,0,0,0
WBGene00173790.,0,0,0
WBGene00173791.,0,0,0
WBGene00173792.,0,0,0
WBGene00173793.,0,0,0
WBGene00173794.,0,0,0
WBGene00173795.,0,0,0
WBGene00173796.,0,0,0
WBGene00173797.,0,0,0
WBGene00173798.,0,0,0
WBGene00173799.,0,0,0
WBGene00173800.,0,0,0
WBGene00173801.,0,0,0
WBGene00173802.,0,0,0
WBGene00173803.,0,0,0
WBGene00173804.,0,0,0
WBGene00173805.,0,0,0
WBGene00173806.,0,0,0
WBGene00173807.,0,0,0
WBGene00173808.,0,0,0
WBGene00173809.,0,0,0
WBGene00173810.,0,0,0
WBGene00173811.,0,0,0
WBGene00173812.,0,0,0
WBGene00173813.,0,0,0
WBGene00173814.,0,0,0
WBGene00173815.,0,0,0
WBGene00173816.,0,0,0
WBGene00173817.,0,0,0
WBGene00173818.,0,0,0
WBGene00173819.,0,0,0
WBGene00173820.,0,0,0
WBGene00173821.,0,0,0
WBGene00173822.,0,0,0
WBGene00173823.,0,0,0
WBGene00173824.,0,0,0
WBGene00173825.,0,0,0
WBGene00173826.,0,0,0
WBGene00173827.,0,0,0
WBGene00173828.,0,0,0
WBGene00173829.,0,0,0
WBGene00173830.,0,0,0
WBGene00173831.,0,0,0
WBGene00173832.,0,0,0
WBGene00173833.,0,0,0
WBGene00173834.,0,0,0
WBGene00173835.,0,0,0
WBGene00173836.,0,0,0
WBGene00173837.,0,0,0
WBGene00173838.,0,0,0
WBGene00173839.,0,0,0
WBGene00173840.,0,0,0
WBGene00173841.,0,0,0
WBGene00173842.,0,0,0
WBGene00173843.,0,0,0
WBGene00173844.,0,0,0
WBGene00173845.,0,0,0
WBGene00173846.,0,0,0
WBGene00173847.,0,0,0
WBGene00173848.,0,0,0
WBGene00173849.,0,0,0
WBGene00173850.,0,0,0
WBGene00173851.,0,0,0
WBGene00173852.,0,0,0
WBGene00173853.,0,0,0
WBGene00173854.,0,0,0
WBGene00173855.,0,0,0
WBGene00173856.,0,0,0
WBGene00173857.,0,0,0
WBGene00173858.,0,0,0
WBGene00173859.,0,0,0
WBGene00173860.,0,0,0
WBGene00173861.,0,0,0
WBGene00173862.,0,0,0
WBGene00173863.,0,0,0
WBGene00173864.,0,0,0
WBGene00173865.,0,0,0
WBGene00173866.,0,0,0
WBGene00173867.,0,0,0
WBGene00173868.,0,0,0
WBGene00173869.,0,0,0
WBGene00173870.,0,0,0
WBGene00173871.,0,0,0
WBGene00173872.,0,0,0
WBGene00173873.,0,0,0
WBGene00173874.,0,0,0
WBGene00173875.,0,0,0
WBGene00173876.,0,0,0
WBGene00173877.,0,0,0
WBGene00173878.,0,0,0
WBGene00173879.,0,0,0
WBGene00173880.,0,0,0
WBGene00173881.,0,0,0
WBGene00173882.,0,0,0
WBGene00173883.,0,0,0
WBGene00173884.,0,0,0
WBGene00173885.,0,0,0
WBGene00173886.,0,0,0
WBGene00173887.,0,0,0
WBGene00173888.,0,0,0
WBGene00173889.,0,0,0
WBGene00173890.,0,0,0
WBGene00173891.,0,0,0
WBGene00173892.,0,0,0
WBGene00173893.,0,0,0
WBGene00173894.,0,0,0
WBGene00173895.,0,0,0
WBGene00173896.,0,0,0
WBGene00173897.,0,0,0
WBGene00173898.,0,0,0
WBGene00173899.,0,0,0
WBGene00173900.,0,0,0
WBGene00173901.,0,0,0
WBGene00173902.,0,0,0
WBGene00173903.,0,0,0
WBGene00173904.,0,0,0
WBGene00173905.,0,0,0
WBGene00173906.,0,0,0
WBGene00173907.,0,0,0
WBGene00173908.,0,0,0
WBGene00173909.,0,0,0
WBGene00173910.,0,0,0
WBGene00173911.,0,0,0
WBGene00173912.,0,0,0
WBGene00173913.,0,0,0
WBGene00173914.,0,0,0
WBGene00173915.,0,0,0
WBGene00173916.,0,0,0
WBGene00173917.,0,0,0
WBGene00173918.,0,0,0
WBGene00173919.,0,0,0
WBGene00173920.,0,0,0
WBGene00173921.,0,0,0
WBGene00173922.,0,0,0
WBGene00173923.,0,0,0
WBGene00173924.,0,0,0
WBGene00173925.,0,0,0
WBGene00173926.,0,0,0
WBGene00173927.,0,0,0
WBGene00173928.,0,0,0
WBGene00173929.,0,0,0
WBGene00173930.,0,0,0
WBGene00173931.,0,0,0
WBGene00173932.,0,0,0
WBGene00173933.,0,0,0
WBGene00173934.,0,0,0
WBGene00173935.,0,0,0
WBGene00173936.,0,0,0
WBGene00173937.,0,0,0
WBGene00173938.,0,0,0
WBGene00173939.,0,0,0
WBGene00173940.,0,0,0
WBGene00173941.,0,0,0
WBGene00173942.,0,0,0
WBGene00173943.,0,0,0
WBGene00173944.,0,0,0
WBGene00173945.,0,0,0
WBGene00173946.,0,0,0
WBGene00173947.,0,0,0
WBGene00173948.,0,0,0
WBGene00173949.,0,0,0
WBGene00173950.,0,0,0
WBGene00173951.,0,0,0
WBGene00173952.,0,0,0
WBGene00173953.,0,0,0
WBGene00173954.,0,0,0
WBGene00173955.,0,0,0
WBGene00173956.,0,0,0
WBGene00173957.,0,0,0
WBGene00173958.,0,0,0
WBGene00173959.,0,0,0
WBGene00173960.,0,0,0
WBGene00173961.,0,0,0
WBGene00173962.,0,0,0
WBGene00173963.,0,0,0
WBGene00173964.,0,0,0
WBGene00173965.,0,0,0
WBGene00173966.,0,0,0
WBGene00173967.,0,0,0
WBGene00173968.,0,0,0
WBGene00173969.,0,0,0
WBGene00173970.,0,0,0
WBGene00173971.,0,0,0
WBGene00173972.,0,0,0
WBGene00173973.,0,0,0
WBGene00173974.,0,0,0
WBGene00173975.,0,0,0
WBGene00173976.,0,0,0
WBGene00173977.,0,0,0
WBGene00173978.,0,0,0
WBGene00173979.,0,0,0
WBGene00173980.,0,0,0
WBGene00173981.,0,0,0
WBGene00173982.,0,0,0
WBGene00173983.,0,0,0
WBGene00173984.,0,0,0
WBGene00173985.,0,0,0
WBGene00173986.,0,0,0
WBGene00173987.,0,0,0
WBGene00173988.,0,0,0
WBGene00173989.,0,0,0
WBGene00173990.,0,0,0
WBGene00173991.,0,0,0
WBGene00173992.,0,0,0
WBGene00173993.,0,0,0
WBGene00173994.,0,0,0
WBGene00173995.,0,0,0
WBGene00173996.,0,0,0
WBGene00173997.,0,0,0
WBGene00173998.,0,0,0
WBGene00173999.,0,0,0
WBGene00174000.,0,0,0
WBGene00174001.,0,0,0
WBGene00174002.,0,0,0
WBGene00174003.,0,0,0
WBGene00174004.,0,0,0
WBGene00174005.,0,0,0
WBGene00174006.,0,0,0
WBGene00174007.,0,0,0
WBGene00174008.,0,0,0
WBGene00174009.,0,0,0
WBGene00174010.,0,0,0
WBGene00174011.,0,0,0
WBGene00174012.,0,0,0
WBGene00174013.,0,0,0
WBGene00174014.,0,0,0
WBGene00174015.,0,0,0
WBGene00174016.,0,0,0
WBGene00174017.,0,0,0
WBGene00174018.,0,0,0
WBGene00174019.,0,0,0
WBGene00174020.,0,0,0
WBGene00174021.,0,0,0
WBGene00174022.,0,0,0
WBGene00174023.,0,0,0
WBGene00174024.,0,0,0
WBGene00174025.,0,0,0
WBGene00174026.,0,0,0
WBGene00174027.,0,0,0
WBGene00174028.,0,0,0
WBGene00174029.,0,0,0
WBGene00174030.,0,0,0
WBGene00174031.,0,0,0
WBGene00174032.,0,0,0
WBGene00174033.,0,0,0
WBGene00174034.,0,0,0
WBGene00174035.,0,0,0
WBGene00174036.,0,0,0
WBGene00174037.,0,0,0
WBGene00174038.,0,0,0
WBGene00174039.,0,0,0
WBGene00174040.,0,0,0
WBGene00174041.,0,0,0
WBGene00174042.,0,0,0
WBGene00174043.,0,0,0
WBGene00174044.,0,0,0
WBGene00174045.,0,0,0
WBGene00174046.,0,0,0
WBGene00174047.,0,0,0
WBGene00174048.,0,0,0
WBGene00174049.,0,0,0
WBGene00174050.,0,0,0
WBGene00174051.,0,0,0
WBGene00174052.,0,0,0
WBGene00174053.,0,0,0
WBGene00174054.,0,0,0
WBGene00174055.,0,0,0
WBGene00174056.,0,0,0
WBGene00174057.,0,0,0
WBGene00174058.,0,0,0
WBGene00174059.,0,0,0
WBGene00174060.,0,0,0
WBGene00174061.,0,0,0
WBGene00174062.,0,0,0
WBGene00174063.,0,0,0
WBGene00174064.,0,0,0
WBGene00174065.,0,0,0
WBGene00174066.,0,0,0
WBGene00174067.,0,0,0
WBGene00174068.,0,0,0
WBGene00174069.,0,0,0
WBGene00174070.,0,0,0
WBGene00174071.,0,0,0
WBGene00174072.,0,0,0
WBGene00174073.,0,0,0
WBGene00174074.,0,0,0
WBGene00174075.,0,0,0
WBGene00174076.,0,0,0
WBGene00174077.,0,0,0
WBGene00174078.,0,0,0
WBGene00174079.,0,0,0
WBGene00174080.,0,0,0
WBGene00174081.,0,0,0
WBGene00174082.,0,0,0
WBGene00174083.,0,0,0
WBGene00174084.,0,0,0
WBGene00174085.,0,0,0
WBGene00174086.,0,0,0
WBGene00174087.,0,0,0
WBGene00174088.,0,0,0
WBGene00174089.,0,0,0
WBGene00174090.,0,0,0
WBGene00174091.,0,0,0
WBGene00174092.,0,0,0
WBGene00174093.,0,0,0
WBGene00174094.,0,0,0
WBGene00174095.,0,0,0
WBGene00174096.,0,0,0
WBGene00174097.,0,0,0
WBGene00174098.,0,0,0
WBGene00174099.,0,0,0
WBGene00174100.,0,0,0
WBGene00174101.,0,0,0
WBGene00174102.,0,0,0
WBGene00174103.,0,0,0
WBGene00174104.,0,0,0
WBGene00174105.,0,0,0
WBGene00174106.,0,0,0
WBGene00174107.,0,0,0
WBGene00174108.,0,0,0
WBGene00174109.,0,0,0
WBGene00174110.,0,0,0
WBGene00174111.,0,0,0
WBGene00174112.,0,0,0
WBGene00174113.,0,0,0
WBGene00174114.,0,0,0
WBGene00174115.,0,0,0
WBGene00174116.,0,0,0
WBGene00174117.,0,0,0
WBGene00174118.,0,0,0
WBGene00174119.,0,0,0
WBGene00174120.,0,0,0
WBGene00174121.,0,0,0
WBGene00174122.,0,0,0
WBGene00174123.,0,0,0
WBGene00174124.,0,0,0
WBGene00174125.,0,0,0
WBGene00174126.,0,0,0
WBGene00174127.,0,0,0
WBGene00174128.,0,0,0
WBGene00174129.,0,0,0
WBGene00174130.,0,0,0
WBGene00174131.,0,0,0
WBGene00174132.,0,0,0
WBGene00174133.,0,0,0
WBGene00174134.,0,0,0
WBGene00174135.,0,0,0
WBGene00174136.,0,0,0
WBGene00174137.,0,0,0
WBGene00174138.,0,0,0
WBGene00174139.,0,0,0
WBGene00174140.,0,0,0
WBGene00174141.,0,0,0
WBGene00174142.,0,0,0
WBGene00174143.,0,0,0
WBGene00174144.,0,0,0
WBGene00174145.,0,0,0
WBGene00174146.,0,0,0
WBGene00174147.,0,0,0
WBGene00174148.,0,0,0
WBGene00174149.,0,0,0
WBGene00174150.,0,0,0
WBGene00174151.,0,0,0
WBGene00174152.,0,0,0
WBGene00174153.,0,0,0
WBGene00174154.,0,0,0
WBGene00174155.,0,0,0
WBGene00174156.,0,0,0
WBGene00174157.,0,0,0
WBGene00174158.,0,0,0
WBGene00174159.,0,0,0
WBGene00174160.,0,0,0
WBGene00174161.,0,0,0
WBGene00174162.,0,0,0
WBGene00174163.,0,0,0
WBGene00174164.,0,0,0
WBGene00174165.,0,0,0
WBGene00174166.,0,0,0
WBGene00174167.,0,0,0
WBGene00174168.,0,0,0
WBGene00174169.,0,0,0
WBGene00174170.,0,0,0
WBGene00174171.,0,0,0
WBGene00174172.,0,0,0
WBGene00174173.,0,0,0
WBGene00174174.,0,0,0
WBGene00174175.,0,0,0
WBGene00174176.,0,0,0
WBGene00174177.,0,0,0
WBGene00174178.,0,0,0
WBGene00174179.,0,0,0
WBGene00174180.,0,0,0
WBGene00174181.,0,0,0
WBGene00174182.,0,0,0
WBGene00174183.,0,0,0
WBGene00174184.,0,0,0
WBGene00174185.,0,0,0
WBGene00174186.,0,0,0
WBGene00174187.,0,0,0
WBGene00174188.,0,0,0
WBGene00174189.,0,0,0
WBGene00174190.,0,0,0
WBGene00174191.,0,0,0
WBGene00174192.,0,0,0
WBGene00174193.,0,0,0
WBGene00174194.,0,0,0
WBGene00174195.,0,0,0
WBGene00174196.,0,0,0
WBGene00174197.,0,0,0
WBGene00174198.,0,0,0
WBGene00174199.,0,0,0
WBGene00174200.,0,0,0
WBGene00174201.,0,0,0
WBGene00174202.,0,0,0
WBGene00174203.,0,0,0
WBGene00174204.,0,0,0
WBGene00174205.,0,0,0
WBGene00174206.,0,0,0
WBGene00174207.,0,0,0
WBGene00174208.,0,0,0
WBGene00174209.,0,0,0
WBGene00174210.,0,0,0
WBGene00174211.,0,0,0
WBGene00174212.,0,0,0
WBGene00174213.,0,0,0
WBGene00174214.,0,0,0
WBGene00174215.,0,0,0
WBGene00174216.,0,0,0
WBGene00174217.,0,0,0
WBGene00174218.,0,0,0
WBGene00174219.,0,0,0
WBGene00174220.,0,0,0
WBGene00174221.,0,0,0
WBGene00174222.,0,0,0
WBGene00174223.,0,0,0
WBGene00174224.,0,0,0
WBGene00174225.,0,0,0
WBGene00174226.,0,0,0
WBGene00174227.,0,0,0
WBGene00174228.,0,0,0
WBGene00174229.,0,0,0
WBGene00174230.,0,0,0
WBGene00174231.,0,0,0
WBGene00174232.,0,0,0
WBGene00174233.,0,0,0
WBGene00174234.,0,0,0
WBGene00174235.,0,0,0
WBGene00174236.,0,0,0
WBGene00174237.,0,0,0
WBGene00174238.,0,0,0
WBGene00174239.,0,0,0
WBGene00174240.,0,0,0
WBGene00174241.,0,0,0
WBGene00174242.,0,0,0
WBGene00174243.,0,0,0
WBGene00174244.,0,0,0
WBGene00174245.,0,0,0
WBGene00174246.,0,0,0
WBGene00174247.,0,0,0
WBGene00174248.,0,0,0
WBGene00174249.,0,0,0
WBGene00174250.,0,0,0
WBGene00174251.,0,0,0
WBGene00174252.,0,0,0
WBGene00174253.,0,0,0
WBGene00174254.,0,0,0
WBGene00174255.,0,0,0
WBGene00174256.,0,0,0
WBGene00174257.,0,0,0
WBGene00174258.,0,0,0
WBGene00174259.,0,0,0
WBGene00174260.,0,0,0
WBGene00174261.,0,0,0
WBGene00174262.,0,0,0
WBGene00174263.,0,0,0
WBGene00174264.,0,0,0
WBGene00174265.,0,0,0
WBGene00174266.,0,0,0
WBGene00174267.,0,0,0
WBGene00174268.,0,0,0
WBGene00174269.,0,0,0
WBGene00174270.,0,0,0
WBGene00174271.,0,0,0
WBGene00174272.,0,0,0
WBGene00174273.,0,0,0
WBGene00174274.,0,0,0
WBGene00174275.,0,0,0
WBGene00174276.,0,0,0
WBGene00174277.,0,0,0
WBGene00174278.,0,0,0
WBGene00174279.,0,0,0
WBGene00174280.,0,0,0
WBGene00174281.,0,0,0
WBGene00174282.,0,0,0
WBGene00174283.,0,0,0
WBGene00174284.,0,0,0
WBGene00174285.,0,0,0
WBGene00174286.,0,0,0
WBGene00174287.,0,0,0
WBGene00174288.,0,0,0
WBGene00174289.,0,0,0
WBGene00174290.,0,0,0
WBGene00174291.,0,0,0
WBGene00174292.,0,0,0
WBGene00174293.,0,0,0
WBGene00174294.,0,0,0
WBGene00174295.,0,0,0
WBGene00174296.,0,0,0
WBGene00174297.,0,0,0
WBGene00174298.,0,0,0
WBGene00174299.,0,0,0
WBGene00174300.,0,0,0
WBGene00174301.,0,0,0
WBGene00174302.,0,0,0
WBGene00174303.,0,0,0
WBGene00174304.,0,0,0
WBGene00174305.,0,0,0
WBGene00174306.,0,0,0
WBGene00174307.,0,0,0
WBGene00174308.,0,0,0
WBGene00174309.,0,0,0
WBGene00174310.,0,0,0
WBGene00174311.,0,0,0
WBGene00174312.,0,0,0
WBGene00174313.,0,0,0
WBGene00174314.,0,0,0
WBGene00174315.,0,0,0
WBGene00174316.,0,0,0
WBGene00174317.,0,0,0
WBGene00174318.,0,0,0
WBGene00174319.,0,0,0
WBGene00174320.,0,0,0
WBGene00174321.,0,0,0
WBGene00174322.,0,0,0
WBGene00174323.,0,0,0
WBGene00174324.,0,0,0
WBGene00174325.,0,0,0
WBGene00174326.,0,0,0
WBGene00174327.,0,0,0
WBGene00174328.,0,0,0
WBGene00174329.,0,0,0
WBGene00174330.,0,0,0
WBGene00174331.,0,0,0
WBGene00174332.,0,0,0
WBGene00174333.,0,0,0
WBGene00174334.,0,0,0
WBGene00174335.,0,0,0
WBGene00174336.,0,0,0
WBGene00174337.,0,0,0
WBGene00174338.,0,0,0
WBGene00174339.,0,0,0
WBGene00174340.,0,0,0
WBGene00174341.,0,0,0
WBGene00174342.,0,0,0
WBGene00174343.,0,0,0
WBGene00174344.,0,0,0
WBGene00174345.,0,0,0
WBGene00174346.,0,0,0
WBGene00174347.,0,0,0
WBGene00174348.,0,0,0
WBGene00174349.,0,0,0
WBGene00174350.,0,0,0
WBGene00174351.,0,0,0
WBGene00174352.,0,0,0
WBGene00174353.,0,0,0
WBGene00174354.,0,0,0
WBGene00174355.,0,0,0
WBGene00174356.,0,0,0
WBGene00174357.,0,0,0
WBGene00174358.,0,0,0
WBGene00174359.,0,0,0
WBGene00174360.,0,0,0
WBGene00174361.,0,0,0
WBGene00174362.,0,0,0
WBGene00174363.,0,0,0
WBGene00174364.,0,0,0
WBGene00174365.,0,0,0
WBGene00174366.,0,0,0
WBGene00174367.,0,0,0
WBGene00174368.,0,0,0
WBGene00174369.,0,0,0
WBGene00174370.,0,0,0
WBGene00174371.,0,0,0
WBGene00174372.,0,0,0
WBGene00174373.,0,0,0
WBGene00174374.,0,0,0
WBGene00174375.,0,0,0
WBGene00174376.,0,0,0
WBGene00174377.,0,0,0
WBGene00174378.,0,0,0
WBGene00174379.,0,0,0
WBGene00174380.,0,0,0
WBGene00174381.,0,0,0
WBGene00174382.,0,0,0
WBGene00174383.,0,0,0
WBGene00174384.,0,0,0
WBGene00174385.,0,0,0
WBGene00174386.,0,0,0
WBGene00174387.,0,0,0
WBGene00174388.,0,0,0
WBGene00174389.,0,0,0
WBGene00174390.,0,0,0
WBGene00174391.,0,0,0
WBGene00174392.,0,0,0
WBGene00174393.,0,0,0
WBGene00174394.,0,0,0
WBGene00174395.,0,0,0
WBGene00174396.,0,0,0
WBGene00174397.,0,0,0
WBGene00174398.,0,0,0
WBGene00174399.,0,0,0
WBGene00174400.,0,0,0
WBGene00174401.,0,0,0
WBGene00174402.,0,0,0
WBGene00174403.,0,0,0
WBGene00174404.,0,0,0
WBGene00174405.,0,0,0
WBGene00174406.,0,0,0
WBGene00174407.,0,0,0
WBGene00174408.,0,0,0
WBGene00174409.,0,0,0
WBGene00174410.,0,0,0
WBGene00174411.,0,0,0
WBGene00174412.,0,0,0
WBGene00174413.,0,0,0
WBGene00174414.,0,0,0
WBGene00174415.,0,0,0
WBGene00174416.,0,0,0
WBGene00174417.,0,0,0
WBGene00174418.,0,0,0
WBGene00174419.,0,0,0
WBGene00174420.,0,0,0
WBGene00174421.,0,0,0
WBGene00174422.,0,0,0
WBGene00174423.,0,0,0
WBGene00174424.,0,0,0
WBGene00174425.,0,0,0
WBGene00174426.,0,0,0
WBGene00174427.,0,0,0
WBGene00174428.,0,0,0
WBGene00174429.,0,0,0
WBGene00174430.,0,0,0
WBGene00174431.,0,0,0
WBGene00174432.,0,0,0
WBGene00174433.,0,0,0
WBGene00174434.,0,0,0
WBGene00174435.,0,0,0
WBGene00174436.,0,0,0
WBGene00174437.,0,0,0
WBGene00174438.,0,0,0
WBGene00174439.,0,0,0
WBGene00174440.,0,0,0
WBGene00174441.,0,0,0
WBGene00174442.,0,0,0
WBGene00174443.,0,0,0
WBGene00174444.,0,0,0
WBGene00174445.,0,0,0
WBGene00174446.,0,0,0
WBGene00174447.,0,0,0
WBGene00174448.,0,0,0
WBGene00174449.,0,0,0
WBGene00174450.,0,0,0
WBGene00174451.,0,0,0
WBGene00174452.,0,0,0
WBGene00174453.,0,0,0
WBGene00174454.,0,0,0
WBGene00174455.,0,0,0
WBGene00174456.,0,0,0
WBGene00174457.,0,0,0
WBGene00174458.,0,0,0
WBGene00174459.,0,0,0
WBGene00174460.,0,0,0
WBGene00174461.,0,0,0
WBGene00174462.,0,0,0
WBGene00174463.,0,0,0
WBGene00174464.,0,0,0
WBGene00174465.,0,0,0
WBGene00174466.,0,0,0
WBGene00174467.,0,0,0
WBGene00174468.,0,0,0
WBGene00174469.,0,0,0
WBGene00174470.,0,0,0
WBGene00174471.,0,0,0
WBGene00174472.,0,0,0
WBGene00174473.,0,0,0
WBGene00174474.,0,0,0
WBGene00174475.,0,0,0
WBGene00174476.,0,0,0
WBGene00174477.,0,0,0
WBGene00174478.,0,0,0
WBGene00174479.,0,0,0
WBGene00174480.,0,0,0
WBGene00174481.,0,0,0
WBGene00174482.,0,0,0
WBGene00174483.,0,0,0
WBGene00174484.,0,0,0
WBGene00174485.,0,0,0
WBGene00174486.,0,0,0
WBGene00174487.,0,0,0
WBGene00174488.,0,0,0
WBGene00174489.,0,0,0
WBGene00174490.,0,0,0
WBGene00174491.,0,0,0
WBGene00174492.,0,0,0
WBGene00174493.,0,0,0
WBGene00174494.,0,0,0
WBGene00174495.,0,0,0
WBGene00174496.,0,0,0
WBGene00174497.,0,0,0
WBGene00174498.,0,0,0
WBGene00174499.,0,0,0
WBGene00174500.,0,0,0
WBGene00174501.,0,0,0
WBGene00174502.,0,0,0
WBGene00174503.,0,0,0
WBGene00174504.,0,0,0
WBGene00174505.,0,0,0
WBGene00174506.,0,0,0
WBGene00174507.,0,0,0
WBGene00174508.,0,0,0
WBGene00174509.,0,0,0
WBGene00174510.,0,0,0
WBGene00174511.,0,0,0
WBGene00174512.,0,0,0
WBGene00174513.,0,0,0
WBGene00174514.,0,0,0
WBGene00174515.,0,0,0
WBGene00174516.,0,0,0
WBGene00174517.,0,0,0
WBGene00174518.,0,0,0
WBGene00174519.,0,0,0
WBGene00174520.,0,0,0
WBGene00174521.,0,0,0
WBGene00174522.,0,0,0
WBGene00174523.,0,0,0
WBGene00174524.,0,0,0
WBGene00174525.,0,0,0
WBGene00174526.,0,0,0
WBGene00174527.,0,0,0
WBGene00174528.,0,0,0
WBGene00174529.,0,0,0
WBGene00174530.,0,0,0
WBGene00174531.,0,0,0
WBGene00174532.,0,0,0
WBGene00174533.,0,0,0
WBGene00174534.,0,0,0
WBGene00174535.,0,0,0
WBGene00174536.,0,0,0
WBGene00174537.,0,0,0
WBGene00174538.,0,0,0
WBGene00174539.,0,0,0
WBGene00174540.,0,0,0
WBGene00174541.,0,0,0
WBGene00174542.,0,0,0
WBGene00174543.,0,0,0
WBGene00174544.,0,0,0
WBGene00174545.,0,0,0
WBGene00174546.,0,0,0
WBGene00174547.,0,0,0
WBGene00174548.,0,0,0
WBGene00174549.,0,0,0
WBGene00174550.,0,0,0
WBGene00174551.,0,0,0
WBGene00174552.,0,0,0
WBGene00174553.,0,0,0
WBGene00174554.,0,0,0
WBGene00174555.,0,0,0
WBGene00174556.,0,0,0
WBGene00174557.,0,0,0
WBGene00174558.,0,0,0
WBGene00174559.,0,0,0
WBGene00174560.,0,0,0
WBGene00174561.,0,0,0
WBGene00174562.,0,0,0
WBGene00174563.,0,0,0
WBGene00174564.,0,0,0
WBGene00174565.,0,0,0
WBGene00174566.,0,0,0
WBGene00174567.,0,0,0
WBGene00174568.,0,0,0
WBGene00174569.,0,0,0
WBGene00174570.,0,0,0
WBGene00174571.,0,0,0
WBGene00174572.,0,0,0
WBGene00174573.,0,0,0
WBGene00174574.,0,0,0
WBGene00174575.,0,0,0
WBGene00174576.,0,0,0
WBGene00174577.,0,0,0
WBGene00174578.,0,0,0
WBGene00174579.,0,0,0
WBGene00174580.,0,0,0
WBGene00174581.,0,0,0
WBGene00174582.,0,0,0
WBGene00174583.,0,0,0
WBGene00174584.,0,0,0
WBGene00174585.,0,0,0
WBGene00174586.,0,0,0
WBGene00174587.,0,0,0
WBGene00174588.,0,0,0
WBGene00174589.,0,0,0
WBGene00174590.,0,0,0
WBGene00174591.,0,0,0
WBGene00174592.,0,0,0
WBGene00174593.,0,0,0
WBGene00174594.,0,0,0
WBGene00174595.,0,0,0
WBGene00174596.,0,0,0
WBGene00174597.,0,0,0
WBGene00174598.,0,0,0
WBGene00174599.,0,0,0
WBGene00174600.,0,0,0
WBGene00174601.,0,0,0
WBGene00174602.,0,0,0
WBGene00174603.,0,0,0
WBGene00174604.,0,0,0
WBGene00174605.,0,0,0
WBGene00174606.,0,0,0
WBGene00174607.,0,0,0
WBGene00174608.,0,0,0
WBGene00174609.,0,0,0
WBGene00174610.,0,0,0
WBGene00174611.,0,0,0
WBGene00174612.,0,0,0
WBGene00174613.,0,0,0
WBGene00174614.,0,0,0
WBGene00174615.,0,0,0
WBGene00174616.,0,0,0
WBGene00174617.,0,0,0
WBGene00174618.,0,0,0
WBGene00174619.,0,0,0
WBGene00174620.,0,0,0
WBGene00174621.,0,0,0
WBGene00174622.,0,0,0
WBGene00174623.,0,0,0
WBGene00174624.,0,0,0
WBGene00174625.,0,0,0
WBGene00174626.,0,0,0
WBGene00174627.,0,0,0
WBGene00174628.,0,0,0
WBGene00174629.,0,0,0
WBGene00174630.,0,0,0
WBGene00174631.,0,0,0
WBGene00174632.,0,0,0
WBGene00174633.,0,0,0
WBGene00174634.,0,0,0
WBGene00174635.,0,0,0
WBGene00174636.,0,0,0
WBGene00174637.,0,0,0
WBGene00174638.,0,0,0
WBGene00174639.,0,0,0
WBGene00174640.,0,0,0
WBGene00174641.,0,0,0
WBGene00174642.,0,0,0
WBGene00174643.,0,0,0
WBGene00174644.,0,0,0
WBGene00174645.,0,0,0
WBGene00174646.,0,0,0
WBGene00174647.,0,0,0
WBGene00174648.,0,0,0
WBGene00174649.,0,0,0
WBGene00174650.,0,0,0
WBGene00174651.,0,0,0
WBGene00174652.,0,0,0
WBGene00174653.,0,0,0
WBGene00174654.,0,0,0
WBGene00174655.,0,0,0
WBGene00174656.,0,0,0
WBGene00174657.,0,0,0
WBGene00174658.,0,0,0
WBGene00174659.,0,0,0
WBGene00174660.,0,0,0
WBGene00174661.,0,0,0
WBGene00174662.,0,0,0
WBGene00174663.,0,0,0
WBGene00174664.,0,0,0
WBGene00174665.,0,0,0
WBGene00174666.,0,0,0
WBGene00174667.,0,0,0
WBGene00174668.,0,0,0
WBGene00174669.,0,0,0
WBGene00174670.,0,0,0
WBGene00174671.,0,0,0
WBGene00174672.,0,0,0
WBGene00174673.,0,0,0
WBGene00174674.,0,0,0
WBGene00174675.,0,0,0
WBGene00174676.,0,0,0
WBGene00174677.,0,0,0
WBGene00174678.,0,0,0
WBGene00174679.,0,0,0
WBGene00174680.,0,0,0
WBGene00174681.,0,0,0
WBGene00174682.,0,0,0
WBGene00174683.,0,0,0
WBGene00174684.,0,0,0
WBGene00174685.,0,0,0
WBGene00174686.,0,0,0
WBGene00174687.,0,0,0
WBGene00174688.,0,0,0
WBGene00174689.,0,0,0
WBGene00174690.,0,0,0
WBGene00174691.,0,0,0
WBGene00174692.,0,0,0
WBGene00174693.,0,0,0
WBGene00174694.,0,0,0
WBGene00174695.,0,0,0
WBGene00174696.,0,0,0
WBGene00174697.,0,0,0
WBGene00174698.,0,0,0
WBGene00174699.,0,0,0
WBGene00174700.,0,0,0
WBGene00174701.,0,0,0
WBGene00174702.,0,0,0
WBGene00174703.,0,0,0
WBGene00174704.,0,0,0
WBGene00174705.,0,0,0
WBGene00174706.,0,0,0
WBGene00174707.,0,0,0
WBGene00174708.,0,0,0
WBGene00174709.,0,0,0
WBGene00174710.,0,0,0
WBGene00174711.,0,0,0
WBGene00174712.,0,0,0
WBGene00174713.,0,0,0
WBGene00174714.,0,0,0
WBGene00174715.,0,0,0
WBGene00174716.,0,0,0
WBGene00174717.,0,0,0
WBGene00174718.,0,0,0
WBGene00174719.,0,0,0
WBGene00174720.,0,0,0
WBGene00174721.,0,0,0
WBGene00174722.,0,0,0
WBGene00174723.,0,0,0
WBGene00174724.,0,0,0
WBGene00174725.,0,0,0
WBGene00174726.,0,0,0
WBGene00174727.,0,0,0
WBGene00174728.,0,0,0
WBGene00174729.,0,0,0
WBGene00174730.,0,0,0
WBGene00174731.,0,0,0
WBGene00174732.,0,0,0
WBGene00174733.,0,0,0
WBGene00174734.,0,0,0
WBGene00174735.,0,0,0
WBGene00174736.,0,0,0
WBGene00174737.,0,0,0
WBGene00174738.,0,0,0
WBGene00174739.,0,0,0
WBGene00174740.,0,0,0
WBGene00174741.,0,0,0
WBGene00174742.,0,0,0
WBGene00174743.,0,0,0
WBGene00174744.,0,0,0
WBGene00174745.,0,0,0
WBGene00174746.,0,0,0
WBGene00174747.,0,0,0
WBGene00174748.,0,0,0
WBGene00174749.,0,0,0
WBGene00174750.,0,0,0
WBGene00174751.,0,0,0
WBGene00174752.,0,0,0
WBGene00174753.,0,0,0
WBGene00174754.,0,0,0
WBGene00174755.,0,0,0
WBGene00174756.,0,0,0
WBGene00174757.,0,0,0
WBGene00174758.,0,0,0
WBGene00174759.,0,0,0
WBGene00174760.,0,0,0
WBGene00174761.,0,0,0
WBGene00174762.,0,0,0
WBGene00174763.,0,0,0
WBGene00174764.,0,0,0
WBGene00174765.,0,0,0
WBGene00174766.,0,0,0
WBGene00174767.,0,0,0
WBGene00174768.,0,0,0
WBGene00174769.,0,0,0
WBGene00174770.,0,0,0
WBGene00174771.,0,0,0
WBGene00174772.,0,0,0
WBGene00174773.,0,0,0
WBGene00174774.,0,0,0
WBGene00174775.,0,0,0
WBGene00174776.,0,0,0
WBGene00174777.,0,0,0
WBGene00174778.,0,0,0
WBGene00174779.,0,0,0
WBGene00174780.,0,0,0
WBGene00174781.,0,0,0
WBGene00174782.,0,0,0
WBGene00174783.,0,0,0
WBGene00174784.,0,0,0
WBGene00174785.,0,0,0
WBGene00174786.,0,0,0
WBGene00174787.,0,0,0
WBGene00174788.,0,0,0
WBGene00174789.,0,0,0
WBGene00174790.,0,0,0
WBGene00174791.,0,0,0
WBGene00174792.,0,0,0
WBGene00174793.,0,0,0
WBGene00174794.,0,0,0
WBGene00174795.,0,0,0
WBGene00174796.,0,0,0
WBGene00174797.,0,0,0
WBGene00174798.,0,0,0
WBGene00174799.,0,0,0
WBGene00174800.,0,0,0
WBGene00174801.,0,0,0
WBGene00174802.,0,0,0
WBGene00174803.,0,0,0
WBGene00174804.,0,0,0
WBGene00174805.,0,0,0
WBGene00174806.,0,0,0
WBGene00174807.,0,0,0
WBGene00174808.,0,0,0
WBGene00174809.,0,0,0
WBGene00174810.,0,0,0
WBGene00174811.,0,0,0
WBGene00174812.,0,0,0
WBGene00174813.,0,0,0
WBGene00174814.,0,0,0
WBGene00174815.,0,0,0
WBGene00174816.,0,0,0
WBGene00174817.,0,0,0
WBGene00174818.,0,0,0
WBGene00174819.,0,0,0
WBGene00174820.,0,0,0
WBGene00174821.,0,0,0
WBGene00174822.,0,0,0
WBGene00174823.,0,0,0
WBGene00174824.,0,0,0
WBGene00174825.,0,0,0
WBGene00174826.,0,0,0
WBGene00174827.,0,0,0
WBGene00174828.,0,0,0
WBGene00174829.,0,0,0
WBGene00174830.,0,0,0
WBGene00174831.,0,0,0
WBGene00174832.,0,0,0
WBGene00174833.,0,0,0
WBGene00174834.,0,0,0
WBGene00174835.,0,0,0
WBGene00174836.,0,0,0
WBGene00174837.,0,0,0
WBGene00174838.,0,0,0
WBGene00174839.,0,0,0
WBGene00174840.,0,0,0
WBGene00174841.,0,0,0
WBGene00174842.,0,0,0
WBGene00174843.,0,0,0
WBGene00174844.,0,0,0
WBGene00174845.,0,0,0
WBGene00174846.,0,0,0
WBGene00174847.,0,0,0
WBGene00174848.,0,0,0
WBGene00174849.,0,0,0
WBGene00174850.,0,0,0
WBGene00174851.,0,0,0
WBGene00174852.,0,0,0
WBGene00174853.,0,0,0
WBGene00174854.,0,0,0
WBGene00174855.,0,0,0
WBGene00174856.,0,0,0
WBGene00174857.,0,0,0
WBGene00174858.,0,0,0
WBGene00174859.,0,0,0
WBGene00174860.,0,0,0
WBGene00174861.,0,0,0
WBGene00174862.,0,0,0
WBGene00174863.,0,0,0
WBGene00174864.,0,0,0
WBGene00174865.,0,0,0
WBGene00174866.,0,0,0
WBGene00174867.,0,0,0
WBGene00174868.,0,0,0
WBGene00174869.,0,0,0
WBGene00174870.,0,0,0
WBGene00174871.,0,0,0
WBGene00174872.,0,0,0
WBGene00174873.,0,0,0
WBGene00174874.,0,0,0
WBGene00174875.,0,0,0
WBGene00174876.,0,0,0
WBGene00174877.,0,0,0
WBGene00174878.,0,0,0
WBGene00174879.,0,0,0
WBGene00174880.,0,0,0
WBGene00174881.,0,0,0
WBGene00174882.,0,0,0
WBGene00174883.,0,0,0
WBGene00174884.,0,0,0
WBGene00174885.,0,0,0
WBGene00174886.,0,0,0
WBGene00174887.,0,0,0
WBGene00174888.,0,0,0
WBGene00174889.,0,0,0
WBGene00174890.,0,0,0
WBGene00174891.,0,0,0
WBGene00174892.,0,0,0
WBGene00174893.,0,0,0
WBGene00174894.,0,0,0
WBGene00174895.,0,0,0
WBGene00174896.,0,0,0
WBGene00174897.,0,0,0
WBGene00174898.,0,0,0
WBGene00174899.,0,0,0
WBGene00174900.,0,0,0
WBGene00174901.,0,0,0
WBGene00174902.,0,0,0
WBGene00174903.,0,0,0
WBGene00174904.,0,0,0
WBGene00174905.,0,0,0
WBGene00174906.,0,0,0
WBGene00174907.,0,0,0
WBGene00174908.,0,0,0
WBGene00174909.,0,0,0
WBGene00174910.,0,0,0
WBGene00174911.,0,0,0
WBGene00174912.,0,0,0
WBGene00174913.,0,0,0
WBGene00174914.,0,0,0
WBGene00174915.,0,0,0
WBGene00174916.,0,0,0
WBGene00174917.,0,0,0
WBGene00174918.,0,0,0
WBGene00174919.,0,0,0
WBGene00174920.,0,0,0
WBGene00174921.,0,0,0
WBGene00174922.,0,0,0
WBGene00174923.,0,0,0
WBGene00174924.,0,0,0
WBGene00174925.,0,0,0
WBGene00174926.,0,0,0
WBGene00174927.,0,0,0
WBGene00174928.,0,0,0
WBGene00174929.,0,0,0
WBGene00174930.,0,0,0
WBGene00174931.,0,0,0
WBGene00174932.,0,0,0
WBGene00174933.,0,0,0
WBGene00174934.,0,0,0
WBGene00174935.,0,0,0
WBGene00174936.,0,0,0
WBGene00174937.,0,0,0
WBGene00174938.,0,0,0
WBGene00174939.,0,0,0
WBGene00174940.,0,0,0
WBGene00174941.,0,0,0
WBGene00174942.,0,0,0
WBGene00174943.,0,0,0
WBGene00174944.,0,0,0
WBGene00174945.,0,0,0
WBGene00174946.,0,0,0
WBGene00174947.,0,0,0
WBGene00174948.,0,0,0
WBGene00174949.,0,0,0
WBGene00174950.,0,0,0
WBGene00174951.,0,0,0
WBGene00174952.,0,0,0
WBGene00174953.,0,0,0
WBGene00174954.,0,0,0
WBGene00174955.,0,0,0
WBGene00174956.,0,0,0
WBGene00174957.,0,0,0
WBGene00174958.,0,0,0
WBGene00174959.,0,0,0
WBGene00174960.,0,0,0
WBGene00174961.,0,0,0
WBGene00174962.,0,0,0
WBGene00174963.,0,0,0
WBGene00174964.,0,0,0
WBGene00174965.,0,0,0
WBGene00174966.,0,0,0
WBGene00174967.,0,0,0
WBGene00174968.,0,0,0
WBGene00174969.,0,0,0
WBGene00174970.,0,0,0
WBGene00174971.,0,0,0
WBGene00174972.,0,0,0
WBGene00174973.,0,0,0
WBGene00174974.,0,0,0
WBGene00174975.,0,0,0
WBGene00174976.,0,0,0
WBGene00174977.,0,0,0
WBGene00174978.,0,0,0
WBGene00174979.,0,0,0
WBGene00174980.,0,0,0
WBGene00174981.,0,0,0
WBGene00174982.,0,0,0
WBGene00174983.,0,0,0
WBGene00174984.,0,0,0
WBGene00174985.,0,0,0
WBGene00174986.,0,0,0
WBGene00174987.,0,0,0
WBGene00174988.,0,0,0
WBGene00174989.,0,0,0
WBGene00174990.,0,0,0
WBGene00174991.,0,0,0
WBGene00174992.,0,0,0
WBGene00174993.,0,0,0
WBGene00174994.,0,0,0
WBGene00174995.,0,0,0
WBGene00174996.,0,0,0
WBGene00174997.,0,0,0
WBGene00174998.,0,0,0
WBGene00174999.,0,0,0
WBGene00175000.,0,0,0
WBGene00175001.,0,0,0
WBGene00175002.,0,0,0
WBGene00175003.,0,0,0
WBGene00175004.,0,0,0
WBGene00175005.,0,0,0
WBGene00175006.,0,0,0
WBGene00175007.,0,0,0
WBGene00175008.,0,0,0
WBGene00175009.,0,0,0
WBGene00175010.,0,0,0
WBGene00175011.,0,0,0
WBGene00175012.,0,0,0
WBGene00175013.,0,0,0
WBGene00175014.,0,0,0
WBGene00175015.,0,0,0
WBGene00175016.,0,0,0
WBGene00175017.,0,0,0
WBGene00175018.,0,0,0
WBGene00175019.,0,0,0
WBGene00175020.,0,0,0
WBGene00175021.,0,0,0
WBGene00175022.,0,0,0
WBGene00175023.,0,0,0
WBGene00175024.,0,0,0
WBGene00175025.,0,0,0
WBGene00175027.,167,114,281
WBGene00175028.,11,2,13
WBGene00175029.,115,418,533
WBGene00175030.,7,485,492
WBGene00175031.,5,4,9
WBGene00175034.,25,159,184
WBGene00175035.,69,351,420
WBGene00175036.,0,28,28
WBGene00184956.,8,2,10
WBGene00184990.,19,214,233
WBGene00185001.,98,551,649
WBGene00185002.,104,351,455
WBGene00185005.,18,616,634
WBGene00185006.,9,5,14
WBGene00185014.,44,240,284
WBGene00185048.,76,846,922
WBGene00185055.,7,4,11
WBGene00185067.,0,2,2
WBGene00185076.,84,267,351
WBGene00185077.,1,26,27
WBGene00185078.,453,149,602
WBGene00185079.,109,682,791
WBGene00185086.,10,163,173
WBGene00185088.,10,273,283
WBGene00185089.,13,50,63
WBGene00185092.,10,37,47
WBGene00185093.,0,0,0
WBGene00185095.,0,3,3
WBGene00185096.,1,1,2
WBGene00185097.,3,2,5
WBGene00185098.,50,241,291
WBGene00185100.,3,1,4
WBGene00185101.,8,0,8
WBGene00185102.,23,327,350
WBGene00185116.,0,1,1
WBGene00185117.,18,60,78
WBGene00185118.,573,1236,1809
WBGene00185119.,5,0,5
WBGene00189930.,1,1,2
WBGene00189931.,0,0,0
WBGene00189932.,1,5,6
WBGene00189933.,17,27,44
WBGene00189937.,4,6,10
WBGene00189943.,4,3,7
WBGene00189944.,25,112,137
WBGene00189946.,0,0,0
WBGene00189947.,2,2,4
WBGene00189948.,4,59,63
WBGene00189949.,5,13,18
WBGene00189950.,18,12,30
WBGene00189951.,53,88,141
WBGene00189952.,13,64,77
WBGene00189953.,0,0,0
WBGene00189954.,4,4,8
WBGene00189955.,0,0,0
WBGene00189956.,12,25,37
WBGene00189957.,9,14,23
WBGene00189958.,16,325,341
WBGene00189961.,4,12,16
WBGene00189964.,0,0,0
WBGene00189966.,0,0,0
WBGene00189967.,0,0,0
WBGene00189968.,0,0,0
WBGene00189969.,0,0,0
WBGene00189970.,0,0,0
WBGene00189971.,0,0,0
WBGene00189972.,0,0,0
WBGene00189973.,0,0,0
WBGene00189974.,0,0,0
WBGene00189975.,0,0,0
WBGene00189976.,0,0,0
WBGene00189977.,0,0,0
WBGene00189978.,0,0,0
WBGene00189979.,0,0,0
WBGene00189980.,0,0,0
WBGene00189981.,0,0,0
WBGene00189982.,0,0,0
WBGene00189983.,0,0,0
WBGene00189984.,0,0,0
WBGene00189985.,0,0,0
WBGene00189986.,0,0,0
WBGene00189987.,19,25,44
WBGene00189993.,0,4,4
WBGene00189995.,0,0,0
WBGene00194641.,878,5416,6294
WBGene00194642.,50,238,288
WBGene00194643.,32,37,69
WBGene00194644.,80,287,367
WBGene00194645.,1,0,1
WBGene00194646.,0,3,3
WBGene00194647.,1,2,3
WBGene00194649.,5,39,44
WBGene00194650.,9,6,15
WBGene00194651.,101,805,906
WBGene00194652.,10,37,47
WBGene00194653.,5,1,6
WBGene00194654.,20,3,23
WBGene00194656.,2,1,3
WBGene00194657.,37,165,202
WBGene00194658.,216,2829,3045
WBGene00194659.,19,122,141
WBGene00194660.,0,47,47
WBGene00194661.,2,5,7
WBGene00194663.,0,15,15
WBGene00194664.,12,480,492
WBGene00194665.,11,6,17
WBGene00194666.,0,0,0
WBGene00194667.,70,12,82
WBGene00194668.,0,8,8
WBGene00194669.,12,11,23
WBGene00194670.,3,4,7
WBGene00194672.,0,2,2
WBGene00194673.,12,4,16
WBGene00194674.,5,65,70
WBGene00194675.,7,4,11
WBGene00194676.,7,1,8
WBGene00194677.,95,215,310
WBGene00194678.,0,3,3
WBGene00194679.,16,399,415
WBGene00194680.,25,119,144
WBGene00194681.,89,830,919
WBGene00194682.,21,67,88
WBGene00194683.,78,564,642
WBGene00194684.,13,16,29
WBGene00194686.,0,0,0
WBGene00194687.,14,31,45
WBGene00194689.,23,153,176
WBGene00194690.,2,4,6
WBGene00194691.,7,21,28
WBGene00194692.,101,1185,1286
WBGene00194695.,4,8,12
WBGene00194696.,3,0,3
WBGene00194697.,13,69,82
WBGene00194698.,0,0,0
WBGene00194699.,0,11,11
WBGene00194700.,14,14,28
WBGene00194701.,5,6,11
WBGene00194702.,29,12,41
WBGene00194703.,0,22,22
WBGene00194704.,4,0,4
WBGene00194706.,23,232,255
WBGene00194707.,35,1249,1284
WBGene00194708.,0,17,17
WBGene00194710.,131,589,720
WBGene00194711.,3,9,12
WBGene00194712.,20,26,46
WBGene00194713.,0,15,15
WBGene00194714.,0,3,3
WBGene00194715.,1,1,2
WBGene00194716.,0,22,22
WBGene00194717.,4,6,10
WBGene00194725.,1,38,39
WBGene00194726.,8,50,58
WBGene00194727.,11,8,19
WBGene00194729.,15,61,76
WBGene00194730.,3,0,3
WBGene00194731.,31,87,118
WBGene00194733.,1,0,1
WBGene00194734.,0,1,1
WBGene00194735.,6,8,14
WBGene00194737.,34,30,64
WBGene00194738.,1,2,3
WBGene00194742.,9,51,60
WBGene00194744.,0,1,1
WBGene00194746.,1,0,1
WBGene00194747.,94,1139,1233
WBGene00194748.,0,156,156
WBGene00194759.,0,0,0
WBGene00194768.,0,41,41
WBGene00194769.,44,49,93
WBGene00194771.,1,2,3
WBGene00194780.,0,3,3
WBGene00194783.,0,0,0
WBGene00194784.,16,33,49
WBGene00194785.,1,0,1
WBGene00194786.,17,1,18
WBGene00194787.,0,0,0
WBGene00194788.,1,3,4
WBGene00194792.,14,10,24
WBGene00194793.,7,22,29
WBGene00194794.,0,43,43
WBGene00194795.,3,21,24
WBGene00194799.,0,0,0
WBGene00194800.,1,12,13
WBGene00194801.,0,2,2
WBGene00194802.,0,0,0
WBGene00194803.,7,52,59
WBGene00194804.,0,0,0
WBGene00194805.,0,0,0
WBGene00194806.,0,1,1
WBGene00194807.,0,4,4
WBGene00194808.,0,0,0
WBGene00194809.,0,0,0
WBGene00194810.,0,3,3
WBGene00194811.,0,3,3
WBGene00194812.,0,110,110
WBGene00194814.,43,460,503
WBGene00194815.,29,51,80
WBGene00194816.,4,9,13
WBGene00194821.,3,6,9
WBGene00194822.,0,0,0
WBGene00194823.,0,0,0
WBGene00194824.,0,0,0
WBGene00194825.,0,0,0
WBGene00194826.,0,1,1
WBGene00194827.,0,1,1
WBGene00194828.,0,0,0
WBGene00194829.,0,0,0
WBGene00194830.,0,0,0
WBGene00194831.,0,0,0
WBGene00194832.,0,19,19
WBGene00194833.,0,0,0
WBGene00194834.,1,0,1
WBGene00194835.,23,1,24
WBGene00194836.,1687,306,1993
WBGene00194839.,0,6,6
WBGene00194840.,0,0,0
WBGene00194841.,1,0,1
WBGene00194842.,30,3,33
WBGene00194843.,6,9,15
WBGene00194844.,4,1,5
WBGene00194847.,16,11,27
WBGene00194848.,52,51,103
WBGene00194849.,56,215,271
WBGene00194850.,2,13,15
WBGene00194851.,0,0,0
WBGene00194852.,13,111,124
WBGene00194853.,6,1,7
WBGene00194854.,2,2,4
WBGene00194855.,21,99,120
WBGene00194856.,330,171,501
WBGene00194861.,8,47,55
WBGene00194864.,2,4,6
WBGene00194865.,2,1,3
WBGene00194866.,40,126,166
WBGene00194867.,3,4,7
WBGene00194868.,42,5,47
WBGene00194869.,0,20,20
WBGene00194870.,15,11,26
WBGene00194871.,10,2,12
WBGene00194883.,40,595,635
WBGene00194884.,18,13,31
WBGene00194885.,0,0,0
WBGene00194886.,5,22,27
WBGene00194888.,2,4,6
WBGene00194890.,152,0,152
WBGene00194891.,0,4,4
WBGene00194892.,57,337,394
WBGene00194894.,1,1,2
WBGene00194895.,3,8,11
WBGene00194896.,44,7,51
WBGene00194898.,0,0,0
WBGene00194902.,3,6,9
WBGene00194905.,68,484,552
WBGene00194906.,6,10,16
WBGene00194907.,0,2,2
WBGene00194908.,99,422,521
WBGene00194909.,59,341,400
WBGene00194910.,59,96,155
WBGene00194912.,0,0,0
WBGene00194913.,204,208,412
WBGene00194914.,0,3,3
WBGene00194915.,15,144,159
WBGene00194916.,2,5,7
WBGene00194917.,11,6,17
WBGene00194918.,1,4,5
WBGene00194919.,5,11,16
WBGene00194920.,2,0,2
WBGene00194921.,113,970,1083
WBGene00194922.,0,2,2
WBGene00194923.,0,6,6
WBGene00194924.,0,0,0
WBGene00194925.,0,0,0
WBGene00194926.,39,208,247
WBGene00194927.,0,0,0
WBGene00194928.,28,74,102
WBGene00194929.,0,9,9
WBGene00194930.,0,1,1
WBGene00194931.,0,0,0
WBGene00194932.,1,0,1
WBGene00194933.,0,10,10
WBGene00194934.,17,201,218
WBGene00194935.,0,0,0
WBGene00194939.,2,4,6
WBGene00194940.,0,5,5
WBGene00194945.,2,0,2
WBGene00194951.,0,0,0
WBGene00194952.,0,2,2
WBGene00194955.,49,24,73
WBGene00194957.,3,17,20
WBGene00194981.,12,0,12
WBGene00194982.,25,282,307
WBGene00194983.,0,0,0
WBGene00194984.,0,0,0
WBGene00194985.,1,2,3
WBGene00194986.,0,0,0
WBGene00194987.,0,1,1
WBGene00194988.,0,0,0
WBGene00194989.,0,0,0
WBGene00194990.,0,0,0
WBGene00194991.,0,2,2
WBGene00194992.,0,17,17
WBGene00194993.,0,1,1
WBGene00194994.,0,1,1
WBGene00194995.,0,2,2
WBGene00194996.,0,0,0
WBGene00194997.,0,0,0
WBGene00194998.,14,200,214
WBGene00194999.,0,0,0
WBGene00195000.,0,0,0
WBGene00195001.,0,0,0
WBGene00195002.,0,0,0
WBGene00195003.,3,6,9
WBGene00195004.,8,5,13
WBGene00195005.,0,64,64
WBGene00195006.,5,4,9
WBGene00195007.,0,0,0
WBGene00195008.,0,0,0
WBGene00195009.,0,0,0
WBGene00195010.,7,10,17
WBGene00195011.,62,259,321
WBGene00195012.,6,0,6
WBGene00195016.,0,29,29
WBGene00195017.,0,34,34
WBGene00195018.,0,0,0
WBGene00195019.,0,0,0
WBGene00195020.,0,0,0
WBGene00195021.,0,0,0
WBGene00195022.,0,0,0
WBGene00195023.,0,0,0
WBGene00195024.,0,0,0
WBGene00195025.,0,0,0
WBGene00195026.,0,0,0
WBGene00195027.,0,0,0
WBGene00195028.,0,0,0
WBGene00195029.,0,0,0
WBGene00195030.,0,0,0
WBGene00195031.,0,0,0
WBGene00195032.,0,0,0
WBGene00195033.,0,0,0
WBGene00195034.,0,0,0
WBGene00195035.,0,0,0
WBGene00195036.,0,0,0
WBGene00195037.,0,0,0
WBGene00195038.,0,0,0
WBGene00195039.,0,0,0
WBGene00195040.,0,0,0
WBGene00195043.,0,2569,2569
WBGene00195045.,6,15,21
WBGene00195046.,15,17,32
WBGene00195048.,3,1,4
WBGene00195049.,16,24,40
WBGene00195050.,64,745,809
WBGene00195051.,0,1,1
WBGene00195056.,11,18,29
WBGene00195057.,2,1,3
WBGene00195058.,24,4,28
WBGene00195060.,102,1436,1538
WBGene00195061.,2,3,5
WBGene00195063.,65,802,867
WBGene00195064.,19,1,20
WBGene00195065.,0,4,4
WBGene00195067.,195,913,1108
WBGene00195068.,14,0,14
WBGene00195069.,1,17,18
WBGene00195070.,0,13,13
WBGene00195071.,0,7,7
WBGene00195072.,1,4,5
WBGene00195073.,688,3295,3983
WBGene00195077.,2,6,8
WBGene00195081.,3,17,20
WBGene00195084.,69,362,431
WBGene00195086.,12,1738,1750
WBGene00195093.,122,2077,2199
WBGene00195117.,6,15,21
WBGene00195142.,0,276,276
WBGene00195143.,155,140,295
WBGene00195144.,3,0,3
WBGene00195145.,7,26,33
WBGene00195146.,0,138,138
WBGene00195147.,15,15,30
WBGene00195148.,16,19,35
WBGene00195149.,2,1,3
WBGene00195150.,5,15,20
WBGene00195151.,0,0,0
WBGene00195154.,7,6,13
WBGene00195155.,1,6,7
WBGene00195157.,17,25,42
WBGene00195158.,0,0,0
WBGene00195159.,0,6,6
WBGene00195160.,0,0,0
WBGene00195164.,1,7,8
WBGene00195165.,1,2,3
WBGene00195166.,41,2670,2711
WBGene00195168.,1,0,1
WBGene00195169.,50,124,174
WBGene00195170.,17,82,99
WBGene00195171.,5,0,5
WBGene00195172.,1,0,1
WBGene00195174.,8,6,14
WBGene00195175.,0,373,373
WBGene00195176.,6,51,57
WBGene00195177.,1,7,8
WBGene00195178.,5,1,6
WBGene00195179.,2,13,15
WBGene00195180.,5,132,137
WBGene00195181.,0,0,0
WBGene00195182.,3,15,18
WBGene00195183.,6,26,32
WBGene00195184.,9,122,131
WBGene00195185.,424,905,1329
WBGene00195186.,60,86,146
WBGene00195188.,1,0,1
WBGene00195189.,4,39,43
WBGene00195192.,22,10,32
WBGene00195208.,4,16,20
WBGene00195209.,0,38,38
WBGene00195210.,2,0,2
WBGene00195211.,4,5,9
WBGene00195212.,23,37,60
WBGene00195213.,0,3,3
WBGene00195214.,0,2,2
WBGene00195215.,0,3,3
WBGene00195226.,7,11,18
WBGene00195227.,1,3,4
WBGene00195228.,3,0,3
WBGene00195229.,0,1,1
WBGene00195230.,0,0,0
WBGene00195231.,0,0,0
WBGene00195232.,73,53,126
WBGene00195233.,127,1515,1642
WBGene00195234.,1,0,1
WBGene00195235.,0,0,0
WBGene00195236.,0,0,0
WBGene00195237.,0,0,0
WBGene00195238.,0,1,1
WBGene00195239.,31,300,331
WBGene00195240.,0,7,7
WBGene00195241.,0,0,0
WBGene00195242.,1,1,2
WBGene00195243.,0,17,17
WBGene00195244.,1,7,8
WBGene00195245.,0,38,38
WBGene00195246.,16,36,52
WBGene00195247.,1,0,1
WBGene00195248.,12,15,27
WBGene00195250.,0,5,5
WBGene00195252.,30,3,33
WBGene00195253.,41,360,401
WBGene00195254.,3,3,6
WBGene00195255.,55,64,119
WBGene00195256.,2,0,2
WBGene00195257.,87,110,197
WBGene00195258.,0,1,1
WBGene00195259.,0,2,2
WBGene00195260.,0,0,0
WBGene00195261.,0,4,4
WBGene00195262.,0,1,1
WBGene00195263.,0,0,0
WBGene00195264.,0,1,1
WBGene00195265.,0,8,8
WBGene00195266.,0,14,14
WBGene00195267.,0,3,3
WBGene00195268.,0,0,0
WBGene00195269.,0,1,1
WBGene00195270.,0,2,2
WBGene00195271.,0,0,0
WBGene00195272.,0,0,0
WBGene00195273.,0,0,0
WBGene00195274.,0,0,0
WBGene00195275.,0,2,2
WBGene00195276.,0,0,0
WBGene00195277.,0,0,0
WBGene00195278.,0,0,0
WBGene00195279.,0,0,0
WBGene00195280.,0,0,0
WBGene00195281.,0,0,0
WBGene00195282.,0,0,0
WBGene00195283.,0,5,5
WBGene00195284.,0,0,0
WBGene00195285.,0,0,0
WBGene00195286.,0,4,4
WBGene00195287.,0,2,2
WBGene00195288.,0,0,0
WBGene00195289.,0,0,0
WBGene00195290.,0,0,0
WBGene00195291.,0,0,0
WBGene00195292.,0,0,0
WBGene00195293.,0,0,0
WBGene00195294.,0,0,0
WBGene00195295.,0,3,3
WBGene00195296.,0,3,3
WBGene00195297.,0,0,0
WBGene00195298.,0,0,0
WBGene00195299.,0,2,2
WBGene00195300.,0,0,0
WBGene00195301.,0,0,0
WBGene00195302.,0,0,0
WBGene00195303.,0,0,0
WBGene00195304.,0,0,0
WBGene00195305.,0,0,0
WBGene00195306.,0,1,1
WBGene00195307.,0,0,0
WBGene00195308.,0,1,1
WBGene00195309.,0,1,1
WBGene00195310.,0,1,1
WBGene00195311.,0,0,0
WBGene00195312.,0,0,0
WBGene00195313.,0,0,0
WBGene00195314.,0,0,0
WBGene00195315.,0,0,0
WBGene00195316.,0,0,0
WBGene00195317.,0,1,1
WBGene00195318.,0,0,0
WBGene00195319.,0,1,1
WBGene00195320.,0,0,0
WBGene00195321.,0,0,0
WBGene00195322.,0,0,0
WBGene00195323.,0,0,0
WBGene00195324.,0,0,0
WBGene00195325.,0,4,4
WBGene00195326.,0,0,0
WBGene00195327.,0,1,1
WBGene00195328.,0,2,2
WBGene00195329.,0,0,0
WBGene00195330.,0,49,49
WBGene00195331.,0,2,2
WBGene00195332.,0,0,0
WBGene00195333.,0,26,26
WBGene00195334.,0,0,0
WBGene00195335.,0,1,1
WBGene00195336.,0,1,1
WBGene00195337.,0,0,0
WBGene00195338.,0,0,0
WBGene00195339.,0,0,0
WBGene00195340.,0,1,1
WBGene00195341.,0,0,0
WBGene00195342.,0,0,0
WBGene00195343.,0,0,0
WBGene00195344.,0,0,0
WBGene00195345.,0,0,0
WBGene00195346.,0,0,0
WBGene00195347.,0,9,9
WBGene00195348.,0,0,0
WBGene00195349.,0,0,0
WBGene00195350.,0,0,0
WBGene00195351.,0,4,4
WBGene00195352.,0,0,0
WBGene00195353.,0,1,1
WBGene00195354.,0,4,4
WBGene00195355.,0,0,0
WBGene00195356.,0,53,53
WBGene00195357.,0,1,1
WBGene00195358.,0,0,0
WBGene00195359.,0,4,4
WBGene00195360.,0,1,1
WBGene00195361.,0,0,0
WBGene00195362.,0,0,0
WBGene00195363.,0,103,103
WBGene00195364.,0,0,0
WBGene00195365.,0,0,0
WBGene00195366.,0,11,11
WBGene00195367.,0,0,0
WBGene00195368.,0,0,0
WBGene00195369.,0,0,0
WBGene00195370.,0,1,1
WBGene00195371.,0,1,1
WBGene00195372.,0,0,0
WBGene00195373.,0,1,1
WBGene00195374.,0,2,2
WBGene00195375.,0,0,0
WBGene00195376.,0,2,2
WBGene00195377.,0,0,0
WBGene00195378.,0,6,6
WBGene00195379.,0,0,0
WBGene00195380.,0,0,0
WBGene00195381.,0,0,0
WBGene00195382.,0,4,4
WBGene00195383.,0,0,0
WBGene00195384.,0,0,0
WBGene00195385.,0,1,1
WBGene00195386.,0,5,5
WBGene00195387.,0,0,0
WBGene00195388.,0,0,0
WBGene00195389.,0,1,1
WBGene00195390.,0,4,4
WBGene00195391.,0,4,4
WBGene00195392.,0,0,0
WBGene00195393.,0,0,0
WBGene00195394.,0,1,1
WBGene00195395.,0,0,0
WBGene00195396.,0,0,0
WBGene00195397.,0,0,0
WBGene00195398.,0,1,1
WBGene00195399.,0,8,8
WBGene00195400.,0,0,0
WBGene00195401.,0,1,1
WBGene00195402.,0,5,5
WBGene00195403.,0,3,3
WBGene00195404.,0,0,0
WBGene00195405.,0,12,12
WBGene00195406.,0,5,5
WBGene00195407.,0,0,0
WBGene00195408.,0,0,0
WBGene00195409.,0,0,0
WBGene00195410.,0,0,0
WBGene00195411.,0,0,0
WBGene00195412.,0,0,0
WBGene00195413.,0,2,2
WBGene00195414.,0,2,2
WBGene00195415.,0,0,0
WBGene00195416.,0,6,6
WBGene00195417.,0,2,2
WBGene00195418.,0,1,1
WBGene00195419.,0,0,0
WBGene00195420.,0,0,0
WBGene00195421.,0,10,10
WBGene00195422.,0,0,0
WBGene00195423.,0,2,2
WBGene00195424.,0,4,4
WBGene00195425.,0,0,0
WBGene00195426.,0,14,14
WBGene00195427.,0,1,1
WBGene00195428.,0,6,6
WBGene00195429.,0,2,2
WBGene00195430.,0,1,1
WBGene00195431.,0,0,0
WBGene00195432.,0,0,0
WBGene00195433.,0,0,0
WBGene00195434.,0,0,0
WBGene00195435.,0,0,0
WBGene00195436.,0,23,23
WBGene00195437.,0,0,0
WBGene00195438.,0,2,2
WBGene00195439.,0,0,0
WBGene00195440.,0,4,4
WBGene00195441.,0,4,4
WBGene00195442.,0,7,7
WBGene00195443.,0,0,0
WBGene00195444.,0,0,0
WBGene00195445.,0,0,0
WBGene00195446.,0,0,0
WBGene00195447.,0,2,2
WBGene00195448.,0,0,0
WBGene00195449.,0,1,1
WBGene00195450.,0,0,0
WBGene00195451.,0,0,0
WBGene00195452.,0,1,1
WBGene00195453.,0,7,7
WBGene00195454.,0,10,10
WBGene00195455.,0,0,0
WBGene00195456.,0,5,5
WBGene00195457.,0,0,0
WBGene00195458.,0,2,2
WBGene00195459.,0,0,0
WBGene00195460.,0,0,0
WBGene00195461.,0,0,0
WBGene00195462.,0,1,1
WBGene00195463.,0,0,0
WBGene00195464.,0,0,0
WBGene00195465.,0,0,0
WBGene00195466.,0,0,0
WBGene00195467.,0,2,2
WBGene00195468.,0,2,2
WBGene00195469.,0,0,0
WBGene00195470.,0,4,4
WBGene00195471.,0,5,5
WBGene00195472.,0,0,0
WBGene00195473.,0,1,1
WBGene00195474.,0,6,6
WBGene00195475.,0,0,0
WBGene00195476.,0,0,0
WBGene00195477.,0,0,0
WBGene00195478.,0,0,0
WBGene00195479.,0,2,2
WBGene00195480.,0,8,8
WBGene00195481.,0,0,0
WBGene00195482.,0,0,0
WBGene00195483.,0,0,0
WBGene00195484.,0,9,9
WBGene00195485.,0,7,7
WBGene00195486.,0,13,13
WBGene00195487.,0,2,2
WBGene00195488.,0,0,0
WBGene00195489.,0,0,0
WBGene00195490.,0,1,1
WBGene00195491.,0,0,0
WBGene00195492.,0,0,0
WBGene00195493.,0,8,8
WBGene00195494.,0,3,3
WBGene00195495.,0,1,1
WBGene00195496.,0,0,0
WBGene00195497.,0,1,1
WBGene00195498.,0,0,0
WBGene00195499.,0,1,1
WBGene00195500.,0,0,0
WBGene00195501.,0,4,4
WBGene00195502.,0,0,0
WBGene00195503.,0,0,0
WBGene00195504.,0,1,1
WBGene00195505.,0,2,2
WBGene00195506.,0,0,0
WBGene00195507.,0,1,1
WBGene00195508.,0,0,0
WBGene00195509.,0,0,0
WBGene00195510.,0,1,1
WBGene00195511.,0,5,5
WBGene00195512.,0,1,1
WBGene00195513.,0,0,0
WBGene00195514.,0,0,0
WBGene00195515.,0,2,2
WBGene00195516.,0,0,0
WBGene00195517.,0,0,0
WBGene00195518.,0,0,0
WBGene00195519.,0,0,0
WBGene00195520.,0,0,0
WBGene00195521.,0,0,0
WBGene00195522.,0,0,0
WBGene00195523.,0,0,0
WBGene00195524.,0,3,3
WBGene00195525.,0,0,0
WBGene00195526.,0,0,0
WBGene00195527.,0,0,0
WBGene00195528.,0,0,0
WBGene00195529.,0,0,0
WBGene00195530.,0,0,0
WBGene00195531.,0,0,0
WBGene00195532.,0,0,0
WBGene00195533.,0,0,0
WBGene00195534.,0,0,0
WBGene00195535.,0,1,1
WBGene00195536.,0,1,1
WBGene00195537.,0,0,0
WBGene00195538.,0,0,0
WBGene00195539.,0,0,0
WBGene00195540.,0,1,1
WBGene00195541.,0,0,0
WBGene00195542.,0,55,55
WBGene00195543.,0,0,0
WBGene00195544.,0,0,0
WBGene00195545.,0,3,3
WBGene00195546.,0,0,0
WBGene00195547.,0,2,2
WBGene00195548.,0,0,0
WBGene00195549.,0,0,0
WBGene00195550.,0,7,7
WBGene00195551.,0,0,0
WBGene00195552.,0,4,4
WBGene00195553.,0,0,0
WBGene00195554.,0,0,0
WBGene00195555.,0,0,0
WBGene00195556.,0,2,2
WBGene00195557.,0,0,0
WBGene00195558.,0,0,0
WBGene00195559.,0,1,1
WBGene00195560.,0,1,1
WBGene00195561.,0,0,0
WBGene00195562.,0,5,5
WBGene00195563.,0,0,0
WBGene00195564.,0,3,3
WBGene00195565.,0,0,0
WBGene00195566.,0,1,1
WBGene00195567.,0,0,0
WBGene00195568.,0,2,2
WBGene00195569.,0,0,0
WBGene00195570.,0,0,0
WBGene00195571.,0,0,0
WBGene00195572.,0,4,4
WBGene00195573.,0,0,0
WBGene00195574.,0,0,0
WBGene00195575.,0,2,2
WBGene00195576.,0,2,2
WBGene00195577.,0,1,1
WBGene00195578.,0,1,1
WBGene00195579.,0,0,0
WBGene00195580.,0,0,0
WBGene00195581.,0,0,0
WBGene00195582.,0,0,0
WBGene00195583.,0,0,0
WBGene00195584.,0,1,1
WBGene00195585.,0,1,1
WBGene00195586.,0,3,3
WBGene00195587.,0,0,0
WBGene00195588.,0,7,7
WBGene00195589.,0,1,1
WBGene00195590.,0,2,2
WBGene00195591.,0,5,5
WBGene00195592.,0,0,0
WBGene00195593.,0,0,0
WBGene00195594.,0,2,2
WBGene00195595.,0,1,1
WBGene00195596.,0,0,0
WBGene00195597.,0,0,0
WBGene00195598.,0,0,0
WBGene00195599.,0,0,0
WBGene00195600.,0,0,0
WBGene00195601.,0,2,2
WBGene00195602.,0,0,0
WBGene00195603.,0,0,0
WBGene00195604.,0,1,1
WBGene00195605.,0,0,0
WBGene00195606.,0,3,3
WBGene00195607.,0,0,0
WBGene00195608.,0,0,0
WBGene00195609.,0,0,0
WBGene00195610.,0,0,0
WBGene00195611.,0,0,0
WBGene00195612.,0,0,0
WBGene00195613.,0,1,1
WBGene00195614.,0,1,1
WBGene00195615.,0,11,11
WBGene00195616.,0,7,7
WBGene00195617.,0,0,0
WBGene00195618.,0,1,1
WBGene00195619.,0,0,0
WBGene00195620.,0,0,0
WBGene00195621.,0,3,3
WBGene00195622.,0,0,0
WBGene00195623.,0,18,18
WBGene00195624.,0,0,0
WBGene00195625.,0,0,0
WBGene00195626.,0,0,0
WBGene00195627.,0,0,0
WBGene00195628.,0,0,0
WBGene00195629.,0,1,1
WBGene00195630.,0,0,0
WBGene00195631.,0,0,0
WBGene00195632.,0,0,0
WBGene00195633.,0,1,1
WBGene00195634.,0,0,0
WBGene00195635.,0,0,0
WBGene00195636.,0,9,9
WBGene00195637.,0,1,1
WBGene00195638.,0,0,0
WBGene00195639.,0,9,9
WBGene00195640.,0,0,0
WBGene00195641.,0,0,0
WBGene00195642.,0,4,4
WBGene00195643.,0,0,0
WBGene00195644.,0,0,0
WBGene00195645.,0,0,0
WBGene00195646.,0,1,1
WBGene00195647.,0,2,2
WBGene00195648.,0,0,0
WBGene00195649.,0,0,0
WBGene00195650.,0,3,3
WBGene00195651.,0,2,2
WBGene00195652.,0,0,0
WBGene00195653.,0,0,0
WBGene00195654.,0,0,0
WBGene00195655.,0,0,0
WBGene00195656.,0,18,18
WBGene00195657.,0,0,0
WBGene00195658.,0,0,0
WBGene00195659.,0,0,0
WBGene00195660.,0,0,0
WBGene00195661.,0,3,3
WBGene00195662.,0,3,3
WBGene00195663.,0,1,1
WBGene00195664.,0,0,0
WBGene00195665.,0,0,0
WBGene00195666.,0,8,8
WBGene00195667.,0,1,1
WBGene00195668.,0,0,0
WBGene00195669.,0,0,0
WBGene00195670.,0,0,0
WBGene00195671.,0,0,0
WBGene00195672.,0,0,0
WBGene00195673.,0,0,0
WBGene00195674.,0,1,1
WBGene00195675.,0,0,0
WBGene00195676.,0,0,0
WBGene00195677.,0,1,1
WBGene00195678.,0,0,0
WBGene00195679.,0,0,0
WBGene00195680.,0,0,0
WBGene00195681.,0,0,0
WBGene00195682.,0,0,0
WBGene00195683.,0,0,0
WBGene00195684.,0,0,0
WBGene00195685.,0,33,33
WBGene00195686.,0,0,0
WBGene00195687.,0,1,1
WBGene00195688.,0,0,0
WBGene00195689.,0,1,1
WBGene00195690.,0,0,0
WBGene00195691.,0,5,5
WBGene00195692.,0,0,0
WBGene00195693.,0,12,12
WBGene00195694.,0,1,1
WBGene00195695.,0,0,0
WBGene00195696.,0,0,0
WBGene00195697.,0,1,1
WBGene00195698.,0,0,0
WBGene00195699.,0,0,0
WBGene00195700.,0,0,0
WBGene00195701.,0,1,1
WBGene00195702.,0,0,0
WBGene00195703.,0,0,0
WBGene00195704.,0,0,0
WBGene00195705.,0,25,25
WBGene00195706.,0,0,0
WBGene00195707.,0,0,0
WBGene00195708.,0,2,2
WBGene00195709.,0,0,0
WBGene00195710.,0,0,0
WBGene00195711.,0,0,0
WBGene00195712.,0,0,0
WBGene00195713.,0,5,5
WBGene00195714.,0,3,3
WBGene00195715.,0,1,1
WBGene00195716.,0,5,5
WBGene00195717.,0,0,0
WBGene00195718.,0,0,0
WBGene00195719.,0,1,1
WBGene00195720.,0,11,11
WBGene00195721.,0,0,0
WBGene00195722.,0,7,7
WBGene00195723.,0,19,19
WBGene00195724.,0,1,1
WBGene00195725.,0,2,2
WBGene00195726.,0,1,1
WBGene00195727.,0,0,0
WBGene00195728.,0,147,147
WBGene00195729.,0,0,0
WBGene00195730.,0,0,0
WBGene00195731.,0,8,8
WBGene00195732.,0,4,4
WBGene00195733.,0,0,0
WBGene00195734.,0,0,0
WBGene00195735.,0,5,5
WBGene00195736.,0,0,0
WBGene00195737.,0,0,0
WBGene00195738.,0,0,0
WBGene00195739.,0,1,1
WBGene00195740.,0,1,1
WBGene00195741.,0,0,0
WBGene00195742.,0,0,0
WBGene00195743.,0,0,0
WBGene00195744.,0,2,2
WBGene00195745.,0,1,1
WBGene00195746.,0,2,2
WBGene00195747.,0,0,0
WBGene00195748.,0,0,0
WBGene00195749.,0,0,0
WBGene00195750.,0,0,0
WBGene00195751.,0,0,0
WBGene00195752.,0,7,7
WBGene00195753.,0,0,0
WBGene00195754.,0,1,1
WBGene00195755.,0,0,0
WBGene00195756.,0,0,0
WBGene00195757.,0,0,0
WBGene00195758.,0,0,0
WBGene00195759.,0,2,2
WBGene00195760.,0,0,0
WBGene00195761.,0,10,10
WBGene00195762.,0,4,4
WBGene00195763.,0,0,0
WBGene00195764.,0,1,1
WBGene00195765.,0,4,4
WBGene00195766.,0,1,1
WBGene00195767.,0,1,1
WBGene00195768.,0,0,0
WBGene00195769.,0,0,0
WBGene00195770.,0,0,0
WBGene00195771.,0,1,1
WBGene00195772.,0,0,0
WBGene00195773.,0,1,1
WBGene00195774.,0,0,0
WBGene00195775.,0,5,5
WBGene00195776.,0,2,2
WBGene00195777.,0,3,3
WBGene00195778.,0,0,0
WBGene00195779.,0,0,0
WBGene00195780.,0,8,8
WBGene00195781.,0,2,2
WBGene00195782.,0,4,4
WBGene00195783.,0,0,0
WBGene00195784.,0,29,29
WBGene00195785.,0,28,28
WBGene00195786.,0,3,3
WBGene00195787.,0,8,8
WBGene00195788.,0,0,0
WBGene00195789.,0,3,3
WBGene00195790.,0,1,1
WBGene00195791.,0,17,17
WBGene00195792.,0,3,3
WBGene00195793.,0,6,6
WBGene00195794.,0,1,1
WBGene00195795.,0,6,6
WBGene00195796.,0,0,0
WBGene00195797.,0,0,0
WBGene00195798.,0,0,0
WBGene00195799.,0,1,1
WBGene00195800.,0,0,0
WBGene00195801.,0,1,1
WBGene00195802.,0,0,0
WBGene00195803.,0,2,2
WBGene00195804.,0,0,0
WBGene00195805.,0,3,3
WBGene00195806.,0,0,0
WBGene00195807.,0,3,3
WBGene00195808.,0,5,5
WBGene00195809.,0,0,0
WBGene00195810.,0,0,0
WBGene00195811.,0,1,1
WBGene00195812.,0,0,0
WBGene00195813.,0,0,0
WBGene00195814.,0,4,4
WBGene00195815.,0,0,0
WBGene00195816.,0,0,0
WBGene00195817.,0,0,0
WBGene00195818.,0,2,2
WBGene00195819.,0,1,1
WBGene00195820.,0,0,0
WBGene00195821.,0,0,0
WBGene00195822.,0,0,0
WBGene00195823.,0,1,1
WBGene00195824.,0,0,0
WBGene00195825.,0,1,1
WBGene00195826.,0,19,19
WBGene00195827.,0,0,0
WBGene00195828.,0,0,0
WBGene00195829.,0,0,0
WBGene00195830.,0,0,0
WBGene00195831.,0,0,0
WBGene00195832.,0,0,0
WBGene00195833.,0,6,6
WBGene00195834.,0,0,0
WBGene00195835.,0,0,0
WBGene00195836.,0,3,3
WBGene00195837.,0,0,0
WBGene00195838.,0,1,1
WBGene00195839.,0,0,0
WBGene00195840.,0,2,2
WBGene00195841.,0,0,0
WBGene00195842.,0,1,1
WBGene00195843.,0,2,2
WBGene00195844.,0,1,1
WBGene00195845.,0,0,0
WBGene00195846.,0,3,3
WBGene00195847.,0,0,0
WBGene00195848.,0,0,0
WBGene00195849.,0,0,0
WBGene00195850.,0,5,5
WBGene00195851.,0,1,1
WBGene00195852.,0,1,1
WBGene00195853.,0,5,5
WBGene00195854.,0,0,0
WBGene00195855.,0,2,2
WBGene00195856.,0,5,5
WBGene00195857.,0,0,0
WBGene00195858.,0,0,0
WBGene00195859.,0,1,1
WBGene00195860.,0,0,0
WBGene00195861.,0,0,0
WBGene00195862.,0,1,1
WBGene00195863.,0,0,0
WBGene00195864.,0,1,1
WBGene00195865.,0,1,1
WBGene00195866.,0,2,2
WBGene00195867.,0,0,0
WBGene00195868.,0,4,4
WBGene00195869.,0,0,0
WBGene00195870.,0,0,0
WBGene00195871.,0,1,1
WBGene00195872.,0,0,0
WBGene00195873.,0,2,2
WBGene00195874.,0,0,0
WBGene00195875.,0,0,0
WBGene00195876.,0,1,1
WBGene00195877.,0,0,0
WBGene00195878.,0,1,1
WBGene00195879.,0,1,1
WBGene00195880.,0,0,0
WBGene00195881.,0,2,2
WBGene00195882.,0,16,16
WBGene00195883.,0,0,0
WBGene00195884.,0,0,0
WBGene00195885.,0,0,0
WBGene00195886.,0,0,0
WBGene00195887.,0,20,20
WBGene00195888.,0,0,0
WBGene00195889.,0,3,3
WBGene00195890.,0,2,2
WBGene00195891.,0,4,4
WBGene00195892.,0,0,0
WBGene00195893.,0,3,3
WBGene00195894.,0,0,0
WBGene00195895.,0,0,0
WBGene00195896.,0,1,1
WBGene00195897.,0,4,4
WBGene00195898.,0,2,2
WBGene00195899.,0,4,4
WBGene00195900.,0,7,7
WBGene00195901.,0,0,0
WBGene00195902.,0,0,0
WBGene00195903.,0,0,0
WBGene00195904.,0,0,0
WBGene00195905.,0,0,0
WBGene00195906.,0,1,1
WBGene00195907.,0,42,42
WBGene00195908.,0,0,0
WBGene00195909.,0,1,1
WBGene00195910.,0,13,13
WBGene00195911.,0,0,0
WBGene00195912.,0,0,0
WBGene00195913.,0,6,6
WBGene00195914.,0,0,0
WBGene00195915.,0,4,4
WBGene00195916.,0,0,0
WBGene00195917.,0,0,0
WBGene00195918.,0,0,0
WBGene00195919.,0,2,2
WBGene00195920.,0,0,0
WBGene00195921.,0,1,1
WBGene00195922.,0,0,0
WBGene00195923.,0,1,1
WBGene00195924.,0,0,0
WBGene00195925.,0,0,0
WBGene00195926.,0,0,0
WBGene00195927.,0,1,1
WBGene00195928.,0,0,0
WBGene00195929.,0,0,0
WBGene00195930.,0,4,4
WBGene00195931.,0,0,0
WBGene00195932.,0,0,0
WBGene00195933.,0,0,0
WBGene00195934.,0,0,0
WBGene00195935.,0,41,41
WBGene00195936.,0,0,0
WBGene00195937.,0,0,0
WBGene00195938.,0,0,0
WBGene00195939.,0,7,7
WBGene00195940.,0,1,1
WBGene00195941.,0,0,0
WBGene00195942.,0,1,1
WBGene00195943.,0,0,0
WBGene00195944.,0,0,0
WBGene00195945.,0,0,0
WBGene00195946.,0,0,0
WBGene00195947.,0,27,27
WBGene00195948.,0,1,1
WBGene00195949.,0,1,1
WBGene00195950.,0,0,0
WBGene00195951.,0,0,0
WBGene00195952.,0,1,1
WBGene00195953.,0,0,0
WBGene00195954.,0,2,2
WBGene00195955.,0,0,0
WBGene00195956.,0,0,0
WBGene00195957.,0,3,3
WBGene00195958.,0,0,0
WBGene00195959.,0,0,0
WBGene00195960.,0,0,0
WBGene00195961.,0,6,6
WBGene00195962.,0,0,0
WBGene00195963.,0,0,0
WBGene00195964.,0,1,1
WBGene00195965.,0,0,0
WBGene00195966.,0,0,0
WBGene00195967.,0,1,1
WBGene00195968.,0,0,0
WBGene00195969.,0,0,0
WBGene00195970.,0,2,2
WBGene00195971.,0,8,8
WBGene00195972.,0,0,0
WBGene00195973.,0,3,3
WBGene00195974.,0,3,3
WBGene00195975.,0,4,4
WBGene00195976.,0,0,0
WBGene00195977.,0,0,0
WBGene00195978.,0,1,1
WBGene00195979.,0,35,35
WBGene00195980.,0,0,0
WBGene00195981.,0,2,2
WBGene00195982.,0,0,0
WBGene00195983.,0,4,4
WBGene00195984.,0,0,0
WBGene00195985.,0,0,0
WBGene00195986.,0,0,0
WBGene00195987.,0,0,0
WBGene00195988.,0,0,0
WBGene00195989.,0,8,8
WBGene00195990.,0,11,11
WBGene00195991.,0,0,0
WBGene00195992.,0,14,14
WBGene00195993.,0,0,0
WBGene00195994.,0,2,2
WBGene00195995.,0,1,1
WBGene00195996.,0,0,0
WBGene00195997.,0,0,0
WBGene00195998.,0,0,0
WBGene00195999.,0,0,0
WBGene00196000.,0,0,0
WBGene00196001.,0,0,0
WBGene00196002.,0,1,1
WBGene00196003.,0,1,1
WBGene00196004.,0,1,1
WBGene00196005.,0,3,3
WBGene00196006.,0,0,0
WBGene00196007.,0,0,0
WBGene00196008.,0,1,1
WBGene00196009.,0,0,0
WBGene00196010.,0,0,0
WBGene00196011.,0,0,0
WBGene00196012.,0,0,0
WBGene00196013.,0,15,15
WBGene00196014.,0,0,0
WBGene00196015.,0,0,0
WBGene00196016.,0,0,0
WBGene00196017.,0,0,0
WBGene00196018.,0,0,0
WBGene00196019.,0,0,0
WBGene00196020.,0,2,2
WBGene00196021.,0,3,3
WBGene00196022.,0,0,0
WBGene00196023.,0,1,1
WBGene00196024.,0,5,5
WBGene00196025.,0,0,0
WBGene00196026.,0,0,0
WBGene00196027.,0,0,0
WBGene00196028.,0,0,0
WBGene00196029.,0,0,0
WBGene00196030.,0,0,0
WBGene00196031.,0,0,0
WBGene00196032.,0,2,2
WBGene00196033.,0,0,0
WBGene00196034.,0,3,3
WBGene00196035.,0,0,0
WBGene00196036.,0,1,1
WBGene00196037.,0,0,0
WBGene00196038.,0,0,0
WBGene00196039.,0,0,0
WBGene00196040.,0,0,0
WBGene00196041.,0,2,2
WBGene00196042.,0,0,0
WBGene00196043.,0,0,0
WBGene00196044.,0,1,1
WBGene00196045.,0,5,5
WBGene00196046.,0,3,3
WBGene00196047.,0,0,0
WBGene00196048.,0,0,0
WBGene00196049.,0,5,5
WBGene00196050.,0,1,1
WBGene00196051.,0,2,2
WBGene00196052.,0,3,3
WBGene00196053.,0,2,2
WBGene00196054.,0,0,0
WBGene00196055.,0,2,2
WBGene00196056.,0,0,0
WBGene00196057.,0,5,5
WBGene00196058.,0,0,0
WBGene00196059.,0,0,0
WBGene00196060.,0,3,3
WBGene00196061.,0,2,2
WBGene00196062.,0,0,0
WBGene00196063.,0,0,0
WBGene00196064.,0,0,0
WBGene00196065.,0,0,0
WBGene00196066.,0,0,0
WBGene00196067.,0,0,0
WBGene00196068.,0,0,0
WBGene00196069.,0,9,9
WBGene00196070.,0,2,2
WBGene00196071.,0,3,3
WBGene00196072.,0,36,36
WBGene00196073.,0,0,0
WBGene00196074.,0,0,0
WBGene00196075.,0,0,0
WBGene00196076.,0,0,0
WBGene00196077.,0,3,3
WBGene00196078.,0,3,3
WBGene00196079.,0,1,1
WBGene00196080.,0,4,4
WBGene00196081.,0,1,1
WBGene00196082.,0,0,0
WBGene00196083.,0,0,0
WBGene00196084.,0,0,0
WBGene00196085.,0,0,0
WBGene00196086.,0,0,0
WBGene00196087.,0,0,0
WBGene00196088.,0,0,0
WBGene00196089.,0,0,0
WBGene00196090.,0,7,7
WBGene00196091.,0,6,6
WBGene00196092.,0,2,2
WBGene00196093.,0,1,1
WBGene00196094.,0,2,2
WBGene00196095.,0,0,0
WBGene00196096.,0,0,0
WBGene00196097.,0,1,1
WBGene00196098.,0,1,1
WBGene00196099.,0,0,0
WBGene00196100.,0,2,2
WBGene00196101.,0,0,0
WBGene00196102.,0,0,0
WBGene00196103.,0,8,8
WBGene00196104.,0,1,1
WBGene00196105.,0,4,4
WBGene00196106.,0,2,2
WBGene00196107.,0,0,0
WBGene00196108.,0,0,0
WBGene00196109.,0,1,1
WBGene00196110.,0,0,0
WBGene00196111.,0,2,2
WBGene00196112.,0,0,0
WBGene00196113.,0,8,8
WBGene00196114.,0,6,6
WBGene00196115.,0,0,0
WBGene00196116.,0,0,0
WBGene00196117.,0,6,6
WBGene00196118.,0,3,3
WBGene00196119.,0,1,1
WBGene00196120.,0,0,0
WBGene00196121.,0,4,4
WBGene00196122.,0,0,0
WBGene00196123.,0,21,21
WBGene00196124.,0,6,6
WBGene00196125.,0,2,2
WBGene00196126.,0,0,0
WBGene00196127.,0,0,0
WBGene00196128.,0,0,0
WBGene00196129.,0,0,0
WBGene00196130.,0,0,0
WBGene00196131.,0,0,0
WBGene00196132.,0,1,1
WBGene00196133.,0,0,0
WBGene00196134.,0,0,0
WBGene00196135.,0,0,0
WBGene00196136.,0,0,0
WBGene00196137.,0,1,1
WBGene00196138.,0,2,2
WBGene00196139.,0,1,1
WBGene00196140.,0,0,0
WBGene00196141.,0,0,0
WBGene00196142.,0,0,0
WBGene00196143.,0,0,0
WBGene00196144.,0,0,0
WBGene00196145.,0,0,0
WBGene00196146.,0,4,4
WBGene00196147.,0,4,4
WBGene00196148.,0,0,0
WBGene00196149.,0,4,4
WBGene00196150.,0,2,2
WBGene00196151.,0,0,0
WBGene00196152.,0,1,1
WBGene00196153.,0,0,0
WBGene00196154.,0,1,1
WBGene00196155.,0,1,1
WBGene00196156.,0,2,2
WBGene00196157.,0,0,0
WBGene00196158.,0,0,0
WBGene00196159.,0,2,2
WBGene00196160.,0,0,0
WBGene00196161.,0,0,0
WBGene00196162.,0,1,1
WBGene00196163.,0,0,0
WBGene00196164.,0,0,0
WBGene00196165.,0,0,0
WBGene00196166.,0,0,0
WBGene00196167.,0,0,0
WBGene00196168.,0,0,0
WBGene00196169.,0,0,0
WBGene00196170.,0,1,1
WBGene00196171.,0,0,0
WBGene00196172.,0,0,0
WBGene00196173.,0,1,1
WBGene00196174.,0,2,2
WBGene00196175.,0,0,0
WBGene00196176.,0,0,0
WBGene00196177.,0,0,0
WBGene00196178.,0,3,3
WBGene00196179.,0,0,0
WBGene00196180.,0,0,0
WBGene00196181.,0,0,0
WBGene00196182.,0,0,0
WBGene00196183.,0,0,0
WBGene00196184.,0,0,0
WBGene00196185.,0,0,0
WBGene00196186.,0,0,0
WBGene00196187.,0,0,0
WBGene00196188.,0,0,0
WBGene00196189.,0,4,4
WBGene00196190.,0,1,1
WBGene00196191.,0,0,0
WBGene00196192.,0,1,1
WBGene00196193.,0,1,1
WBGene00196194.,0,0,0
WBGene00196195.,0,0,0
WBGene00196196.,0,0,0
WBGene00196197.,0,0,0
WBGene00196198.,0,4,4
WBGene00196199.,0,0,0
WBGene00196200.,0,0,0
WBGene00196201.,0,1,1
WBGene00196202.,0,1,1
WBGene00196203.,0,0,0
WBGene00196204.,0,8,8
WBGene00196205.,0,0,0
WBGene00196206.,0,1,1
WBGene00196207.,0,0,0
WBGene00196208.,0,0,0
WBGene00196209.,0,0,0
WBGene00196210.,0,0,0
WBGene00196211.,0,0,0
WBGene00196212.,0,0,0
WBGene00196213.,0,0,0
WBGene00196214.,0,0,0
WBGene00196215.,0,0,0
WBGene00196216.,0,1,1
WBGene00196217.,0,0,0
WBGene00196218.,0,0,0
WBGene00196219.,0,6,6
WBGene00196220.,0,0,0
WBGene00196221.,0,0,0
WBGene00196222.,0,0,0
WBGene00196223.,0,1,1
WBGene00196224.,0,0,0
WBGene00196225.,0,3,3
WBGene00196226.,0,6,6
WBGene00196227.,0,0,0
WBGene00196228.,0,0,0
WBGene00196229.,0,3,3
WBGene00196230.,0,6,6
WBGene00196231.,0,1,1
WBGene00196232.,0,0,0
WBGene00196233.,0,0,0
WBGene00196234.,0,0,0
WBGene00196235.,0,6,6
WBGene00196236.,0,0,0
WBGene00196237.,0,2,2
WBGene00196238.,0,0,0
WBGene00196239.,0,0,0
WBGene00196240.,0,18,18
WBGene00196241.,0,1,1
WBGene00196242.,0,0,0
WBGene00196243.,0,0,0
WBGene00196244.,0,2,2
WBGene00196245.,0,0,0
WBGene00196246.,0,6,6
WBGene00196247.,0,0,0
WBGene00196248.,0,0,0
WBGene00196249.,0,2,2
WBGene00196250.,0,1,1
WBGene00196251.,0,0,0
WBGene00196252.,0,3,3
WBGene00196253.,0,0,0
WBGene00196254.,0,3,3
WBGene00196255.,0,4,4
WBGene00196256.,0,0,0
WBGene00196257.,0,13,13
WBGene00196258.,0,4,4
WBGene00196259.,0,0,0
WBGene00196260.,0,0,0
WBGene00196261.,0,0,0
WBGene00196262.,0,0,0
WBGene00196263.,0,5,5
WBGene00196264.,0,13,13
WBGene00196265.,0,0,0
WBGene00196266.,0,3,3
WBGene00196267.,0,1,1
WBGene00196268.,0,0,0
WBGene00196269.,0,0,0
WBGene00196270.,0,0,0
WBGene00196271.,0,1,1
WBGene00196272.,0,0,0
WBGene00196273.,0,1,1
WBGene00196274.,0,0,0
WBGene00196275.,0,1,1
WBGene00196276.,0,0,0
WBGene00196277.,0,3,3
WBGene00196278.,0,0,0
WBGene00196279.,0,0,0
WBGene00196280.,0,1,1
WBGene00196281.,0,0,0
WBGene00196282.,0,4,4
WBGene00196283.,0,0,0
WBGene00196284.,0,0,0
WBGene00196285.,0,2,2
WBGene00196286.,0,1,1
WBGene00196287.,0,1,1
WBGene00196288.,0,13,13
WBGene00196289.,0,2,2
WBGene00196290.,0,3,3
WBGene00196291.,0,0,0
WBGene00196292.,0,0,0
WBGene00196293.,0,0,0
WBGene00196294.,0,2,2
WBGene00196295.,0,1,1
WBGene00196296.,0,0,0
WBGene00196297.,0,0,0
WBGene00196298.,0,0,0
WBGene00196299.,0,0,0
WBGene00196300.,0,15,15
WBGene00196301.,0,0,0
WBGene00196302.,0,0,0
WBGene00196303.,0,9,9
WBGene00196304.,0,0,0
WBGene00196305.,0,3,3
WBGene00196306.,0,2,2
WBGene00196307.,0,4,4
WBGene00196308.,0,2,2
WBGene00196309.,0,2,2
WBGene00196310.,0,0,0
WBGene00196311.,0,0,0
WBGene00196312.,0,0,0
WBGene00196313.,0,0,0
WBGene00196314.,0,0,0
WBGene00196315.,0,5,5
WBGene00196316.,0,1,1
WBGene00196317.,0,0,0
WBGene00196318.,0,0,0
WBGene00196319.,0,0,0
WBGene00196320.,0,0,0
WBGene00196321.,0,0,0
WBGene00196322.,0,3,3
WBGene00196323.,0,0,0
WBGene00196324.,0,0,0
WBGene00196325.,0,0,0
WBGene00196326.,0,0,0
WBGene00196327.,0,0,0
WBGene00196328.,0,0,0
WBGene00196329.,0,0,0
WBGene00196330.,0,1,1
WBGene00196331.,0,2,2
WBGene00196332.,0,0,0
WBGene00196333.,0,0,0
WBGene00196334.,0,16,16
WBGene00196335.,0,0,0
WBGene00196336.,0,0,0
WBGene00196337.,0,2,2
WBGene00196338.,0,1,1
WBGene00196339.,0,0,0
WBGene00196340.,0,3,3
WBGene00196341.,0,0,0
WBGene00196342.,0,0,0
WBGene00196343.,0,0,0
WBGene00196344.,0,11,11
WBGene00196345.,0,0,0
WBGene00196346.,0,7,7
WBGene00196347.,0,0,0
WBGene00196348.,0,2,2
WBGene00196349.,0,0,0
WBGene00196350.,0,0,0
WBGene00196351.,0,2,2
WBGene00196352.,0,0,0
WBGene00196353.,0,1,1
WBGene00196354.,0,2,2
WBGene00196355.,0,1,1
WBGene00196356.,0,0,0
WBGene00196357.,0,0,0
WBGene00196358.,0,0,0
WBGene00196359.,0,0,0
WBGene00196360.,0,0,0
WBGene00196361.,0,0,0
WBGene00196362.,0,0,0
WBGene00196363.,0,0,0
WBGene00196364.,0,1,1
WBGene00196365.,0,0,0
WBGene00196366.,0,1,1
WBGene00196367.,0,0,0
WBGene00196368.,0,1,1
WBGene00196369.,0,3,3
WBGene00196370.,0,0,0
WBGene00196371.,0,0,0
WBGene00196372.,0,0,0
WBGene00196373.,0,1,1
WBGene00196374.,0,26,26
WBGene00196375.,0,0,0
WBGene00196376.,0,1,1
WBGene00196377.,0,0,0
WBGene00196378.,0,0,0
WBGene00196379.,0,2,2
WBGene00196380.,0,4,4
WBGene00196381.,0,0,0
WBGene00196382.,0,1,1
WBGene00196383.,0,0,0
WBGene00196384.,0,0,0
WBGene00196385.,0,0,0
WBGene00196386.,0,0,0
WBGene00196387.,0,0,0
WBGene00196388.,0,0,0
WBGene00196389.,0,0,0
WBGene00196390.,0,0,0
WBGene00196391.,0,0,0
WBGene00196392.,0,0,0
WBGene00196393.,0,0,0
WBGene00196394.,0,0,0
WBGene00196395.,0,0,0
WBGene00196396.,0,7734,7734
WBGene00196397.,0,0,0
WBGene00196398.,0,2,2
WBGene00196399.,0,0,0
WBGene00196400.,0,0,0
WBGene00196401.,0,0,0
WBGene00196402.,0,3,3
WBGene00196403.,0,0,0
WBGene00196404.,0,0,0
WBGene00196405.,0,0,0
WBGene00196406.,0,1,1
WBGene00196407.,0,1,1
WBGene00196408.,0,0,0
WBGene00196409.,0,4,4
WBGene00196410.,0,0,0
WBGene00196411.,0,0,0
WBGene00196412.,0,0,0
WBGene00196413.,0,0,0
WBGene00196414.,0,0,0
WBGene00196415.,0,1,1
WBGene00196416.,0,0,0
WBGene00196417.,0,1,1
WBGene00196418.,0,3,3
WBGene00196419.,0,1,1
WBGene00196420.,0,0,0
WBGene00196421.,0,0,0
WBGene00196422.,0,0,0
WBGene00196423.,0,1,1
WBGene00196424.,0,2,2
WBGene00196425.,0,5,5
WBGene00196426.,0,0,0
WBGene00196427.,0,0,0
WBGene00196428.,0,0,0
WBGene00196429.,0,1,1
WBGene00196430.,0,0,0
WBGene00196431.,0,0,0
WBGene00196432.,0,3,3
WBGene00196433.,0,0,0
WBGene00196434.,0,0,0
WBGene00196435.,0,0,0
WBGene00196436.,0,1,1
WBGene00196437.,0,0,0
WBGene00196438.,0,0,0
WBGene00196439.,0,0,0
WBGene00196440.,0,0,0
WBGene00196441.,0,2,2
WBGene00196442.,0,1,1
WBGene00196443.,0,6,6
WBGene00196444.,0,0,0
WBGene00196445.,0,0,0
WBGene00196446.,0,0,0
WBGene00196447.,0,2,2
WBGene00196448.,0,0,0
WBGene00196449.,0,4,4
WBGene00196450.,0,0,0
WBGene00196451.,0,0,0
WBGene00196452.,0,2,2
WBGene00196453.,0,0,0
WBGene00196454.,0,1,1
WBGene00196455.,0,0,0
WBGene00196456.,0,0,0
WBGene00196457.,0,0,0
WBGene00196458.,0,1,1
WBGene00196459.,0,0,0
WBGene00196460.,0,3,3
WBGene00196461.,0,5,5
WBGene00196462.,0,0,0
WBGene00196463.,0,0,0
WBGene00196464.,0,0,0
WBGene00196465.,0,7,7
WBGene00196466.,0,2,2
WBGene00196467.,0,1,1
WBGene00196468.,0,0,0
WBGene00196469.,0,0,0
WBGene00196470.,0,0,0
WBGene00196471.,0,0,0
WBGene00196472.,0,5,5
WBGene00196473.,0,2,2
WBGene00196474.,0,0,0
WBGene00196475.,0,0,0
WBGene00196476.,0,0,0
WBGene00196477.,0,1,1
WBGene00196478.,0,0,0
WBGene00196479.,0,1,1
WBGene00196480.,0,0,0
WBGene00196481.,0,0,0
WBGene00196482.,0,0,0
WBGene00196483.,0,2,2
WBGene00196484.,0,0,0
WBGene00196485.,0,0,0
WBGene00196486.,0,1,1
WBGene00196487.,0,0,0
WBGene00196488.,0,0,0
WBGene00196489.,0,3,3
WBGene00196490.,0,3,3
WBGene00196491.,0,0,0
WBGene00196492.,0,1,1
WBGene00196493.,0,0,0
WBGene00196494.,0,21,21
WBGene00196495.,0,0,0
WBGene00196496.,0,0,0
WBGene00196497.,0,1,1
WBGene00196498.,0,0,0
WBGene00196499.,0,7,7
WBGene00196500.,0,0,0
WBGene00196501.,0,0,0
WBGene00196502.,0,0,0
WBGene00196503.,0,0,0
WBGene00196504.,0,2,2
WBGene00196505.,0,4,4
WBGene00196506.,0,2,2
WBGene00196507.,0,2,2
WBGene00196508.,0,0,0
WBGene00196509.,0,3,3
WBGene00196510.,0,0,0
WBGene00196511.,0,0,0
WBGene00196512.,0,0,0
WBGene00196513.,0,1,1
WBGene00196514.,0,1,1
WBGene00196515.,0,0,0
WBGene00196516.,0,2,2
WBGene00196517.,0,0,0
WBGene00196518.,0,1,1
WBGene00196519.,0,0,0
WBGene00196520.,0,0,0
WBGene00196521.,0,0,0
WBGene00196522.,0,0,0
WBGene00196523.,0,1,1
WBGene00196524.,0,0,0
WBGene00196525.,0,0,0
WBGene00196526.,0,0,0
WBGene00196527.,0,0,0
WBGene00196528.,0,0,0
WBGene00196529.,0,1,1
WBGene00196530.,0,0,0
WBGene00196531.,0,0,0
WBGene00196532.,0,1,1
WBGene00196533.,0,0,0
WBGene00196534.,0,5,5
WBGene00196535.,0,0,0
WBGene00196536.,0,19,19
WBGene00196537.,0,5,5
WBGene00196538.,0,1,1
WBGene00196539.,0,0,0
WBGene00196540.,0,1,1
WBGene00196541.,0,0,0
WBGene00196542.,0,1,1
WBGene00196543.,0,0,0
WBGene00196544.,0,1,1
WBGene00196545.,0,1,1
WBGene00196546.,0,7,7
WBGene00196547.,0,3,3
WBGene00196548.,0,1,1
WBGene00196549.,0,0,0
WBGene00196550.,0,5,5
WBGene00196551.,0,0,0
WBGene00196552.,0,0,0
WBGene00196553.,0,0,0
WBGene00196554.,0,1,1
WBGene00196555.,0,0,0
WBGene00196556.,0,1,1
WBGene00196557.,0,0,0
WBGene00196558.,0,2,2
WBGene00196559.,0,1,1
WBGene00196560.,0,0,0
WBGene00196561.,0,0,0
WBGene00196562.,0,0,0
WBGene00196563.,0,17,17
WBGene00196564.,0,0,0
WBGene00196565.,0,1,1
WBGene00196566.,0,0,0
WBGene00196567.,0,1,1
WBGene00196568.,0,0,0
WBGene00196569.,0,0,0
WBGene00196570.,0,0,0
WBGene00196571.,0,1,1
WBGene00196572.,0,1,1
WBGene00196573.,0,1,1
WBGene00196574.,0,1,1
WBGene00196575.,0,3,3
WBGene00196576.,0,0,0
WBGene00196577.,0,4,4
WBGene00196578.,0,5,5
WBGene00196579.,0,0,0
WBGene00196580.,0,0,0
WBGene00196581.,0,0,0
WBGene00196582.,0,1,1
WBGene00196583.,0,0,0
WBGene00196584.,0,1,1
WBGene00196585.,0,1,1
WBGene00196586.,0,2,2
WBGene00196587.,0,0,0
WBGene00196588.,0,4,4
WBGene00196589.,0,0,0
WBGene00196590.,0,4,4
WBGene00196591.,0,5,5
WBGene00196592.,0,34,34
WBGene00196593.,0,1,1
WBGene00196594.,0,0,0
WBGene00196595.,0,1,1
WBGene00196596.,0,0,0
WBGene00196597.,0,0,0
WBGene00196598.,0,6,6
WBGene00196599.,0,6,6
WBGene00196600.,0,0,0
WBGene00196601.,0,0,0
WBGene00196602.,0,1,1
WBGene00196603.,0,0,0
WBGene00196604.,0,27,27
WBGene00196605.,0,0,0
WBGene00196606.,0,4,4
WBGene00196607.,0,6,6
WBGene00196608.,0,0,0
WBGene00196609.,0,0,0
WBGene00196610.,0,0,0
WBGene00196611.,0,0,0
WBGene00196612.,0,1,1
WBGene00196613.,0,0,0
WBGene00196614.,0,1,1
WBGene00196615.,0,2,2
WBGene00196616.,0,1,1
WBGene00196617.,0,2,2
WBGene00196618.,0,0,0
WBGene00196619.,0,0,0
WBGene00196620.,0,0,0
WBGene00196621.,0,0,0
WBGene00196622.,0,0,0
WBGene00196623.,0,1,1
WBGene00196624.,0,0,0
WBGene00196625.,0,7,7
WBGene00196626.,0,0,0
WBGene00196627.,0,0,0
WBGene00196628.,0,0,0
WBGene00196629.,0,2,2
WBGene00196630.,0,1,1
WBGene00196631.,0,5,5
WBGene00196632.,0,0,0
WBGene00196633.,0,0,0
WBGene00196634.,0,16,16
WBGene00196635.,0,25,25
WBGene00196636.,0,0,0
WBGene00196637.,0,0,0
WBGene00196638.,0,2,2
WBGene00196639.,0,1,1
WBGene00196640.,0,1,1
WBGene00196641.,0,0,0
WBGene00196642.,0,0,0
WBGene00196643.,0,9,9
WBGene00196644.,0,0,0
WBGene00196645.,0,0,0
WBGene00196646.,0,1,1
WBGene00196647.,0,0,0
WBGene00196648.,0,0,0
WBGene00196649.,0,0,0
WBGene00196650.,0,1,1
WBGene00196651.,0,1,1
WBGene00196652.,0,0,0
WBGene00196653.,0,2,2
WBGene00196654.,0,4,4
WBGene00196655.,0,0,0
WBGene00196656.,0,0,0
WBGene00196657.,0,0,0
WBGene00196658.,0,0,0
WBGene00196659.,0,2,2
WBGene00196660.,0,0,0
WBGene00196661.,0,0,0
WBGene00196662.,0,0,0
WBGene00196663.,0,0,0
WBGene00196664.,0,1,1
WBGene00196665.,0,0,0
WBGene00196666.,0,0,0
WBGene00196667.,0,0,0
WBGene00196668.,0,0,0
WBGene00196669.,0,0,0
WBGene00196670.,0,0,0
WBGene00196671.,0,0,0
WBGene00196672.,0,2,2
WBGene00196673.,0,0,0
WBGene00196674.,0,0,0
WBGene00196675.,0,0,0
WBGene00196676.,0,11,11
WBGene00196677.,0,0,0
WBGene00196678.,0,0,0
WBGene00196679.,0,2,2
WBGene00196680.,0,1,1
WBGene00196681.,0,0,0
WBGene00196682.,0,4,4
WBGene00196683.,0,0,0
WBGene00196684.,0,0,0
WBGene00196685.,0,3,3
WBGene00196686.,0,0,0
WBGene00196687.,0,1,1
WBGene00196688.,0,1,1
WBGene00196689.,0,2,2
WBGene00196690.,0,0,0
WBGene00196691.,0,0,0
WBGene00196692.,0,0,0
WBGene00196693.,0,2,2
WBGene00196694.,0,1,1
WBGene00196695.,0,3,3
WBGene00196696.,0,1,1
WBGene00196697.,0,0,0
WBGene00196698.,0,5,5
WBGene00196699.,0,2,2
WBGene00196700.,0,4,4
WBGene00196701.,0,0,0
WBGene00196702.,0,6,6
WBGene00196703.,0,0,0
WBGene00196704.,0,0,0
WBGene00196705.,0,1,1
WBGene00196706.,0,0,0
WBGene00196707.,0,1,1
WBGene00196708.,0,0,0
WBGene00196709.,0,4,4
WBGene00196710.,0,2,2
WBGene00196711.,0,1,1
WBGene00196712.,0,1,1
WBGene00196713.,0,0,0
WBGene00196714.,0,4,4
WBGene00196715.,0,1,1
WBGene00196716.,0,0,0
WBGene00196717.,0,0,0
WBGene00196718.,0,0,0
WBGene00196719.,0,0,0
WBGene00196720.,0,4,4
WBGene00196721.,0,5,5
WBGene00196722.,0,1,1
WBGene00196723.,0,8,8
WBGene00196724.,0,22,22
WBGene00196725.,0,1,1
WBGene00196726.,0,0,0
WBGene00196727.,0,1,1
WBGene00196728.,0,3,3
WBGene00196729.,0,11,11
WBGene00196730.,0,0,0
WBGene00196731.,0,0,0
WBGene00196732.,0,0,0
WBGene00196733.,0,2,2
WBGene00196734.,0,0,0
WBGene00196735.,0,57,57
WBGene00196736.,0,0,0
WBGene00196737.,0,0,0
WBGene00196738.,0,0,0
WBGene00196739.,0,2,2
WBGene00196740.,0,1,1
WBGene00196741.,0,0,0
WBGene00196742.,0,0,0
WBGene00196743.,0,0,0
WBGene00196744.,0,1,1
WBGene00196745.,0,0,0
WBGene00196746.,0,1,1
WBGene00196747.,0,0,0
WBGene00196748.,0,3,3
WBGene00196749.,0,0,0
WBGene00196750.,0,0,0
WBGene00196751.,0,0,0
WBGene00196752.,0,3,3
WBGene00196753.,0,6,6
WBGene00196754.,0,0,0
WBGene00196755.,0,0,0
WBGene00196756.,0,0,0
WBGene00196757.,0,0,0
WBGene00196758.,0,0,0
WBGene00196759.,0,1,1
WBGene00196760.,0,0,0
WBGene00196761.,0,2,2
WBGene00196762.,0,0,0
WBGene00196763.,0,2,2
WBGene00196764.,0,0,0
WBGene00196765.,0,0,0
WBGene00196766.,0,1,1
WBGene00196767.,0,0,0
WBGene00196768.,0,0,0
WBGene00196769.,0,0,0
WBGene00196770.,0,0,0
WBGene00196771.,0,0,0
WBGene00196772.,0,0,0
WBGene00196773.,0,0,0
WBGene00196774.,0,0,0
WBGene00196775.,0,14,14
WBGene00196776.,0,0,0
WBGene00196777.,0,13,13
WBGene00196778.,0,0,0
WBGene00196779.,0,0,0
WBGene00196780.,0,1,1
WBGene00196781.,0,3,3
WBGene00196782.,0,10,10
WBGene00196783.,0,0,0
WBGene00196784.,0,1,1
WBGene00196785.,0,10,10
WBGene00196786.,0,0,0
WBGene00196787.,0,0,0
WBGene00196788.,0,0,0
WBGene00196789.,0,5,5
WBGene00196790.,0,0,0
WBGene00196791.,0,1,1
WBGene00196792.,0,0,0
WBGene00196793.,0,8,8
WBGene00196794.,0,0,0
WBGene00196795.,0,0,0
WBGene00196796.,0,2,2
WBGene00196797.,0,8,8
WBGene00196798.,0,0,0
WBGene00196799.,0,0,0
WBGene00196800.,0,0,0
WBGene00196801.,0,4,4
WBGene00196802.,0,4,4
WBGene00196803.,0,0,0
WBGene00196804.,0,2,2
WBGene00196805.,0,6,6
WBGene00196806.,0,0,0
WBGene00196807.,0,0,0
WBGene00196808.,0,0,0
WBGene00196809.,0,2,2
WBGene00196810.,0,13,13
WBGene00196811.,0,2,2
WBGene00196812.,0,0,0
WBGene00196813.,0,0,0
WBGene00196814.,0,0,0
WBGene00196815.,0,5,5
WBGene00196816.,0,2,2
WBGene00196817.,0,2,2
WBGene00196818.,0,1,1
WBGene00196819.,0,0,0
WBGene00196820.,0,1,1
WBGene00196821.,0,2,2
WBGene00196822.,0,0,0
WBGene00196823.,0,2,2
WBGene00196824.,0,2,2
WBGene00196825.,0,0,0
WBGene00196826.,0,0,0
WBGene00196827.,0,1,1
WBGene00196828.,0,0,0
WBGene00196829.,0,0,0
WBGene00196830.,0,1,1
WBGene00196831.,0,7,7
WBGene00196832.,0,0,0
WBGene00196833.,0,0,0
WBGene00196834.,0,0,0
WBGene00196835.,0,0,0
WBGene00196836.,0,0,0
WBGene00196837.,0,0,0
WBGene00196838.,0,15,15
WBGene00196839.,0,0,0
WBGene00196840.,0,1,1
WBGene00196841.,0,1,1
WBGene00196842.,0,0,0
WBGene00196843.,0,0,0
WBGene00196844.,0,0,0
WBGene00196845.,0,0,0
WBGene00196846.,0,0,0
WBGene00196847.,0,0,0
WBGene00196848.,0,0,0
WBGene00196849.,0,3,3
WBGene00196850.,0,0,0
WBGene00196851.,0,0,0
WBGene00196852.,0,30,30
WBGene00196853.,0,0,0
WBGene00196854.,0,6,6
WBGene00196855.,0,0,0
WBGene00196856.,0,11,11
WBGene00196857.,0,0,0
WBGene00196858.,0,3,3
WBGene00196859.,0,0,0
WBGene00196860.,0,0,0
WBGene00196861.,0,2,2
WBGene00196862.,0,9,9
WBGene00196863.,0,0,0
WBGene00196864.,0,0,0
WBGene00196865.,0,0,0
WBGene00196866.,0,0,0
WBGene00196867.,0,9,9
WBGene00196868.,0,3,3
WBGene00196869.,0,1,1
WBGene00196870.,0,0,0
WBGene00196871.,0,108,108
WBGene00196872.,0,16,16
WBGene00196873.,0,0,0
WBGene00196874.,0,1,1
WBGene00196875.,0,0,0
WBGene00196876.,0,0,0
WBGene00196877.,0,4,4
WBGene00196878.,0,0,0
WBGene00196879.,0,6,6
WBGene00196880.,0,0,0
WBGene00196881.,0,0,0
WBGene00196882.,0,0,0
WBGene00196883.,0,0,0
WBGene00196884.,0,1,1
WBGene00196885.,0,1,1
WBGene00196886.,0,0,0
WBGene00196887.,0,0,0
WBGene00196888.,0,0,0
WBGene00196889.,0,1,1
WBGene00196890.,0,0,0
WBGene00196891.,0,0,0
WBGene00196892.,0,0,0
WBGene00196893.,0,3,3
WBGene00196894.,0,1,1
WBGene00196895.,0,0,0
WBGene00196896.,0,0,0
WBGene00196897.,0,1,1
WBGene00196898.,0,0,0
WBGene00196899.,0,0,0
WBGene00196900.,0,1,1
WBGene00196901.,0,0,0
WBGene00196902.,0,0,0
WBGene00196903.,0,0,0
WBGene00196904.,0,5,5
WBGene00196905.,0,0,0
WBGene00196906.,0,2,2
WBGene00196907.,0,0,0
WBGene00196908.,0,3,3
WBGene00196909.,0,3,3
WBGene00196910.,0,0,0
WBGene00196911.,0,2,2
WBGene00196912.,0,0,0
WBGene00196913.,0,7,7
WBGene00196914.,0,2,2
WBGene00196915.,0,3,3
WBGene00196916.,0,0,0
WBGene00196917.,0,5,5
WBGene00196918.,0,1,1
WBGene00196919.,0,2,2
WBGene00196920.,0,0,0
WBGene00196921.,0,3,3
WBGene00196922.,0,16,16
WBGene00196923.,0,1,1
WBGene00196924.,0,2,2
WBGene00196925.,0,6,6
WBGene00196926.,0,0,0
WBGene00196927.,0,0,0
WBGene00196928.,0,2,2
WBGene00196929.,0,1,1
WBGene00196930.,0,1,1
WBGene00196931.,0,4,4
WBGene00196932.,0,0,0
WBGene00196933.,0,9,9
WBGene00196934.,0,0,0
WBGene00196935.,0,5,5
WBGene00196936.,0,1,1
WBGene00196937.,0,0,0
WBGene00196938.,0,0,0
WBGene00196939.,0,0,0
WBGene00196940.,0,0,0
WBGene00196941.,0,3,3
WBGene00196942.,0,2,2
WBGene00196943.,0,1,1
WBGene00196944.,0,0,0
WBGene00196945.,0,1,1
WBGene00196946.,0,2,2
WBGene00196947.,0,4,4
WBGene00196948.,0,0,0
WBGene00196949.,0,2,2
WBGene00196950.,0,3,3
WBGene00196951.,0,1,1
WBGene00196952.,0,0,0
WBGene00196953.,0,0,0
WBGene00196954.,0,0,0
WBGene00196955.,0,0,0
WBGene00196956.,0,0,0
WBGene00196957.,0,0,0
WBGene00196958.,0,0,0
WBGene00196959.,0,0,0
WBGene00196960.,0,0,0
WBGene00196961.,0,6,6
WBGene00196962.,0,1,1
WBGene00196963.,0,0,0
WBGene00196964.,0,3,3
WBGene00196965.,0,0,0
WBGene00196966.,0,0,0
WBGene00196967.,0,0,0
WBGene00196968.,0,1,1
WBGene00196969.,0,33,33
WBGene00196970.,0,0,0
WBGene00196971.,0,3,3
WBGene00196972.,0,0,0
WBGene00196973.,0,0,0
WBGene00196974.,0,0,0
WBGene00196975.,0,0,0
WBGene00196976.,0,0,0
WBGene00196977.,0,0,0
WBGene00196978.,0,0,0
WBGene00196979.,0,1,1
WBGene00196980.,0,1,1
WBGene00196981.,0,4,4
WBGene00196982.,0,1,1
WBGene00196983.,0,0,0
WBGene00196984.,0,0,0
WBGene00196985.,0,1,1
WBGene00196986.,0,10,10
WBGene00196987.,0,4,4
WBGene00196988.,0,0,0
WBGene00196989.,0,4,4
WBGene00196990.,0,0,0
WBGene00196991.,0,0,0
WBGene00196992.,0,2,2
WBGene00196993.,0,3,3
WBGene00196994.,0,6,6
WBGene00196995.,0,0,0
WBGene00196996.,0,4,4
WBGene00196997.,0,0,0
WBGene00196998.,0,0,0
WBGene00196999.,0,0,0
WBGene00197000.,0,0,0
WBGene00197001.,0,4,4
WBGene00197002.,0,3,3
WBGene00197003.,0,1,1
WBGene00197004.,0,0,0
WBGene00197005.,0,1,1
WBGene00197006.,0,0,0
WBGene00197007.,0,0,0
WBGene00197008.,0,0,0
WBGene00197009.,0,0,0
WBGene00197010.,0,0,0
WBGene00197011.,0,2,2
WBGene00197012.,0,0,0
WBGene00197013.,0,0,0
WBGene00197014.,0,0,0
WBGene00197015.,0,5,5
WBGene00197016.,0,0,0
WBGene00197017.,0,0,0
WBGene00197018.,0,2,2
WBGene00197019.,0,0,0
WBGene00197020.,0,0,0
WBGene00197021.,0,0,0
WBGene00197022.,0,1,1
WBGene00197023.,0,0,0
WBGene00197024.,0,1,1
WBGene00197025.,0,0,0
WBGene00197026.,0,1,1
WBGene00197027.,0,3,3
WBGene00197028.,0,6,6
WBGene00197029.,0,0,0
WBGene00197030.,0,1,1
WBGene00197031.,0,1,1
WBGene00197032.,0,0,0
WBGene00197033.,0,47,47
WBGene00197034.,0,0,0
WBGene00197035.,0,1,1
WBGene00197036.,0,0,0
WBGene00197037.,0,0,0
WBGene00197038.,0,1,1
WBGene00197039.,0,2,2
WBGene00197040.,0,1,1
WBGene00197041.,0,0,0
WBGene00197042.,0,0,0
WBGene00197043.,0,2,2
WBGene00197044.,0,0,0
WBGene00197045.,0,1,1
WBGene00197046.,0,0,0
WBGene00197047.,0,9,9
WBGene00197048.,0,9,9
WBGene00197049.,0,0,0
WBGene00197050.,0,0,0
WBGene00197051.,0,1,1
WBGene00197052.,0,3,3
WBGene00197053.,0,2,2
WBGene00197054.,0,0,0
WBGene00197055.,0,6,6
WBGene00197056.,0,0,0
WBGene00197057.,0,0,0
WBGene00197058.,0,0,0
WBGene00197059.,0,0,0
WBGene00197060.,0,6,6
WBGene00197061.,0,0,0
WBGene00197062.,0,0,0
WBGene00197063.,0,2,2
WBGene00197064.,0,0,0
WBGene00197065.,0,5,5
WBGene00197066.,0,29,29
WBGene00197067.,0,0,0
WBGene00197068.,0,1,1
WBGene00197069.,0,6,6
WBGene00197070.,0,0,0
WBGene00197071.,0,0,0
WBGene00197072.,0,1,1
WBGene00197073.,0,1,1
WBGene00197074.,0,2,2
WBGene00197075.,0,0,0
WBGene00197076.,0,2,2
WBGene00197077.,0,0,0
WBGene00197078.,0,1,1
WBGene00197079.,0,1,1
WBGene00197080.,0,11,11
WBGene00197081.,0,9,9
WBGene00197082.,0,1,1
WBGene00197083.,0,2,2
WBGene00197084.,0,0,0
WBGene00197085.,0,1,1
WBGene00197086.,0,3,3
WBGene00197087.,0,0,0
WBGene00197088.,0,0,0
WBGene00197089.,0,0,0
WBGene00197090.,0,16,16
WBGene00197091.,0,0,0
WBGene00197092.,0,0,0
WBGene00197093.,0,0,0
WBGene00197094.,0,3,3
WBGene00197095.,0,4,4
WBGene00197096.,0,0,0
WBGene00197097.,0,11,11
WBGene00197098.,0,0,0
WBGene00197099.,0,1,1
WBGene00197100.,0,2,2
WBGene00197101.,0,0,0
WBGene00197102.,0,1,1
WBGene00197103.,0,0,0
WBGene00197104.,0,5,5
WBGene00197105.,0,0,0
WBGene00197106.,0,1,1
WBGene00197107.,0,0,0
WBGene00197108.,0,0,0
WBGene00197109.,0,0,0
WBGene00197110.,0,2,2
WBGene00197111.,0,2,2
WBGene00197112.,0,0,0
WBGene00197113.,0,0,0
WBGene00197114.,0,5,5
WBGene00197115.,0,1,1
WBGene00197116.,0,0,0
WBGene00197117.,0,7,7
WBGene00197118.,0,0,0
WBGene00197119.,0,0,0
WBGene00197120.,0,0,0
WBGene00197121.,0,3,3
WBGene00197122.,0,0,0
WBGene00197123.,0,0,0
WBGene00197124.,0,0,0
WBGene00197125.,0,0,0
WBGene00197126.,0,3,3
WBGene00197127.,0,20,20
WBGene00197128.,0,0,0
WBGene00197129.,0,1,1
WBGene00197130.,0,2,2
WBGene00197131.,0,0,0
WBGene00197132.,0,0,0
WBGene00197133.,0,0,0
WBGene00197134.,0,0,0
WBGene00197135.,0,0,0
WBGene00197136.,0,0,0
WBGene00197137.,0,0,0
WBGene00197138.,0,0,0
WBGene00197139.,0,1,1
WBGene00197140.,0,9,9
WBGene00197141.,0,0,0
WBGene00197142.,0,0,0
WBGene00197143.,0,0,0
WBGene00197144.,0,1,1
WBGene00197145.,0,0,0
WBGene00197146.,0,0,0
WBGene00197147.,0,0,0
WBGene00197148.,0,0,0
WBGene00197149.,0,1,1
WBGene00197150.,0,0,0
WBGene00197151.,0,0,0
WBGene00197152.,0,1,1
WBGene00197153.,0,0,0
WBGene00197154.,0,0,0
WBGene00197155.,0,0,0
WBGene00197156.,0,0,0
WBGene00197157.,0,2,2
WBGene00197158.,0,0,0
WBGene00197159.,0,0,0
WBGene00197160.,0,0,0
WBGene00197161.,0,1,1
WBGene00197162.,0,0,0
WBGene00197163.,0,0,0
WBGene00197164.,0,0,0
WBGene00197165.,0,2,2
WBGene00197166.,0,0,0
WBGene00197167.,0,0,0
WBGene00197168.,0,5,5
WBGene00197169.,0,0,0
WBGene00197170.,0,0,0
WBGene00197171.,0,125,125
WBGene00197172.,0,1,1
WBGene00197173.,0,0,0
WBGene00197174.,0,3,3
WBGene00197175.,0,3,3
WBGene00197176.,0,0,0
WBGene00197177.,0,1,1
WBGene00197178.,0,0,0
WBGene00197179.,0,0,0
WBGene00197180.,0,2,2
WBGene00197181.,0,0,0
WBGene00197182.,0,1,1
WBGene00197183.,0,8,8
WBGene00197184.,0,0,0
WBGene00197185.,0,0,0
WBGene00197186.,0,1,1
WBGene00197187.,0,0,0
WBGene00197188.,0,10,10
WBGene00197189.,0,3,3
WBGene00197190.,0,0,0
WBGene00197191.,0,0,0
WBGene00197192.,0,0,0
WBGene00197193.,0,0,0
WBGene00197194.,0,0,0
WBGene00197195.,0,0,0
WBGene00197196.,0,3,3
WBGene00197197.,0,0,0
WBGene00197198.,0,0,0
WBGene00197199.,0,0,0
WBGene00197200.,0,0,0
WBGene00197201.,0,0,0
WBGene00197202.,0,0,0
WBGene00197203.,0,0,0
WBGene00197204.,0,8,8
WBGene00197205.,0,5,5
WBGene00197206.,0,1,1
WBGene00197207.,0,3,3
WBGene00197208.,0,0,0
WBGene00197209.,0,22,22
WBGene00197210.,0,0,0
WBGene00197211.,0,0,0
WBGene00197212.,0,0,0
WBGene00197213.,0,1,1
WBGene00197214.,0,6,6
WBGene00197215.,0,1061,1061
WBGene00197216.,0,2,2
WBGene00197217.,0,2,2
WBGene00197218.,0,5,5
WBGene00197219.,0,1,1
WBGene00197220.,0,0,0
WBGene00197221.,0,0,0
WBGene00197222.,0,7,7
WBGene00197223.,0,0,0
WBGene00197224.,0,0,0
WBGene00197225.,0,0,0
WBGene00197226.,0,1,1
WBGene00197227.,0,1,1
WBGene00197228.,0,1,1
WBGene00197229.,0,0,0
WBGene00197230.,0,1,1
WBGene00197231.,0,7,7
WBGene00197232.,0,1,1
WBGene00197233.,0,0,0
WBGene00197234.,0,11,11
WBGene00197235.,0,1,1
WBGene00197236.,0,6,6
WBGene00197237.,0,0,0
WBGene00197238.,0,0,0
WBGene00197239.,0,0,0
WBGene00197240.,0,0,0
WBGene00197241.,0,0,0
WBGene00197242.,0,1,1
WBGene00197243.,0,2,2
WBGene00197244.,0,0,0
WBGene00197245.,0,0,0
WBGene00197246.,0,0,0
WBGene00197247.,0,0,0
WBGene00197248.,0,0,0
WBGene00197249.,0,0,0
WBGene00197250.,0,8,8
WBGene00197251.,0,1,1
WBGene00197252.,0,2,2
WBGene00197253.,0,2,2
WBGene00197254.,0,5,5
WBGene00197255.,0,1,1
WBGene00197256.,0,1,1
WBGene00197257.,0,7,7
WBGene00197258.,0,8,8
WBGene00197259.,0,14,14
WBGene00197260.,0,0,0
WBGene00197261.,0,0,0
WBGene00197262.,0,2,2
WBGene00197263.,0,0,0
WBGene00197264.,0,0,0
WBGene00197265.,0,6,6
WBGene00197266.,0,1,1
WBGene00197267.,0,0,0
WBGene00197268.,0,0,0
WBGene00197269.,0,4,4
WBGene00197270.,0,0,0
WBGene00197271.,0,0,0
WBGene00197272.,0,0,0
WBGene00197273.,0,0,0
WBGene00197274.,0,4,4
WBGene00197275.,0,0,0
WBGene00197276.,0,0,0
WBGene00197277.,0,1,1
WBGene00197278.,0,6,6
WBGene00197279.,0,10,10
WBGene00197280.,0,2,2
WBGene00197281.,0,6,6
WBGene00197282.,0,0,0
WBGene00197283.,0,2,2
WBGene00197284.,0,0,0
WBGene00197285.,0,1,1
WBGene00197286.,0,0,0
WBGene00197287.,0,1,1
WBGene00197288.,0,0,0
WBGene00197289.,0,0,0
WBGene00197290.,0,0,0
WBGene00197291.,0,0,0
WBGene00197292.,0,0,0
WBGene00197293.,0,1,1
WBGene00197294.,0,0,0
WBGene00197295.,0,0,0
WBGene00197296.,0,0,0
WBGene00197297.,0,10,10
WBGene00197298.,0,6,6
WBGene00197299.,0,0,0
WBGene00197300.,0,0,0
WBGene00197301.,0,0,0
WBGene00197302.,0,1,1
WBGene00197303.,0,0,0
WBGene00197304.,0,0,0
WBGene00197305.,0,0,0
WBGene00197306.,0,0,0
WBGene00197307.,0,6,6
WBGene00197308.,0,2,2
WBGene00197309.,0,0,0
WBGene00197310.,0,2,2
WBGene00197311.,0,0,0
WBGene00197312.,0,0,0
WBGene00197313.,0,0,0
WBGene00197314.,0,12,12
WBGene00197315.,0,0,0
WBGene00197316.,0,0,0
WBGene00197317.,0,0,0
WBGene00197318.,0,1,1
WBGene00197319.,0,4,4
WBGene00197320.,0,0,0
WBGene00197321.,0,0,0
WBGene00197322.,0,4,4
WBGene00197323.,0,0,0
WBGene00197324.,0,0,0
WBGene00197325.,0,0,0
WBGene00197326.,0,2,2
WBGene00197327.,0,0,0
WBGene00197328.,0,0,0
WBGene00197329.,0,0,0
WBGene00197330.,0,0,0
WBGene00197331.,0,0,0
WBGene00197332.,0,2,2
WBGene00197333.,0,0,0
WBGene00197334.,0,1,1
WBGene00197335.,0,3,3
WBGene00197336.,0,0,0
WBGene00197337.,0,0,0
WBGene00197338.,0,0,0
WBGene00197339.,0,464,464
WBGene00197340.,0,3,3
WBGene00197341.,0,0,0
WBGene00197342.,0,2,2
WBGene00197343.,0,1,1
WBGene00197344.,0,0,0
WBGene00197345.,0,0,0
WBGene00197346.,0,0,0
WBGene00197347.,0,3,3
WBGene00197348.,0,0,0
WBGene00197349.,0,9,9
WBGene00197350.,0,0,0
WBGene00197351.,0,0,0
WBGene00197352.,0,0,0
WBGene00197353.,0,0,0
WBGene00197354.,0,1,1
WBGene00197355.,0,0,0
WBGene00197356.,0,2,2
WBGene00197357.,0,0,0
WBGene00197358.,0,0,0
WBGene00197359.,0,1,1
WBGene00197360.,0,0,0
WBGene00197361.,0,0,0
WBGene00197362.,0,1,1
WBGene00197363.,0,0,0
WBGene00197364.,0,2,2
WBGene00197365.,0,0,0
WBGene00197366.,0,0,0
WBGene00197367.,0,0,0
WBGene00197368.,0,0,0
WBGene00197369.,0,0,0
WBGene00197370.,0,3,3
WBGene00197371.,0,0,0
WBGene00197372.,0,0,0
WBGene00197373.,0,4,4
WBGene00197374.,0,0,0
WBGene00197375.,0,6,6
WBGene00197376.,0,0,0
WBGene00197377.,0,1,1
WBGene00197378.,0,0,0
WBGene00197379.,0,0,0
WBGene00197380.,0,0,0
WBGene00197381.,0,3,3
WBGene00197382.,0,3,3
WBGene00197383.,0,2,2
WBGene00197384.,0,0,0
WBGene00197385.,0,1,1
WBGene00197386.,0,2,2
WBGene00197387.,0,0,0
WBGene00197388.,0,1,1
WBGene00197389.,0,0,0
WBGene00197390.,0,0,0
WBGene00197391.,0,0,0
WBGene00197392.,0,0,0
WBGene00197393.,0,0,0
WBGene00197394.,0,0,0
WBGene00197395.,0,0,0
WBGene00197396.,0,4,4
WBGene00197397.,0,0,0
WBGene00197398.,0,4,4
WBGene00197399.,0,10,10
WBGene00197400.,0,2,2
WBGene00197401.,0,0,0
WBGene00197402.,0,0,0
WBGene00197403.,0,1,1
WBGene00197404.,0,3,3
WBGene00197405.,0,0,0
WBGene00197406.,0,65,65
WBGene00197407.,0,1,1
WBGene00197408.,0,1,1
WBGene00197409.,0,0,0
WBGene00197410.,0,4,4
WBGene00197411.,0,9,9
WBGene00197412.,0,0,0
WBGene00197413.,0,0,0
WBGene00197414.,0,0,0
WBGene00197415.,0,0,0
WBGene00197416.,0,8,8
WBGene00197417.,0,1,1
WBGene00197418.,0,0,0
WBGene00197419.,0,0,0
WBGene00197420.,0,1,1
WBGene00197421.,0,0,0
WBGene00197422.,0,0,0
WBGene00197423.,0,0,0
WBGene00197424.,0,18,18
WBGene00197425.,0,1,1
WBGene00197426.,0,2,2
WBGene00197427.,0,0,0
WBGene00197428.,0,0,0
WBGene00197429.,0,3,3
WBGene00197430.,0,0,0
WBGene00197431.,0,3,3
WBGene00197432.,0,0,0
WBGene00197433.,0,0,0
WBGene00197434.,0,0,0
WBGene00197435.,0,0,0
WBGene00197436.,0,0,0
WBGene00197437.,0,2,2
WBGene00197438.,0,0,0
WBGene00197439.,0,0,0
WBGene00197440.,0,3,3
WBGene00197441.,0,1,1
WBGene00197442.,0,0,0
WBGene00197443.,0,0,0
WBGene00197444.,0,5,5
WBGene00197445.,0,0,0
WBGene00197446.,0,2,2
WBGene00197447.,0,0,0
WBGene00197448.,0,0,0
WBGene00197449.,0,1,1
WBGene00197450.,0,4,4
WBGene00197451.,0,0,0
WBGene00197452.,0,70,70
WBGene00197453.,0,0,0
WBGene00197454.,0,6,6
WBGene00197455.,0,4,4
WBGene00197456.,0,0,0
WBGene00197457.,0,0,0
WBGene00197458.,0,2,2
WBGene00197459.,0,0,0
WBGene00197460.,0,0,0
WBGene00197461.,0,4,4
WBGene00197462.,0,1,1
WBGene00197463.,0,0,0
WBGene00197464.,0,7,7
WBGene00197465.,0,2,2
WBGene00197466.,0,0,0
WBGene00197467.,0,1,1
WBGene00197468.,0,0,0
WBGene00197469.,0,0,0
WBGene00197470.,0,0,0
WBGene00197471.,0,0,0
WBGene00197472.,0,0,0
WBGene00197473.,0,1,1
WBGene00197474.,0,0,0
WBGene00197475.,0,1,1
WBGene00197476.,0,0,0
WBGene00197477.,0,8,8
WBGene00197478.,0,0,0
WBGene00197479.,0,1,1
WBGene00197480.,0,2,2
WBGene00197481.,0,1,1
WBGene00197482.,0,2,2
WBGene00197483.,0,5,5
WBGene00197484.,0,1,1
WBGene00197485.,0,3,3
WBGene00197486.,0,0,0
WBGene00197487.,0,1,1
WBGene00197488.,0,0,0
WBGene00197489.,0,3,3
WBGene00197490.,0,0,0
WBGene00197491.,0,3,3
WBGene00197492.,0,1,1
WBGene00197493.,0,0,0
WBGene00197494.,0,0,0
WBGene00197495.,0,2,2
WBGene00197496.,0,0,0
WBGene00197497.,0,0,0
WBGene00197498.,0,2,2
WBGene00197499.,0,0,0
WBGene00197500.,0,0,0
WBGene00197501.,0,0,0
WBGene00197502.,0,0,0
WBGene00197503.,0,1,1
WBGene00197504.,0,0,0
WBGene00197505.,0,0,0
WBGene00197506.,0,0,0
WBGene00197507.,0,3,3
WBGene00197508.,0,0,0
WBGene00197509.,0,3,3
WBGene00197510.,0,0,0
WBGene00197511.,0,2,2
WBGene00197512.,0,0,0
WBGene00197513.,0,0,0
WBGene00197514.,0,0,0
WBGene00197515.,0,12,12
WBGene00197516.,0,9,9
WBGene00197517.,0,2,2
WBGene00197518.,0,4,4
WBGene00197519.,0,0,0
WBGene00197520.,0,2,2
WBGene00197521.,0,2,2
WBGene00197522.,0,0,0
WBGene00197523.,0,0,0
WBGene00197524.,0,0,0
WBGene00197525.,0,0,0
WBGene00197526.,0,0,0
WBGene00197527.,0,0,0
WBGene00197528.,0,0,0
WBGene00197529.,0,3,3
WBGene00197530.,0,0,0
WBGene00197531.,0,0,0
WBGene00197532.,0,0,0
WBGene00197533.,0,2,2
WBGene00197534.,0,4,4
WBGene00197535.,0,0,0
WBGene00197536.,0,0,0
WBGene00197537.,0,0,0
WBGene00197538.,0,0,0
WBGene00197539.,0,0,0
WBGene00197540.,0,0,0
WBGene00197541.,0,0,0
WBGene00197542.,0,0,0
WBGene00197543.,0,1,1
WBGene00197544.,0,0,0
WBGene00197545.,0,0,0
WBGene00197546.,0,0,0
WBGene00197547.,0,0,0
WBGene00197548.,0,2,2
WBGene00197549.,0,0,0
WBGene00197550.,0,4,4
WBGene00197551.,0,0,0
WBGene00197552.,0,0,0
WBGene00197553.,0,2,2
WBGene00197554.,0,0,0
WBGene00197555.,0,1,1
WBGene00197556.,0,0,0
WBGene00197557.,0,1,1
WBGene00197558.,0,0,0
WBGene00197559.,0,1,1
WBGene00197560.,0,2,2
WBGene00197561.,0,0,0
WBGene00197562.,0,1,1
WBGene00197563.,0,0,0
WBGene00197564.,0,4,4
WBGene00197565.,0,0,0
WBGene00197566.,0,1,1
WBGene00197567.,0,0,0
WBGene00197568.,0,1,1
WBGene00197569.,0,0,0
WBGene00197570.,0,0,0
WBGene00197571.,0,0,0
WBGene00197572.,0,2,2
WBGene00197573.,0,0,0
WBGene00197574.,0,1,1
WBGene00197575.,0,0,0
WBGene00197576.,0,0,0
WBGene00197577.,0,2,2
WBGene00197578.,0,9,9
WBGene00197579.,0,12,12
WBGene00197580.,0,1,1
WBGene00197581.,0,1,1
WBGene00197582.,0,2,2
WBGene00197583.,0,21,21
WBGene00197584.,0,0,0
WBGene00197585.,0,1,1
WBGene00197586.,0,3,3
WBGene00197587.,0,8,8
WBGene00197588.,0,2,2
WBGene00197589.,0,0,0
WBGene00197590.,0,0,0
WBGene00197591.,0,9,9
WBGene00197592.,0,0,0
WBGene00197593.,0,0,0
WBGene00197594.,0,0,0
WBGene00197595.,0,0,0
WBGene00197596.,0,1,1
WBGene00197597.,0,7,7
WBGene00197598.,0,1,1
WBGene00197599.,0,1,1
WBGene00197600.,0,3,3
WBGene00197601.,0,2,2
WBGene00197602.,0,0,0
WBGene00197603.,0,0,0
WBGene00197604.,0,18,18
WBGene00197605.,0,0,0
WBGene00197606.,0,1,1
WBGene00197607.,0,0,0
WBGene00197608.,0,1,1
WBGene00197609.,0,6,6
WBGene00197610.,0,0,0
WBGene00197611.,0,11,11
WBGene00197612.,0,1,1
WBGene00197613.,0,0,0
WBGene00197614.,0,3,3
WBGene00197615.,0,14,14
WBGene00197616.,0,0,0
WBGene00197617.,0,0,0
WBGene00197618.,0,0,0
WBGene00197619.,0,0,0
WBGene00197620.,0,0,0
WBGene00197621.,0,0,0
WBGene00197622.,0,1,1
WBGene00197623.,0,0,0
WBGene00197624.,0,0,0
WBGene00197625.,0,4,4
WBGene00197626.,0,1,1
WBGene00197627.,0,2,2
WBGene00197628.,0,0,0
WBGene00197629.,0,1,1
WBGene00197630.,0,0,0
WBGene00197631.,0,0,0
WBGene00197632.,0,4,4
WBGene00197633.,0,16,16
WBGene00197634.,0,25,25
WBGene00197635.,0,0,0
WBGene00197636.,0,3,3
WBGene00197637.,0,0,0
WBGene00197638.,0,0,0
WBGene00197639.,0,0,0
WBGene00197640.,0,0,0
WBGene00197641.,0,0,0
WBGene00197642.,0,6,6
WBGene00197643.,0,0,0
WBGene00197644.,0,1,1
WBGene00197645.,0,1,1
WBGene00197646.,0,0,0
WBGene00197647.,0,4,4
WBGene00197648.,0,1,1
WBGene00197649.,0,0,0
WBGene00197650.,0,2,2
WBGene00197651.,0,0,0
WBGene00197652.,0,5,5
WBGene00197653.,0,0,0
WBGene00197654.,0,0,0
WBGene00197655.,0,0,0
WBGene00197656.,0,0,0
WBGene00197657.,0,0,0
WBGene00197658.,0,0,0
WBGene00197659.,0,0,0
WBGene00197660.,0,3,3
WBGene00197661.,0,0,0
WBGene00197662.,0,0,0
WBGene00197663.,0,0,0
WBGene00197664.,0,2,2
WBGene00197665.,0,1,1
WBGene00197666.,0,0,0
WBGene00197667.,0,5,5
WBGene00197668.,0,1,1
WBGene00197669.,0,1,1
WBGene00197670.,0,13,13
WBGene00197671.,0,0,0
WBGene00197672.,0,1,1
WBGene00197673.,0,0,0
WBGene00197674.,0,1,1
WBGene00197675.,0,1,1
WBGene00197676.,0,0,0
WBGene00197677.,0,0,0
WBGene00197678.,0,0,0
WBGene00197679.,0,16,16
WBGene00197680.,0,0,0
WBGene00197681.,0,0,0
WBGene00197682.,0,0,0
WBGene00197683.,0,0,0
WBGene00197684.,0,0,0
WBGene00197685.,0,1,1
WBGene00197686.,0,9,9
WBGene00197687.,0,5,5
WBGene00197688.,0,2,2
WBGene00197689.,0,0,0
WBGene00197690.,0,0,0
WBGene00197691.,0,31,31
WBGene00197692.,0,0,0
WBGene00197693.,0,0,0
WBGene00197694.,0,3,3
WBGene00197695.,0,0,0
WBGene00197696.,0,0,0
WBGene00197697.,0,0,0
WBGene00197698.,0,8,8
WBGene00197699.,0,0,0
WBGene00197700.,0,0,0
WBGene00197701.,0,3,3
WBGene00197702.,0,1,1
WBGene00197703.,0,0,0
WBGene00197704.,0,1,1
WBGene00197705.,0,1,1
WBGene00197706.,0,1,1
WBGene00197707.,0,0,0
WBGene00197708.,0,1,1
WBGene00197709.,0,5,5
WBGene00197710.,0,21,21
WBGene00197711.,0,0,0
WBGene00197712.,0,8,8
WBGene00197713.,0,3,3
WBGene00197714.,0,0,0
WBGene00197715.,0,0,0
WBGene00197716.,0,3,3
WBGene00197717.,0,0,0
WBGene00197718.,0,1,1
WBGene00197719.,0,0,0
WBGene00197720.,0,0,0
WBGene00197721.,0,0,0
WBGene00197722.,0,0,0
WBGene00197723.,0,2,2
WBGene00197724.,0,2,2
WBGene00197725.,0,0,0
WBGene00197726.,0,2,2
WBGene00197727.,0,0,0
WBGene00197728.,0,2,2
WBGene00197729.,0,1,1
WBGene00197730.,0,1,1
WBGene00197731.,0,0,0
WBGene00197732.,0,1,1
WBGene00197733.,0,0,0
WBGene00197734.,0,0,0
WBGene00197735.,0,0,0
WBGene00197736.,0,0,0
WBGene00197737.,0,0,0
WBGene00197738.,0,0,0
WBGene00197739.,0,4,4
WBGene00197740.,0,0,0
WBGene00197741.,0,1,1
WBGene00197742.,0,0,0
WBGene00197743.,0,0,0
WBGene00197744.,0,0,0
WBGene00197745.,0,0,0
WBGene00197746.,0,0,0
WBGene00197747.,0,2,2
WBGene00197748.,0,0,0
WBGene00197749.,0,0,0
WBGene00197750.,0,2,2
WBGene00197751.,0,0,0
WBGene00197752.,0,2,2
WBGene00197753.,0,3,3
WBGene00197754.,0,0,0
WBGene00197755.,0,0,0
WBGene00197756.,0,0,0
WBGene00197757.,0,13,13
WBGene00197758.,0,0,0
WBGene00197759.,0,0,0
WBGene00197760.,0,6,6
WBGene00197761.,0,0,0
WBGene00197762.,0,0,0
WBGene00197763.,0,0,0
WBGene00197764.,0,0,0
WBGene00197765.,0,0,0
WBGene00197766.,0,5,5
WBGene00197767.,0,0,0
WBGene00197768.,0,0,0
WBGene00197769.,0,79,79
WBGene00197770.,0,0,0
WBGene00197771.,0,0,0
WBGene00197772.,0,0,0
WBGene00197773.,0,0,0
WBGene00197774.,0,1,1
WBGene00197775.,0,26,26
WBGene00197776.,0,0,0
WBGene00197777.,0,0,0
WBGene00197778.,0,0,0
WBGene00197779.,0,2,2
WBGene00197780.,0,0,0
WBGene00197781.,0,0,0
WBGene00197782.,0,4,4
WBGene00197783.,0,2,2
WBGene00197784.,0,1,1
WBGene00197785.,0,0,0
WBGene00197786.,0,0,0
WBGene00197787.,0,4,4
WBGene00197788.,0,1,1
WBGene00197789.,0,0,0
WBGene00197790.,0,1,1
WBGene00197791.,0,0,0
WBGene00197792.,0,0,0
WBGene00197793.,0,7,7
WBGene00197794.,0,0,0
WBGene00197795.,0,0,0
WBGene00197796.,0,1,1
WBGene00197797.,0,1,1
WBGene00197798.,0,0,0
WBGene00197799.,0,0,0
WBGene00197800.,0,7,7
WBGene00197801.,0,1,1
WBGene00197802.,0,0,0
WBGene00197803.,0,77,77
WBGene00197804.,0,0,0
WBGene00197805.,0,3,3
WBGene00197806.,0,3,3
WBGene00197807.,0,0,0
WBGene00197808.,0,1,1
WBGene00197809.,0,0,0
WBGene00197810.,0,0,0
WBGene00197811.,0,1,1
WBGene00197812.,0,0,0
WBGene00197813.,0,2,2
WBGene00197814.,0,0,0
WBGene00197815.,0,0,0
WBGene00197816.,0,0,0
WBGene00197817.,0,2,2
WBGene00197818.,0,5,5
WBGene00197819.,0,2,2
WBGene00197820.,0,0,0
WBGene00197821.,0,2,2
WBGene00197822.,0,0,0
WBGene00197823.,0,0,0
WBGene00197824.,0,0,0
WBGene00197825.,0,0,0
WBGene00197826.,0,0,0
WBGene00197827.,0,0,0
WBGene00197828.,0,0,0
WBGene00197829.,0,0,0
WBGene00197830.,0,0,0
WBGene00197831.,0,0,0
WBGene00197832.,0,0,0
WBGene00197833.,0,1,1
WBGene00197834.,0,4,4
WBGene00197835.,0,0,0
WBGene00197836.,0,4,4
WBGene00197837.,0,0,0
WBGene00197838.,0,0,0
WBGene00197839.,0,0,0
WBGene00197840.,0,3,3
WBGene00197841.,0,0,0
WBGene00197842.,0,0,0
WBGene00197843.,0,0,0
WBGene00197844.,0,0,0
WBGene00197845.,0,7,7
WBGene00197846.,0,0,0
WBGene00197847.,0,0,0
WBGene00197848.,0,1,1
WBGene00197849.,0,0,0
WBGene00197850.,0,2,2
WBGene00197851.,0,0,0
WBGene00197852.,0,0,0
WBGene00197853.,0,3,3
WBGene00197854.,0,12,12
WBGene00197855.,0,6,6
WBGene00197856.,0,0,0
WBGene00197857.,0,1,1
WBGene00197858.,0,2,2
WBGene00197859.,0,0,0
WBGene00197860.,0,4,4
WBGene00197861.,0,0,0
WBGene00197862.,0,0,0
WBGene00197863.,0,1,1
WBGene00197864.,0,0,0
WBGene00197865.,0,2,2
WBGene00197866.,0,0,0
WBGene00197867.,0,1,1
WBGene00197868.,0,2,2
WBGene00197869.,0,0,0
WBGene00197870.,0,0,0
WBGene00197871.,0,0,0
WBGene00197872.,0,1,1
WBGene00197873.,0,24,24
WBGene00197874.,0,1,1
WBGene00197875.,0,3,3
WBGene00197876.,0,0,0
WBGene00197877.,0,0,0
WBGene00197878.,0,1,1
WBGene00197879.,0,16,16
WBGene00197880.,0,5,5
WBGene00197881.,0,0,0
WBGene00197882.,0,0,0
WBGene00197883.,0,17,17
WBGene00197884.,0,3,3
WBGene00197885.,0,0,0
WBGene00197886.,0,0,0
WBGene00197887.,0,3,3
WBGene00197888.,0,0,0
WBGene00197889.,0,0,0
WBGene00197890.,0,0,0
WBGene00197891.,0,0,0
WBGene00197892.,0,0,0
WBGene00197893.,0,1,1
WBGene00197894.,0,0,0
WBGene00197895.,0,0,0
WBGene00197896.,0,10,10
WBGene00197897.,0,0,0
WBGene00197898.,0,0,0
WBGene00197899.,0,14,14
WBGene00197900.,0,0,0
WBGene00197901.,0,0,0
WBGene00197902.,0,0,0
WBGene00197903.,0,9,9
WBGene00197904.,0,0,0
WBGene00197905.,0,0,0
WBGene00197906.,0,28,28
WBGene00197907.,0,0,0
WBGene00197908.,0,0,0
WBGene00197909.,0,3,3
WBGene00197910.,0,0,0
WBGene00197911.,0,0,0
WBGene00197912.,0,0,0
WBGene00197913.,0,0,0
WBGene00197914.,0,1,1
WBGene00197915.,0,1,1
WBGene00197916.,0,0,0
WBGene00197917.,0,0,0
WBGene00197918.,0,0,0
WBGene00197919.,0,0,0
WBGene00197920.,0,2,2
WBGene00197921.,0,24,24
WBGene00197922.,0,1,1
WBGene00197923.,0,1,1
WBGene00197924.,0,2,2
WBGene00197925.,0,0,0
WBGene00197926.,0,0,0
WBGene00197927.,0,1,1
WBGene00197928.,0,0,0
WBGene00197929.,0,0,0
WBGene00197930.,0,0,0
WBGene00197931.,0,0,0
WBGene00197932.,0,1,1
WBGene00197933.,0,0,0
WBGene00197934.,0,33,33
WBGene00197935.,0,0,0
WBGene00197936.,0,0,0
WBGene00197937.,0,0,0
WBGene00197938.,0,0,0
WBGene00197939.,0,0,0
WBGene00197940.,0,2,2
WBGene00197941.,0,0,0
WBGene00197942.,0,0,0
WBGene00197943.,0,0,0
WBGene00197944.,0,10,10
WBGene00197945.,0,0,0
WBGene00197946.,0,0,0
WBGene00197947.,0,0,0
WBGene00197948.,0,0,0
WBGene00197949.,0,0,0
WBGene00197950.,0,0,0
WBGene00197951.,0,5,5
WBGene00197952.,0,1,1
WBGene00197953.,0,1,1
WBGene00197954.,0,0,0
WBGene00197955.,0,0,0
WBGene00197956.,0,1,1
WBGene00197957.,0,2,2
WBGene00197958.,0,2,2
WBGene00197959.,0,2,2
WBGene00197960.,0,0,0
WBGene00197961.,0,0,0
WBGene00197962.,0,1,1
WBGene00197963.,0,0,0
WBGene00197964.,0,0,0
WBGene00197965.,0,0,0
WBGene00197966.,0,0,0
WBGene00197967.,0,2,2
WBGene00197968.,0,0,0
WBGene00197969.,0,12,12
WBGene00197970.,0,3,3
WBGene00197971.,0,6,6
WBGene00197972.,0,0,0
WBGene00197973.,0,8,8
WBGene00197974.,0,0,0
WBGene00197975.,0,0,0
WBGene00197976.,0,10,10
WBGene00197977.,0,0,0
WBGene00197978.,0,1,1
WBGene00197979.,0,0,0
WBGene00197980.,0,0,0
WBGene00197981.,0,0,0
WBGene00197982.,0,0,0
WBGene00197983.,0,2,2
WBGene00197984.,0,0,0
WBGene00197985.,0,2,2
WBGene00197986.,0,0,0
WBGene00197987.,0,2,2
WBGene00197988.,0,0,0
WBGene00197989.,0,1,1
WBGene00197990.,0,0,0
WBGene00197991.,0,3,3
WBGene00197992.,0,2,2
WBGene00197993.,0,0,0
WBGene00197994.,0,0,0
WBGene00197995.,0,34,34
WBGene00197996.,0,0,0
WBGene00197997.,0,2,2
WBGene00197998.,0,0,0
WBGene00197999.,0,3,3
WBGene00198000.,0,1,1
WBGene00198001.,0,0,0
WBGene00198002.,0,0,0
WBGene00198003.,0,3,3
WBGene00198004.,0,2,2
WBGene00198005.,0,0,0
WBGene00198006.,0,0,0
WBGene00198007.,0,0,0
WBGene00198008.,0,9,9
WBGene00198009.,0,0,0
WBGene00198010.,0,0,0
WBGene00198011.,0,0,0
WBGene00198012.,0,0,0
WBGene00198013.,0,0,0
WBGene00198014.,0,12,12
WBGene00198015.,0,0,0
WBGene00198016.,0,0,0
WBGene00198017.,0,2,2
WBGene00198018.,0,0,0
WBGene00198019.,0,2,2
WBGene00198020.,0,3,3
WBGene00198021.,0,6,6
WBGene00198022.,0,0,0
WBGene00198023.,0,0,0
WBGene00198024.,0,0,0
WBGene00198025.,0,6,6
WBGene00198026.,0,1,1
WBGene00198027.,0,2,2
WBGene00198028.,0,0,0
WBGene00198029.,0,4,4
WBGene00198030.,0,0,0
WBGene00198031.,0,0,0
WBGene00198032.,0,0,0
WBGene00198033.,0,0,0
WBGene00198034.,0,0,0
WBGene00198035.,0,0,0
WBGene00198036.,0,1,1
WBGene00198037.,0,3,3
WBGene00198038.,0,0,0
WBGene00198039.,0,0,0
WBGene00198040.,0,1,1
WBGene00198041.,0,0,0
WBGene00198042.,0,3,3
WBGene00198043.,0,0,0
WBGene00198044.,0,0,0
WBGene00198045.,0,0,0
WBGene00198046.,0,0,0
WBGene00198047.,0,23,23
WBGene00198048.,0,3,3
WBGene00198049.,0,0,0
WBGene00198050.,0,0,0
WBGene00198051.,0,1,1
WBGene00198052.,0,0,0
WBGene00198053.,0,1,1
WBGene00198054.,0,0,0
WBGene00198055.,0,0,0
WBGene00198056.,0,6,6
WBGene00198057.,0,1,1
WBGene00198058.,0,1,1
WBGene00198059.,0,0,0
WBGene00198060.,0,0,0
WBGene00198061.,0,2,2
WBGene00198062.,0,0,0
WBGene00198063.,0,1,1
WBGene00198064.,0,0,0
WBGene00198065.,0,7,7
WBGene00198066.,0,0,0
WBGene00198067.,0,0,0
WBGene00198068.,0,1,1
WBGene00198069.,0,0,0
WBGene00198070.,0,0,0
WBGene00198071.,0,0,0
WBGene00198072.,0,0,0
WBGene00198073.,0,0,0
WBGene00198074.,0,0,0
WBGene00198075.,0,29,29
WBGene00198076.,0,1,1
WBGene00198077.,0,0,0
WBGene00198078.,0,1,1
WBGene00198079.,0,0,0
WBGene00198080.,0,0,0
WBGene00198081.,0,0,0
WBGene00198082.,0,0,0
WBGene00198083.,0,2,2
WBGene00198084.,0,0,0
WBGene00198085.,0,0,0
WBGene00198086.,0,0,0
WBGene00198087.,0,0,0
WBGene00198088.,0,1,1
WBGene00198089.,0,0,0
WBGene00198090.,0,1,1
WBGene00198091.,0,4,4
WBGene00198092.,0,1,1
WBGene00198093.,0,0,0
WBGene00198094.,0,4,4
WBGene00198095.,0,1,1
WBGene00198096.,0,1,1
WBGene00198097.,0,0,0
WBGene00198098.,0,0,0
WBGene00198099.,0,0,0
WBGene00198100.,0,2,2
WBGene00198101.,0,0,0
WBGene00198102.,0,0,0
WBGene00198103.,0,0,0
WBGene00198104.,0,3,3
WBGene00198105.,0,1,1
WBGene00198106.,0,0,0
WBGene00198107.,0,0,0
WBGene00198108.,0,0,0
WBGene00198109.,0,0,0
WBGene00198110.,0,0,0
WBGene00198111.,0,6,6
WBGene00198112.,0,0,0
WBGene00198113.,0,3,3
WBGene00198114.,0,0,0
WBGene00198115.,0,0,0
WBGene00198116.,0,0,0
WBGene00198117.,0,0,0
WBGene00198118.,0,1,1
WBGene00198119.,0,0,0
WBGene00198120.,0,2,2
WBGene00198121.,0,1,1
WBGene00198122.,0,9,9
WBGene00198123.,0,0,0
WBGene00198124.,0,10,10
WBGene00198125.,0,0,0
WBGene00198126.,0,5,5
WBGene00198127.,0,2,2
WBGene00198128.,0,0,0
WBGene00198129.,0,0,0
WBGene00198130.,0,0,0
WBGene00198131.,0,4,4
WBGene00198132.,0,4,4
WBGene00198133.,0,0,0
WBGene00198134.,0,2,2
WBGene00198135.,0,13,13
WBGene00198136.,0,2,2
WBGene00198137.,0,0,0
WBGene00198138.,0,3,3
WBGene00198139.,0,0,0
WBGene00198140.,0,2,2
WBGene00198141.,0,1,1
WBGene00198142.,0,39,39
WBGene00198143.,0,0,0
WBGene00198144.,0,0,0
WBGene00198145.,0,0,0
WBGene00198146.,0,0,0
WBGene00198147.,0,0,0
WBGene00198148.,0,0,0
WBGene00198149.,0,3,3
WBGene00198150.,0,3,3
WBGene00198151.,0,3,3
WBGene00198152.,0,2,2
WBGene00198153.,0,0,0
WBGene00198154.,0,0,0
WBGene00198155.,0,0,0
WBGene00198156.,0,1,1
WBGene00198157.,0,0,0
WBGene00198158.,0,3,3
WBGene00198159.,0,1,1
WBGene00198160.,0,4,4
WBGene00198161.,0,0,0
WBGene00198162.,0,0,0
WBGene00198163.,0,0,0
WBGene00198164.,0,0,0
WBGene00198165.,0,0,0
WBGene00198166.,0,0,0
WBGene00198167.,0,1,1
WBGene00198168.,0,0,0
WBGene00198169.,0,0,0
WBGene00198170.,0,0,0
WBGene00198171.,0,6,6
WBGene00198172.,0,0,0
WBGene00198173.,0,1,1
WBGene00198174.,0,32,32
WBGene00198175.,0,0,0
WBGene00198176.,0,1,1
WBGene00198177.,0,0,0
WBGene00198178.,0,2,2
WBGene00198179.,0,0,0
WBGene00198180.,0,0,0
WBGene00198181.,0,0,0
WBGene00198182.,0,13,13
WBGene00198183.,0,3,3
WBGene00198184.,0,4,4
WBGene00198185.,0,2,2
WBGene00198186.,0,0,0
WBGene00198187.,0,1,1
WBGene00198188.,0,0,0
WBGene00198189.,0,0,0
WBGene00198190.,0,1,1
WBGene00198191.,0,0,0
WBGene00198192.,0,0,0
WBGene00198193.,0,2,2
WBGene00198194.,0,1,1
WBGene00198195.,0,0,0
WBGene00198196.,0,0,0
WBGene00198197.,0,0,0
WBGene00198198.,0,4,4
WBGene00198199.,0,1,1
WBGene00198200.,0,0,0
WBGene00198201.,0,0,0
WBGene00198202.,0,0,0
WBGene00198203.,0,1,1
WBGene00198204.,0,0,0
WBGene00198205.,0,0,0
WBGene00198206.,0,3,3
WBGene00198207.,0,0,0
WBGene00198208.,0,0,0
WBGene00198209.,0,5,5
WBGene00198210.,0,1,1
WBGene00198211.,0,0,0
WBGene00198212.,0,0,0
WBGene00198213.,0,11,11
WBGene00198214.,0,4,4
WBGene00198215.,0,5,5
WBGene00198216.,0,1,1
WBGene00198217.,0,1,1
WBGene00198218.,0,0,0
WBGene00198219.,0,0,0
WBGene00198220.,0,0,0
WBGene00198221.,0,0,0
WBGene00198222.,0,0,0
WBGene00198223.,0,0,0
WBGene00198224.,0,0,0
WBGene00198225.,0,24,24
WBGene00198226.,0,5,5
WBGene00198227.,0,0,0
WBGene00198228.,0,0,0
WBGene00198229.,0,1,1
WBGene00198230.,0,1,1
WBGene00198231.,0,1,1
WBGene00198232.,0,0,0
WBGene00198233.,0,0,0
WBGene00198234.,0,2,2
WBGene00198235.,0,1,1
WBGene00198236.,0,1,1
WBGene00198237.,0,0,0
WBGene00198238.,0,0,0
WBGene00198239.,0,0,0
WBGene00198240.,0,3,3
WBGene00198241.,0,2,2
WBGene00198242.,0,19,19
WBGene00198243.,0,2,2
WBGene00198244.,0,6,6
WBGene00198245.,0,0,0
WBGene00198246.,0,0,0
WBGene00198247.,0,8,8
WBGene00198248.,0,0,0
WBGene00198249.,0,1,1
WBGene00198250.,0,1,1
WBGene00198251.,0,0,0
WBGene00198252.,0,0,0
WBGene00198253.,0,0,0
WBGene00198254.,0,0,0
WBGene00198255.,0,0,0
WBGene00198256.,0,3,3
WBGene00198257.,0,6,6
WBGene00198258.,0,11,11
WBGene00198259.,0,0,0
WBGene00198260.,0,0,0
WBGene00198261.,0,0,0
WBGene00198262.,0,14,14
WBGene00198263.,0,3,3
WBGene00198264.,0,0,0
WBGene00198265.,0,0,0
WBGene00198266.,0,0,0
WBGene00198267.,0,1,1
WBGene00198268.,0,5,5
WBGene00198269.,0,0,0
WBGene00198270.,0,4,4
WBGene00198271.,0,0,0
WBGene00198272.,0,0,0
WBGene00198273.,0,0,0
WBGene00198274.,0,0,0
WBGene00198275.,0,0,0
WBGene00198276.,0,0,0
WBGene00198277.,0,19,19
WBGene00198278.,0,4,4
WBGene00198279.,0,0,0
WBGene00198280.,0,0,0
WBGene00198281.,0,5,5
WBGene00198282.,0,2,2
WBGene00198283.,0,0,0
WBGene00198284.,0,0,0
WBGene00198285.,0,0,0
WBGene00198286.,0,0,0
WBGene00198287.,0,14,14
WBGene00198288.,0,0,0
WBGene00198289.,0,2,2
WBGene00198290.,0,6,6
WBGene00198291.,0,0,0
WBGene00198292.,0,4,4
WBGene00198293.,0,0,0
WBGene00198294.,0,0,0
WBGene00198295.,0,0,0
WBGene00198296.,0,0,0
WBGene00198297.,0,0,0
WBGene00198298.,0,1,1
WBGene00198299.,0,0,0
WBGene00198300.,0,53,53
WBGene00198301.,0,0,0
WBGene00198302.,0,0,0
WBGene00198303.,0,4,4
WBGene00198304.,0,5,5
WBGene00198305.,0,0,0
WBGene00198306.,0,0,0
WBGene00198307.,0,28,28
WBGene00198308.,0,1,1
WBGene00198309.,0,1,1
WBGene00198310.,0,5,5
WBGene00198311.,0,4,4
WBGene00198312.,0,4,4
WBGene00198313.,0,0,0
WBGene00198314.,0,2,2
WBGene00198315.,0,22,22
WBGene00198316.,0,3,3
WBGene00198317.,0,0,0
WBGene00198318.,0,0,0
WBGene00198319.,0,1,1
WBGene00198320.,0,8,8
WBGene00198321.,0,0,0
WBGene00198322.,0,0,0
WBGene00198323.,0,0,0
WBGene00198324.,0,2,2
WBGene00198325.,0,2,2
WBGene00198326.,0,8,8
WBGene00198327.,0,0,0
WBGene00198328.,0,0,0
WBGene00198329.,0,0,0
WBGene00198330.,0,1,1
WBGene00198331.,0,0,0
WBGene00198332.,0,0,0
WBGene00198333.,0,0,0
WBGene00198334.,0,0,0
WBGene00198335.,0,0,0
WBGene00198336.,0,0,0
WBGene00198337.,0,1,1
WBGene00198338.,0,0,0
WBGene00198339.,0,0,0
WBGene00198340.,0,0,0
WBGene00198341.,0,3,3
WBGene00198342.,0,0,0
WBGene00198343.,0,0,0
WBGene00198344.,0,1,1
WBGene00198345.,0,0,0
WBGene00198346.,0,0,0
WBGene00198347.,0,0,0
WBGene00198348.,0,2,2
WBGene00198349.,0,4,4
WBGene00198350.,0,2,2
WBGene00198351.,0,5,5
WBGene00198352.,0,0,0
WBGene00198353.,0,0,0
WBGene00198354.,0,5,5
WBGene00198355.,0,3,3
WBGene00198356.,0,1,1
WBGene00198357.,0,0,0
WBGene00198358.,0,0,0
WBGene00198359.,0,1,1
WBGene00198360.,0,0,0
WBGene00198361.,0,2,2
WBGene00198362.,0,0,0
WBGene00198363.,0,0,0
WBGene00198364.,0,1,1
WBGene00198365.,0,0,0
WBGene00198366.,0,1,1
WBGene00198367.,0,3,3
WBGene00198368.,0,55,55
WBGene00198369.,0,0,0
WBGene00198370.,0,2,2
WBGene00198371.,0,0,0
WBGene00198372.,0,3,3
WBGene00198373.,0,1,1
WBGene00198374.,0,0,0
WBGene00198375.,0,0,0
WBGene00198376.,0,1,1
WBGene00198377.,0,0,0
WBGene00198378.,0,0,0
WBGene00198379.,0,2,2
WBGene00198380.,0,0,0
WBGene00198381.,0,2,2
WBGene00198382.,0,0,0
WBGene00198383.,0,0,0
WBGene00198384.,0,0,0
WBGene00198385.,0,3,3
WBGene00198386.,0,8,8
WBGene00198387.,0,0,0
WBGene00198388.,0,0,0
WBGene00198389.,0,1,1
WBGene00198390.,0,1,1
WBGene00198391.,0,1,1
WBGene00198392.,0,1,1
WBGene00198393.,0,1,1
WBGene00198394.,0,21,21
WBGene00198395.,0,0,0
WBGene00198396.,0,0,0
WBGene00198397.,0,0,0
WBGene00198398.,0,2,2
WBGene00198399.,0,4,4
WBGene00198400.,0,0,0
WBGene00198401.,0,1,1
WBGene00198402.,0,0,0
WBGene00198403.,0,4,4
WBGene00198404.,0,2,2
WBGene00198405.,0,0,0
WBGene00198406.,0,0,0
WBGene00198407.,0,0,0
WBGene00198408.,0,0,0
WBGene00198409.,0,0,0
WBGene00198410.,0,0,0
WBGene00198411.,0,0,0
WBGene00198412.,0,0,0
WBGene00198413.,0,1,1
WBGene00198414.,0,5,5
WBGene00198415.,0,0,0
WBGene00198416.,0,0,0
WBGene00198417.,0,0,0
WBGene00198418.,0,0,0
WBGene00198419.,0,5,5
WBGene00198420.,0,1,1
WBGene00198421.,0,0,0
WBGene00198422.,0,0,0
WBGene00198423.,0,1,1
WBGene00198424.,0,0,0
WBGene00198425.,0,0,0
WBGene00198426.,0,34,34
WBGene00198427.,0,0,0
WBGene00198428.,0,1,1
WBGene00198429.,0,0,0
WBGene00198430.,0,0,0
WBGene00198431.,0,0,0
WBGene00198432.,0,0,0
WBGene00198433.,0,2,2
WBGene00198434.,0,0,0
WBGene00198435.,0,0,0
WBGene00198436.,0,1,1
WBGene00198437.,0,2,2
WBGene00198438.,0,1,1
WBGene00198439.,0,0,0
WBGene00198440.,0,0,0
WBGene00198441.,0,4,4
WBGene00198442.,0,0,0
WBGene00198443.,0,0,0
WBGene00198444.,0,0,0
WBGene00198445.,0,1,1
WBGene00198446.,0,0,0
WBGene00198447.,0,0,0
WBGene00198448.,0,0,0
WBGene00198449.,0,0,0
WBGene00198450.,0,5,5
WBGene00198451.,0,0,0
WBGene00198452.,0,0,0
WBGene00198453.,0,1,1
WBGene00198454.,0,0,0
WBGene00198455.,0,2,2
WBGene00198456.,0,2,2
WBGene00198457.,0,2,2
WBGene00198458.,0,0,0
WBGene00198459.,0,0,0
WBGene00198460.,0,1,1
WBGene00198461.,0,0,0
WBGene00198462.,0,0,0
WBGene00198463.,0,0,0
WBGene00198464.,0,0,0
WBGene00198465.,0,0,0
WBGene00198466.,0,13,13
WBGene00198467.,0,3,3
WBGene00198468.,0,0,0
WBGene00198469.,0,0,0
WBGene00198470.,0,0,0
WBGene00198471.,0,0,0
WBGene00198472.,0,4,4
WBGene00198473.,0,0,0
WBGene00198474.,0,2,2
WBGene00198475.,0,3,3
WBGene00198476.,0,1,1
WBGene00198477.,0,1,1
WBGene00198478.,0,0,0
WBGene00198479.,0,1,1
WBGene00198480.,0,0,0
WBGene00198481.,0,0,0
WBGene00198482.,0,3,3
WBGene00198483.,0,0,0
WBGene00198484.,0,0,0
WBGene00198485.,0,10,10
WBGene00198486.,0,0,0
WBGene00198487.,0,0,0
WBGene00198488.,0,0,0
WBGene00198489.,0,0,0
WBGene00198490.,0,0,0
WBGene00198491.,0,21,21
WBGene00198492.,0,1,1
WBGene00198493.,0,0,0
WBGene00198494.,0,0,0
WBGene00198495.,0,1,1
WBGene00198496.,0,2,2
WBGene00198497.,0,1,1
WBGene00198498.,0,0,0
WBGene00198499.,0,2,2
WBGene00198500.,0,1,1
WBGene00198501.,0,0,0
WBGene00198502.,0,0,0
WBGene00198503.,0,0,0
WBGene00198504.,0,3,3
WBGene00198505.,0,0,0
WBGene00198506.,0,1,1
WBGene00198507.,0,0,0
WBGene00198508.,0,0,0
WBGene00198509.,0,2,2
WBGene00198510.,0,0,0
WBGene00198511.,0,0,0
WBGene00198512.,0,6,6
WBGene00198513.,0,1,1
WBGene00198514.,0,0,0
WBGene00198515.,0,0,0
WBGene00198516.,0,1,1
WBGene00198517.,0,0,0
WBGene00198518.,0,0,0
WBGene00198519.,0,3,3
WBGene00198520.,0,0,0
WBGene00198521.,0,1,1
WBGene00198522.,0,1,1
WBGene00198523.,0,0,0
WBGene00198524.,0,0,0
WBGene00198525.,0,0,0
WBGene00198526.,0,1,1
WBGene00198527.,0,0,0
WBGene00198528.,0,2,2
WBGene00198529.,0,0,0
WBGene00198530.,0,19,19
WBGene00198531.,0,0,0
WBGene00198532.,0,0,0
WBGene00198533.,0,0,0
WBGene00198534.,0,3,3
WBGene00198535.,0,0,0
WBGene00198536.,0,17,17
WBGene00198537.,0,1,1
WBGene00198538.,0,0,0
WBGene00198539.,0,0,0
WBGene00198540.,0,1,1
WBGene00198541.,0,5,5
WBGene00198542.,0,0,0
WBGene00198543.,0,0,0
WBGene00198544.,0,1,1
WBGene00198545.,0,0,0
WBGene00198546.,0,1,1
WBGene00198547.,0,0,0
WBGene00198548.,0,0,0
WBGene00198549.,0,1,1
WBGene00198550.,0,4,4
WBGene00198551.,0,0,0
WBGene00198552.,0,1,1
WBGene00198553.,0,0,0
WBGene00198554.,0,2,2
WBGene00198555.,0,0,0
WBGene00198556.,0,0,0
WBGene00198557.,0,0,0
WBGene00198558.,0,25,25
WBGene00198559.,0,0,0
WBGene00198560.,0,0,0
WBGene00198561.,0,0,0
WBGene00198562.,0,1,1
WBGene00198563.,0,3,3
WBGene00198564.,0,0,0
WBGene00198565.,0,2,2
WBGene00198566.,0,0,0
WBGene00198567.,0,0,0
WBGene00198568.,0,2,2
WBGene00198569.,0,0,0
WBGene00198570.,0,0,0
WBGene00198571.,0,0,0
WBGene00198572.,0,0,0
WBGene00198573.,0,0,0
WBGene00198574.,0,1,1
WBGene00198575.,0,12,12
WBGene00198576.,0,2,2
WBGene00198577.,0,1,1
WBGene00198578.,0,0,0
WBGene00198579.,0,0,0
WBGene00198580.,0,1,1
WBGene00198581.,0,0,0
WBGene00198582.,0,2,2
WBGene00198583.,0,2,2
WBGene00198584.,0,0,0
WBGene00198585.,0,4,4
WBGene00198586.,0,7,7
WBGene00198587.,0,1,1
WBGene00198588.,0,1,1
WBGene00198589.,0,0,0
WBGene00198590.,0,0,0
WBGene00198591.,0,0,0
WBGene00198592.,0,0,0
WBGene00198593.,0,2,2
WBGene00198594.,0,1,1
WBGene00198595.,0,2,2
WBGene00198596.,0,6,6
WBGene00198597.,0,0,0
WBGene00198598.,0,10,10
WBGene00198599.,0,2,2
WBGene00198600.,0,0,0
WBGene00198601.,0,0,0
WBGene00198602.,0,2,2
WBGene00198603.,0,0,0
WBGene00198604.,0,1,1
WBGene00198605.,0,0,0
WBGene00198606.,0,0,0
WBGene00198607.,0,0,0
WBGene00198608.,0,18,18
WBGene00198609.,0,0,0
WBGene00198610.,0,0,0
WBGene00198611.,0,0,0
WBGene00198612.,0,0,0
WBGene00198613.,0,1,1
WBGene00198614.,0,0,0
WBGene00198615.,0,0,0
WBGene00198616.,0,0,0
WBGene00198617.,0,0,0
WBGene00198618.,0,1,1
WBGene00198619.,0,0,0
WBGene00198620.,0,1,1
WBGene00198621.,0,9,9
WBGene00198622.,0,0,0
WBGene00198623.,0,1,1
WBGene00198624.,0,0,0
WBGene00198625.,0,0,0
WBGene00198626.,0,0,0
WBGene00198627.,0,0,0
WBGene00198628.,0,0,0
WBGene00198629.,0,2,2
WBGene00198630.,0,0,0
WBGene00198631.,0,3,3
WBGene00198632.,0,8,8
WBGene00198633.,0,1,1
WBGene00198634.,0,25,25
WBGene00198635.,0,0,0
WBGene00198636.,0,0,0
WBGene00198637.,0,1,1
WBGene00198638.,0,1,1
WBGene00198639.,0,0,0
WBGene00198640.,0,0,0
WBGene00198641.,0,13,13
WBGene00198642.,0,51,51
WBGene00198643.,0,0,0
WBGene00198644.,0,0,0
WBGene00198645.,0,3,3
WBGene00198646.,0,1,1
WBGene00198647.,0,0,0
WBGene00198648.,0,2,2
WBGene00198649.,0,3,3
WBGene00198650.,0,0,0
WBGene00198651.,0,0,0
WBGene00198652.,0,0,0
WBGene00198653.,0,0,0
WBGene00198654.,0,0,0
WBGene00198655.,0,0,0
WBGene00198656.,0,0,0
WBGene00198657.,0,0,0
WBGene00198658.,0,2,2
WBGene00198659.,0,2,2
WBGene00198660.,0,0,0
WBGene00198661.,0,0,0
WBGene00198662.,0,5,5
WBGene00198663.,0,3,3
WBGene00198664.,0,0,0
WBGene00198665.,0,1,1
WBGene00198666.,0,0,0
WBGene00198667.,0,0,0
WBGene00198668.,0,2,2
WBGene00198669.,0,1,1
WBGene00198670.,0,1,1
WBGene00198671.,0,4,4
WBGene00198672.,0,2,2
WBGene00198673.,0,0,0
WBGene00198674.,0,1,1
WBGene00198675.,0,0,0
WBGene00198676.,0,0,0
WBGene00198677.,0,1,1
WBGene00198678.,0,0,0
WBGene00198679.,0,4,4
WBGene00198680.,0,3,3
WBGene00198681.,0,3,3
WBGene00198682.,0,1,1
WBGene00198683.,0,1,1
WBGene00198684.,0,0,0
WBGene00198685.,0,1,1
WBGene00198686.,0,0,0
WBGene00198687.,0,0,0
WBGene00198688.,0,0,0
WBGene00198689.,0,0,0
WBGene00198690.,0,0,0
WBGene00198691.,0,0,0
WBGene00198692.,0,8,8
WBGene00198693.,0,0,0
WBGene00198694.,0,0,0
WBGene00198695.,0,0,0
WBGene00198696.,0,2,2
WBGene00198697.,0,21,21
WBGene00198698.,0,0,0
WBGene00198699.,0,0,0
WBGene00198700.,0,0,0
WBGene00198701.,0,2,2
WBGene00198702.,0,1,1
WBGene00198703.,0,3,3
WBGene00198704.,0,0,0
WBGene00198705.,0,0,0
WBGene00198706.,0,1,1
WBGene00198707.,0,0,0
WBGene00198708.,0,1,1
WBGene00198709.,0,12,12
WBGene00198710.,0,0,0
WBGene00198711.,0,0,0
WBGene00198712.,0,0,0
WBGene00198713.,0,6,6
WBGene00198714.,0,2,2
WBGene00198715.,0,0,0
WBGene00198716.,0,0,0
WBGene00198717.,0,0,0
WBGene00198718.,0,0,0
WBGene00198719.,0,0,0
WBGene00198720.,0,0,0
WBGene00198721.,0,2,2
WBGene00198722.,0,5,5
WBGene00198723.,0,0,0
WBGene00198724.,0,2,2
WBGene00198725.,0,0,0
WBGene00198726.,0,0,0
WBGene00198727.,0,0,0
WBGene00198728.,0,0,0
WBGene00198729.,0,1,1
WBGene00198730.,0,0,0
WBGene00198731.,0,6,6
WBGene00198732.,0,0,0
WBGene00198733.,0,0,0
WBGene00198734.,0,1,1
WBGene00198735.,0,0,0
WBGene00198736.,0,0,0
WBGene00198737.,0,2,2
WBGene00198738.,0,0,0
WBGene00198739.,0,1,1
WBGene00198740.,0,0,0
WBGene00198741.,0,0,0
WBGene00198742.,0,0,0
WBGene00198743.,0,0,0
WBGene00198744.,0,0,0
WBGene00198745.,0,0,0
WBGene00198746.,0,5,5
WBGene00198747.,0,2,2
WBGene00198748.,0,4,4
WBGene00198749.,0,1,1
WBGene00198750.,0,0,0
WBGene00198751.,0,0,0
WBGene00198752.,0,0,0
WBGene00198753.,0,0,0
WBGene00198754.,0,1,1
WBGene00198755.,0,0,0
WBGene00198756.,0,4,4
WBGene00198757.,0,0,0
WBGene00198758.,0,0,0
WBGene00198759.,0,3,3
WBGene00198760.,0,0,0
WBGene00198761.,0,0,0
WBGene00198762.,0,0,0
WBGene00198763.,0,0,0
WBGene00198764.,0,1,1
WBGene00198765.,0,0,0
WBGene00198766.,0,0,0
WBGene00198767.,0,5,5
WBGene00198768.,0,0,0
WBGene00198769.,0,0,0
WBGene00198770.,0,0,0
WBGene00198771.,0,0,0
WBGene00198772.,0,0,0
WBGene00198773.,0,0,0
WBGene00198774.,0,9,9
WBGene00198775.,0,0,0
WBGene00198776.,0,0,0
WBGene00198777.,0,3,3
WBGene00198778.,0,0,0
WBGene00198779.,0,0,0
WBGene00198780.,0,1,1
WBGene00198781.,0,0,0
WBGene00198782.,0,1,1
WBGene00198783.,0,0,0
WBGene00198784.,0,0,0
WBGene00198785.,0,0,0
WBGene00198786.,0,2,2
WBGene00198787.,0,0,0
WBGene00198788.,0,0,0
WBGene00198789.,0,0,0
WBGene00198790.,0,0,0
WBGene00198791.,0,1,1
WBGene00198792.,0,1,1
WBGene00198793.,0,0,0
WBGene00198794.,0,0,0
WBGene00198795.,0,0,0
WBGene00198796.,0,0,0
WBGene00198797.,0,6,6
WBGene00198798.,0,1,1
WBGene00198799.,0,2,2
WBGene00198800.,0,0,0
WBGene00198801.,0,5,5
WBGene00198802.,0,1,1
WBGene00198803.,0,2,2
WBGene00198804.,0,37,37
WBGene00198805.,0,1,1
WBGene00198806.,0,0,0
WBGene00198807.,0,1,1
WBGene00198808.,0,1,1
WBGene00198809.,0,1,1
WBGene00198810.,0,11,11
WBGene00198811.,0,0,0
WBGene00198812.,0,0,0
WBGene00198813.,0,0,0
WBGene00198814.,0,40789,40789
WBGene00198815.,0,0,0
WBGene00198816.,0,0,0
WBGene00198817.,0,0,0
WBGene00198818.,0,0,0
WBGene00198819.,0,0,0
WBGene00198820.,0,1,1
WBGene00198821.,0,0,0
WBGene00198822.,0,1,1
WBGene00198823.,0,0,0
WBGene00198824.,0,0,0
WBGene00198825.,0,0,0
WBGene00198826.,0,2,2
WBGene00198827.,0,9,9
WBGene00198828.,0,0,0
WBGene00198829.,0,0,0
WBGene00198830.,0,2,2
WBGene00198831.,0,6,6
WBGene00198832.,0,1,1
WBGene00198833.,0,0,0
WBGene00198834.,0,2,2
WBGene00198835.,0,0,0
WBGene00198836.,0,1,1
WBGene00198837.,0,1,1
WBGene00198838.,0,0,0
WBGene00198839.,0,0,0
WBGene00198840.,0,0,0
WBGene00198841.,0,1,1
WBGene00198842.,0,0,0
WBGene00198843.,0,0,0
WBGene00198844.,0,0,0
WBGene00198845.,0,0,0
WBGene00198846.,0,0,0
WBGene00198847.,0,2,2
WBGene00198848.,0,0,0
WBGene00198849.,0,1,1
WBGene00198850.,0,0,0
WBGene00198851.,0,0,0
WBGene00198852.,0,17,17
WBGene00198853.,0,3,3
WBGene00198854.,0,0,0
WBGene00198855.,0,2,2
WBGene00198856.,0,16,16
WBGene00198857.,0,0,0
WBGene00198858.,0,4,4
WBGene00198859.,0,0,0
WBGene00198860.,0,0,0
WBGene00198861.,0,0,0
WBGene00198862.,0,0,0
WBGene00198863.,0,1,1
WBGene00198864.,0,3,3
WBGene00198865.,0,0,0
WBGene00198866.,0,0,0
WBGene00198867.,0,0,0
WBGene00198868.,0,0,0
WBGene00198869.,0,0,0
WBGene00198870.,0,0,0
WBGene00198871.,0,0,0
WBGene00198872.,0,1,1
WBGene00198873.,0,5,5
WBGene00198874.,0,0,0
WBGene00198875.,0,0,0
WBGene00198876.,0,0,0
WBGene00198877.,0,0,0
WBGene00198878.,0,2,2
WBGene00198879.,0,3,3
WBGene00198880.,0,2,2
WBGene00198881.,0,1,1
WBGene00198882.,0,4,4
WBGene00198883.,0,1,1
WBGene00198884.,0,0,0
WBGene00198885.,0,20,20
WBGene00198886.,0,0,0
WBGene00198887.,0,4,4
WBGene00198888.,0,0,0
WBGene00198889.,0,0,0
WBGene00198890.,0,8,8
WBGene00198891.,0,0,0
WBGene00198892.,0,0,0
WBGene00198893.,0,0,0
WBGene00198894.,0,0,0
WBGene00198895.,0,1,1
WBGene00198896.,0,1,1
WBGene00198897.,0,1,1
WBGene00198898.,0,1,1
WBGene00198899.,0,0,0
WBGene00198900.,0,1,1
WBGene00198901.,0,0,0
WBGene00198902.,0,1,1
WBGene00198903.,0,0,0
WBGene00198904.,0,0,0
WBGene00198905.,0,20,20
WBGene00198906.,0,0,0
WBGene00198907.,0,3,3
WBGene00198908.,0,1,1
WBGene00198909.,0,0,0
WBGene00198910.,0,1,1
WBGene00198911.,0,1,1
WBGene00198912.,0,0,0
WBGene00198913.,0,0,0
WBGene00198914.,0,1,1
WBGene00198915.,0,1,1
WBGene00198916.,0,5,5
WBGene00198917.,0,0,0
WBGene00198918.,0,2,2
WBGene00198919.,0,0,0
WBGene00198920.,0,1,1
WBGene00198921.,0,0,0
WBGene00198922.,0,0,0
WBGene00198923.,0,0,0
WBGene00198924.,0,0,0
WBGene00198925.,0,0,0
WBGene00198926.,0,2,2
WBGene00198927.,0,1,1
WBGene00198928.,0,0,0
WBGene00198929.,0,5,5
WBGene00198930.,0,0,0
WBGene00198931.,0,0,0
WBGene00198932.,0,0,0
WBGene00198933.,0,1,1
WBGene00198934.,0,5,5
WBGene00198935.,0,2,2
WBGene00198936.,0,2,2
WBGene00198937.,0,1,1
WBGene00198938.,0,0,0
WBGene00198939.,0,0,0
WBGene00198940.,0,2,2
WBGene00198941.,0,0,0
WBGene00198942.,0,0,0
WBGene00198943.,0,0,0
WBGene00198944.,0,0,0
WBGene00198945.,0,0,0
WBGene00198946.,0,1,1
WBGene00198947.,0,0,0
WBGene00198948.,0,0,0
WBGene00198949.,0,0,0
WBGene00198950.,0,3,3
WBGene00198951.,0,1,1
WBGene00198952.,0,0,0
WBGene00198953.,0,0,0
WBGene00198954.,0,3,3
WBGene00198955.,0,7,7
WBGene00198956.,0,0,0
WBGene00198957.,0,0,0
WBGene00198958.,0,0,0
WBGene00198959.,0,9,9
WBGene00198960.,0,0,0
WBGene00198961.,0,1,1
WBGene00198962.,0,4,4
WBGene00198963.,0,1,1
WBGene00198964.,0,1,1
WBGene00198965.,0,3,3
WBGene00198966.,0,0,0
WBGene00198967.,0,0,0
WBGene00198968.,0,0,0
WBGene00198969.,0,0,0
WBGene00198970.,0,0,0
WBGene00198971.,0,1,1
WBGene00198972.,0,1,1
WBGene00198973.,0,0,0
WBGene00198974.,0,0,0
WBGene00198975.,0,20,20
WBGene00198976.,0,1,1
WBGene00198977.,0,0,0
WBGene00198978.,0,0,0
WBGene00198979.,0,0,0
WBGene00198980.,0,2,2
WBGene00198981.,0,0,0
WBGene00198982.,0,1,1
WBGene00198983.,0,0,0
WBGene00198984.,0,0,0
WBGene00198985.,0,1,1
WBGene00198986.,0,13,13
WBGene00198987.,0,1,1
WBGene00198988.,0,0,0
WBGene00198989.,0,12,12
WBGene00198990.,0,0,0
WBGene00198991.,0,4,4
WBGene00198992.,0,0,0
WBGene00198993.,0,0,0
WBGene00198994.,0,0,0
WBGene00198995.,0,0,0
WBGene00198996.,0,0,0
WBGene00198997.,0,0,0
WBGene00198998.,0,0,0
WBGene00198999.,0,0,0
WBGene00199000.,0,1,1
WBGene00199001.,0,0,0
WBGene00199002.,0,0,0
WBGene00199003.,0,1,1
WBGene00199004.,0,0,0
WBGene00199005.,0,0,0
WBGene00199006.,0,0,0
WBGene00199007.,0,2,2
WBGene00199008.,0,0,0
WBGene00199009.,0,1,1
WBGene00199010.,0,0,0
WBGene00199011.,0,2,2
WBGene00199012.,0,0,0
WBGene00199013.,0,0,0
WBGene00199014.,0,0,0
WBGene00199015.,0,7,7
WBGene00199016.,0,41,41
WBGene00199017.,0,0,0
WBGene00199018.,0,0,0
WBGene00199019.,0,0,0
WBGene00199020.,0,1,1
WBGene00199021.,0,0,0
WBGene00199022.,0,3,3
WBGene00199023.,0,0,0
WBGene00199024.,0,1,1
WBGene00199025.,0,0,0
WBGene00199026.,0,0,0
WBGene00199027.,0,0,0
WBGene00199028.,0,0,0
WBGene00199029.,0,0,0
WBGene00199030.,0,0,0
WBGene00199031.,0,5,5
WBGene00199032.,0,0,0
WBGene00199033.,0,1,1
WBGene00199034.,0,3,3
WBGene00199035.,0,1,1
WBGene00199036.,0,4,4
WBGene00199037.,0,0,0
WBGene00199038.,0,1,1
WBGene00199039.,0,0,0
WBGene00199040.,0,20,20
WBGene00199041.,0,5,5
WBGene00199042.,0,0,0
WBGene00199043.,0,3,3
WBGene00199044.,0,0,0
WBGene00199045.,0,2,2
WBGene00199046.,0,1,1
WBGene00199047.,0,0,0
WBGene00199048.,0,0,0
WBGene00199049.,0,0,0
WBGene00199050.,0,0,0
WBGene00199051.,0,158,158
WBGene00199052.,0,0,0
WBGene00199053.,0,2,2
WBGene00199054.,0,0,0
WBGene00199055.,0,0,0
WBGene00199056.,0,0,0
WBGene00199057.,0,1,1
WBGene00199058.,0,0,0
WBGene00199059.,0,0,0
WBGene00199060.,0,1,1
WBGene00199061.,0,0,0
WBGene00199062.,0,0,0
WBGene00199063.,0,8,8
WBGene00199064.,0,0,0
WBGene00199065.,0,0,0
WBGene00199066.,0,1,1
WBGene00199067.,0,0,0
WBGene00199068.,0,0,0
WBGene00199069.,0,0,0
WBGene00199070.,0,0,0
WBGene00199071.,0,0,0
WBGene00199072.,0,0,0
WBGene00199073.,0,1,1
WBGene00199074.,0,0,0
WBGene00199075.,0,0,0
WBGene00199076.,0,2,2
WBGene00199077.,0,7,7
WBGene00199078.,0,0,0
WBGene00199079.,0,1,1
WBGene00199080.,0,1,1
WBGene00199081.,0,0,0
WBGene00199082.,0,1,1
WBGene00199083.,0,3,3
WBGene00199084.,0,1,1
WBGene00199085.,0,0,0
WBGene00199086.,0,2,2
WBGene00199087.,0,3,3
WBGene00199088.,0,0,0
WBGene00199089.,0,1,1
WBGene00199090.,0,0,0
WBGene00199091.,0,5,5
WBGene00199092.,0,1,1
WBGene00199093.,0,13,13
WBGene00199094.,0,0,0
WBGene00199095.,0,1,1
WBGene00199096.,0,2,2
WBGene00199097.,0,0,0
WBGene00199098.,0,0,0
WBGene00199099.,0,0,0
WBGene00199100.,0,0,0
WBGene00199101.,0,2,2
WBGene00199102.,0,8,8
WBGene00199103.,0,0,0
WBGene00199104.,0,0,0
WBGene00199105.,0,0,0
WBGene00199106.,0,4,4
WBGene00199107.,0,0,0
WBGene00199108.,0,1,1
WBGene00199109.,0,0,0
WBGene00199110.,0,1,1
WBGene00199111.,0,0,0
WBGene00199112.,0,13,13
WBGene00199113.,0,0,0
WBGene00199114.,0,9,9
WBGene00199115.,0,7,7
WBGene00199116.,0,1,1
WBGene00199117.,0,1,1
WBGene00199118.,0,1,1
WBGene00199119.,0,1,1
WBGene00199120.,0,0,0
WBGene00199121.,0,0,0
WBGene00199122.,0,0,0
WBGene00199123.,0,1,1
WBGene00199124.,0,0,0
WBGene00199125.,0,0,0
WBGene00199126.,0,4,4
WBGene00199127.,0,1,1
WBGene00199128.,0,3,3
WBGene00199129.,0,2,2
WBGene00199130.,0,0,0
WBGene00199131.,0,0,0
WBGene00199132.,0,18,18
WBGene00199133.,0,0,0
WBGene00199134.,0,0,0
WBGene00199135.,0,5,5
WBGene00199136.,0,0,0
WBGene00199137.,0,0,0
WBGene00199138.,0,0,0
WBGene00199139.,0,0,0
WBGene00199140.,0,0,0
WBGene00199141.,0,3,3
WBGene00199142.,0,0,0
WBGene00199143.,0,0,0
WBGene00199144.,0,0,0
WBGene00199145.,0,0,0
WBGene00199146.,0,0,0
WBGene00199147.,0,0,0
WBGene00199148.,0,1,1
WBGene00199149.,0,0,0
WBGene00199150.,0,3,3
WBGene00199151.,0,0,0
WBGene00199152.,0,0,0
WBGene00199153.,0,0,0
WBGene00199154.,0,2,2
WBGene00199155.,0,1,1
WBGene00199156.,0,2,2
WBGene00199157.,0,1,1
WBGene00199158.,0,0,0
WBGene00199159.,0,0,0
WBGene00199160.,0,0,0
WBGene00199161.,0,1,1
WBGene00199162.,0,0,0
WBGene00199163.,0,0,0
WBGene00199164.,0,0,0
WBGene00199165.,0,0,0
WBGene00199166.,0,23,23
WBGene00199167.,0,0,0
WBGene00199168.,0,0,0
WBGene00199169.,0,0,0
WBGene00199170.,0,0,0
WBGene00199171.,0,0,0
WBGene00199172.,0,0,0
WBGene00199173.,0,0,0
WBGene00199174.,0,2,2
WBGene00199175.,0,0,0
WBGene00199176.,0,0,0
WBGene00199177.,0,27,27
WBGene00199178.,0,0,0
WBGene00199179.,0,0,0
WBGene00199180.,0,1,1
WBGene00199181.,0,2,2
WBGene00199182.,0,0,0
WBGene00199183.,0,0,0
WBGene00199184.,0,1,1
WBGene00199185.,0,3,3
WBGene00199186.,0,0,0
WBGene00199187.,0,0,0
WBGene00199188.,0,0,0
WBGene00199189.,0,0,0
WBGene00199190.,0,0,0
WBGene00199191.,0,3,3
WBGene00199192.,0,0,0
WBGene00199193.,0,0,0
WBGene00199194.,0,1,1
WBGene00199195.,0,0,0
WBGene00199196.,0,0,0
WBGene00199197.,0,0,0
WBGene00199198.,0,1,1
WBGene00199199.,0,1,1
WBGene00199200.,0,1,1
WBGene00199201.,0,0,0
WBGene00199202.,0,0,0
WBGene00199203.,0,0,0
WBGene00199204.,0,1,1
WBGene00199205.,0,2,2
WBGene00199206.,0,8,8
WBGene00199207.,0,0,0
WBGene00199208.,0,0,0
WBGene00199209.,0,5,5
WBGene00199210.,0,0,0
WBGene00199211.,0,1,1
WBGene00199212.,0,2,2
WBGene00199213.,0,0,0
WBGene00199214.,0,0,0
WBGene00199215.,0,0,0
WBGene00199216.,0,0,0
WBGene00199217.,0,2,2
WBGene00199218.,0,1,1
WBGene00199219.,0,0,0
WBGene00199220.,0,1,1
WBGene00199221.,0,0,0
WBGene00199222.,0,2,2
WBGene00199223.,0,1,1
WBGene00199224.,0,0,0
WBGene00199225.,0,14,14
WBGene00199226.,0,0,0
WBGene00199227.,0,0,0
WBGene00199228.,0,0,0
WBGene00199229.,0,13,13
WBGene00199230.,0,0,0
WBGene00199231.,0,0,0
WBGene00199232.,0,0,0
WBGene00199233.,0,0,0
WBGene00199234.,0,0,0
WBGene00199235.,0,0,0
WBGene00199236.,0,1,1
WBGene00199237.,0,0,0
WBGene00199238.,0,4,4
WBGene00199239.,0,1,1
WBGene00199240.,0,1,1
WBGene00199241.,0,6,6
WBGene00199242.,0,3,3
WBGene00199243.,0,0,0
WBGene00199244.,0,0,0
WBGene00199245.,0,2,2
WBGene00199246.,0,4,4
WBGene00199247.,0,15,15
WBGene00199248.,0,1,1
WBGene00199249.,0,0,0
WBGene00199250.,0,3,3
WBGene00199251.,0,2,2
WBGene00199252.,0,2,2
WBGene00199253.,0,0,0
WBGene00199254.,0,0,0
WBGene00199255.,0,0,0
WBGene00199256.,0,0,0
WBGene00199257.,0,0,0
WBGene00199258.,0,2,2
WBGene00199259.,0,2,2
WBGene00199260.,0,1,1
WBGene00199261.,0,0,0
WBGene00199262.,0,2,2
WBGene00199263.,0,0,0
WBGene00199264.,0,0,0
WBGene00199265.,0,6,6
WBGene00199266.,0,0,0
WBGene00199267.,0,0,0
WBGene00199268.,0,1,1
WBGene00199269.,0,4,4
WBGene00199270.,0,1,1
WBGene00199271.,0,0,0
WBGene00199272.,0,5,5
WBGene00199273.,0,0,0
WBGene00199274.,0,17,17
WBGene00199275.,0,3,3
WBGene00199276.,0,0,0
WBGene00199277.,0,1,1
WBGene00199278.,0,9,9
WBGene00199279.,0,0,0
WBGene00199280.,0,1,1
WBGene00199281.,0,0,0
WBGene00199282.,0,0,0
WBGene00199283.,0,0,0
WBGene00199284.,0,0,0
WBGene00199285.,0,4,4
WBGene00199286.,0,0,0
WBGene00199287.,0,0,0
WBGene00199288.,0,0,0
WBGene00199289.,0,0,0
WBGene00199290.,0,0,0
WBGene00199291.,0,3,3
WBGene00199292.,0,4,4
WBGene00199293.,0,0,0
WBGene00199294.,0,1,1
WBGene00199295.,0,1,1
WBGene00199296.,0,0,0
WBGene00199297.,0,0,0
WBGene00199298.,0,0,0
WBGene00199299.,0,0,0
WBGene00199300.,0,0,0
WBGene00199301.,0,2,2
WBGene00199302.,0,0,0
WBGene00199303.,0,0,0
WBGene00199304.,0,8,8
WBGene00199305.,1,0,1
WBGene00199306.,0,0,0
WBGene00199307.,0,1,1
WBGene00199308.,0,3,3
WBGene00199309.,0,3,3
WBGene00199310.,0,2,2
WBGene00199311.,0,0,0
WBGene00199312.,0,5,5
WBGene00199313.,0,10,10
WBGene00199314.,0,3,3
WBGene00199315.,0,1,1
WBGene00199316.,0,0,0
WBGene00199317.,0,0,0
WBGene00199318.,0,8,8
WBGene00199319.,0,0,0
WBGene00199320.,0,1,1
WBGene00199321.,0,4,4
WBGene00199322.,0,0,0
WBGene00199323.,0,0,0
WBGene00199324.,0,3,3
WBGene00199325.,0,0,0
WBGene00199326.,0,0,0
WBGene00199327.,0,5,5
WBGene00199328.,0,0,0
WBGene00199329.,0,0,0
WBGene00199330.,0,2,2
WBGene00199331.,0,0,0
WBGene00199332.,0,0,0
WBGene00199333.,0,0,0
WBGene00199334.,0,2,2
WBGene00199335.,0,0,0
WBGene00199336.,0,8,8
WBGene00199337.,0,0,0
WBGene00199338.,0,0,0
WBGene00199339.,0,55,55
WBGene00199340.,0,0,0
WBGene00199341.,0,0,0
WBGene00199342.,0,3,3
WBGene00199343.,0,0,0
WBGene00199344.,0,0,0
WBGene00199345.,0,2,2
WBGene00199346.,0,0,0
WBGene00199347.,0,0,0
WBGene00199348.,0,0,0
WBGene00199349.,0,0,0
WBGene00199350.,0,4,4
WBGene00199351.,0,0,0
WBGene00199352.,0,0,0
WBGene00199353.,0,24,24
WBGene00199354.,0,0,0
WBGene00199355.,0,1,1
WBGene00199356.,0,4,4
WBGene00199357.,0,0,0
WBGene00199358.,0,0,0
WBGene00199359.,0,23,23
WBGene00199360.,0,14,14
WBGene00199361.,0,2,2
WBGene00199362.,0,0,0
WBGene00199363.,0,25,25
WBGene00199364.,0,1,1
WBGene00199365.,0,0,0
WBGene00199366.,0,0,0
WBGene00199367.,0,0,0
WBGene00199368.,0,4,4
WBGene00199369.,0,0,0
WBGene00199370.,0,10,10
WBGene00199371.,0,0,0
WBGene00199372.,0,5,5
WBGene00199373.,0,0,0
WBGene00199374.,0,7,7
WBGene00199375.,0,0,0
WBGene00199376.,0,4,4
WBGene00199377.,0,0,0
WBGene00199378.,0,0,0
WBGene00199379.,0,0,0
WBGene00199380.,0,0,0
WBGene00199381.,0,0,0
WBGene00199382.,0,5,5
WBGene00199383.,0,0,0
WBGene00199384.,0,0,0
WBGene00199385.,0,0,0
WBGene00199386.,0,0,0
WBGene00199387.,0,0,0
WBGene00199388.,0,0,0
WBGene00199389.,0,0,0
WBGene00199390.,0,0,0
WBGene00199391.,0,0,0
WBGene00199392.,0,0,0
WBGene00199393.,0,1,1
WBGene00199394.,0,0,0
WBGene00199395.,0,5,5
WBGene00199396.,0,4,4
WBGene00199397.,0,1,1
WBGene00199398.,0,2,2
WBGene00199399.,0,0,0
WBGene00199400.,0,0,0
WBGene00199401.,0,6,6
WBGene00199402.,0,1,1
WBGene00199403.,0,0,0
WBGene00199404.,0,8,8
WBGene00199405.,0,1,1
WBGene00199406.,0,0,0
WBGene00199407.,0,0,0
WBGene00199408.,0,0,0
WBGene00199409.,0,0,0
WBGene00199410.,0,17,17
WBGene00199411.,0,1,1
WBGene00199412.,0,0,0
WBGene00199413.,0,0,0
WBGene00199414.,0,0,0
WBGene00199415.,0,7,7
WBGene00199416.,0,2,2
WBGene00199417.,0,0,0
WBGene00199418.,0,0,0
WBGene00199419.,0,0,0
WBGene00199420.,0,2,2
WBGene00199421.,0,17,17
WBGene00199422.,0,1,1
WBGene00199423.,0,0,0
WBGene00199424.,0,0,0
WBGene00199425.,0,0,0
WBGene00199426.,0,0,0
WBGene00199427.,0,0,0
WBGene00199428.,0,0,0
WBGene00199429.,0,0,0
WBGene00199430.,0,0,0
WBGene00199431.,0,0,0
WBGene00199432.,0,0,0
WBGene00199433.,0,0,0
WBGene00199434.,0,20,20
WBGene00199435.,0,0,0
WBGene00199436.,0,0,0
WBGene00199437.,0,0,0
WBGene00199438.,0,0,0
WBGene00199439.,0,0,0
WBGene00199440.,0,4,4
WBGene00199441.,0,6,6
WBGene00199442.,0,0,0
WBGene00199443.,0,0,0
WBGene00199444.,0,0,0
WBGene00199445.,0,2,2
WBGene00199446.,0,0,0
WBGene00199447.,0,0,0
WBGene00199448.,0,1,1
WBGene00199449.,0,0,0
WBGene00199450.,0,8,8
WBGene00199451.,0,13,13
WBGene00199452.,0,0,0
WBGene00199453.,0,0,0
WBGene00199454.,0,0,0
WBGene00199455.,0,0,0
WBGene00199456.,0,3,3
WBGene00199457.,0,0,0
WBGene00199458.,0,3,3
WBGene00199459.,0,0,0
WBGene00199460.,0,3,3
WBGene00199461.,0,2,2
WBGene00199462.,0,15,15
WBGene00199463.,0,7,7
WBGene00199464.,0,0,0
WBGene00199465.,0,3,3
WBGene00199466.,0,10,10
WBGene00199467.,0,0,0
WBGene00199468.,0,3,3
WBGene00199469.,0,0,0
WBGene00199470.,0,0,0
WBGene00199471.,0,0,0
WBGene00199472.,0,1,1
WBGene00199473.,0,0,0
WBGene00199474.,0,1,1
WBGene00199475.,0,10,10
WBGene00199476.,0,0,0
WBGene00199477.,0,11,11
WBGene00199478.,0,2,2
WBGene00199479.,0,3,3
WBGene00199480.,0,0,0
WBGene00199481.,0,0,0
WBGene00199482.,0,0,0
WBGene00199483.,0,0,0
WBGene00199484.,0,0,0
WBGene00199485.,0,55,55
WBGene00199486.,0,0,0
WBGene00199487.,0,0,0
WBGene00199488.,0,4,4
WBGene00199489.,0,1,1
WBGene00199490.,0,1,1
WBGene00199491.,0,2,2
WBGene00199492.,0,0,0
WBGene00199493.,0,5,5
WBGene00199494.,0,5,5
WBGene00199495.,0,0,0
WBGene00199496.,0,0,0
WBGene00199497.,0,0,0
WBGene00199498.,0,1,1
WBGene00199499.,0,1,1
WBGene00199500.,0,1,1
WBGene00199501.,0,0,0
WBGene00199502.,0,0,0
WBGene00199503.,0,0,0
WBGene00199504.,0,2,2
WBGene00199505.,0,3,3
WBGene00199506.,0,20,20
WBGene00199507.,0,0,0
WBGene00199508.,0,0,0
WBGene00199509.,0,0,0
WBGene00199510.,0,2,2
WBGene00199511.,0,0,0
WBGene00199512.,0,0,0
WBGene00199513.,0,50,50
WBGene00199514.,0,2,2
WBGene00199515.,0,0,0
WBGene00199516.,0,1,1
WBGene00199517.,0,1,1
WBGene00199518.,0,0,0
WBGene00199519.,0,0,0
WBGene00199520.,0,0,0
WBGene00199521.,0,0,0
WBGene00199522.,0,1,1
WBGene00199523.,0,19,19
WBGene00199524.,0,1,1
WBGene00199525.,0,0,0
WBGene00199526.,0,3,3
WBGene00199527.,0,0,0
WBGene00199528.,0,1,1
WBGene00199529.,0,0,0
WBGene00199530.,0,0,0
WBGene00199531.,0,0,0
WBGene00199532.,0,1,1
WBGene00199533.,0,0,0
WBGene00199534.,0,1,1
WBGene00199535.,0,0,0
WBGene00199536.,0,0,0
WBGene00199537.,0,0,0
WBGene00199538.,0,4,4
WBGene00199539.,0,0,0
WBGene00199540.,0,0,0
WBGene00199541.,0,5,5
WBGene00199542.,0,2,2
WBGene00199543.,0,0,0
WBGene00199544.,0,0,0
WBGene00199545.,0,0,0
WBGene00199546.,0,0,0
WBGene00199547.,0,0,0
WBGene00199548.,0,0,0
WBGene00199549.,0,2,2
WBGene00199550.,0,0,0
WBGene00199551.,0,0,0
WBGene00199552.,0,0,0
WBGene00199553.,0,2,2
WBGene00199554.,0,0,0
WBGene00199555.,0,0,0
WBGene00199556.,0,1,1
WBGene00199557.,0,2,2
WBGene00199558.,0,1,1
WBGene00199559.,0,0,0
WBGene00199560.,0,1,1
WBGene00199561.,0,0,0
WBGene00199562.,0,2,2
WBGene00199563.,0,3,3
WBGene00199564.,0,0,0
WBGene00199565.,0,0,0
WBGene00199566.,0,4,4
WBGene00199567.,0,1,1
WBGene00199568.,0,0,0
WBGene00199569.,0,0,0
WBGene00199570.,0,2,2
WBGene00199571.,0,1,1
WBGene00199572.,0,0,0
WBGene00199573.,0,0,0
WBGene00199574.,0,0,0
WBGene00199575.,0,4,4
WBGene00199576.,0,5,5
WBGene00199577.,0,0,0
WBGene00199578.,0,1,1
WBGene00199579.,0,0,0
WBGene00199580.,0,0,0
WBGene00199581.,0,0,0
WBGene00199582.,0,0,0
WBGene00199583.,0,1,1
WBGene00199584.,0,6,6
WBGene00199585.,0,1,1
WBGene00199586.,0,0,0
WBGene00199587.,0,0,0
WBGene00199588.,0,0,0
WBGene00199589.,0,0,0
WBGene00199590.,0,0,0
WBGene00199591.,0,1,1
WBGene00199592.,0,0,0
WBGene00199593.,0,2,2
WBGene00199594.,0,1,1
WBGene00199595.,0,0,0
WBGene00199596.,0,0,0
WBGene00199597.,0,1,1
WBGene00199598.,0,0,0
WBGene00199599.,0,0,0
WBGene00199600.,0,2,2
WBGene00199601.,0,23,23
WBGene00199602.,0,0,0
WBGene00199603.,0,0,0
WBGene00199604.,0,0,0
WBGene00199605.,0,2,2
WBGene00199606.,0,1,1
WBGene00199607.,0,0,0
WBGene00199608.,0,4,4
WBGene00199609.,0,0,0
WBGene00199610.,0,2,2
WBGene00199611.,0,0,0
WBGene00199612.,0,0,0
WBGene00199613.,0,0,0
WBGene00199614.,0,1,1
WBGene00199615.,0,0,0
WBGene00199616.,0,0,0
WBGene00199617.,0,0,0
WBGene00199618.,0,0,0
WBGene00199619.,0,0,0
WBGene00199620.,0,5,5
WBGene00199621.,0,0,0
WBGene00199622.,0,5,5
WBGene00199623.,0,0,0
WBGene00199624.,0,2,2
WBGene00199625.,0,0,0
WBGene00199626.,0,2,2
WBGene00199627.,0,10,10
WBGene00199628.,0,1,1
WBGene00199629.,0,4,4
WBGene00199630.,0,0,0
WBGene00199631.,0,0,0
WBGene00199632.,0,11,11
WBGene00199633.,0,3,3
WBGene00199634.,0,1,1
WBGene00199635.,0,0,0
WBGene00199636.,0,6,6
WBGene00199637.,0,0,0
WBGene00199638.,0,0,0
WBGene00199639.,0,0,0
WBGene00199640.,0,0,0
WBGene00199641.,0,1,1
WBGene00199642.,0,0,0
WBGene00199643.,0,1,1
WBGene00199644.,0,0,0
WBGene00199645.,0,1,1
WBGene00199646.,0,0,0
WBGene00199647.,0,0,0
WBGene00199648.,0,0,0
WBGene00199649.,0,0,0
WBGene00199650.,0,5,5
WBGene00199651.,0,3,3
WBGene00199652.,0,5,5
WBGene00199653.,0,0,0
WBGene00199654.,0,2,2
WBGene00199655.,0,2,2
WBGene00199656.,0,1,1
WBGene00199657.,0,3,3
WBGene00199658.,0,2,2
WBGene00199659.,0,1,1
WBGene00199660.,0,0,0
WBGene00199661.,0,2,2
WBGene00199662.,0,0,0
WBGene00199663.,0,6,6
WBGene00199664.,0,0,0
WBGene00199665.,0,0,0
WBGene00199666.,0,0,0
WBGene00199667.,0,10,10
WBGene00199668.,0,0,0
WBGene00199669.,0,0,0
WBGene00199670.,0,0,0
WBGene00199671.,0,0,0
WBGene00199672.,0,7,7
WBGene00199673.,0,0,0
WBGene00199674.,0,24,24
WBGene00199675.,0,0,0
WBGene00199676.,0,0,0
WBGene00199677.,0,0,0
WBGene00199678.,0,0,0
WBGene00199679.,0,0,0
WBGene00199680.,0,3,3
WBGene00199681.,0,2,2
WBGene00199682.,0,0,0
WBGene00199683.,0,0,0
WBGene00199684.,0,0,0
WBGene00199685.,0,0,0
WBGene00199686.,0,3,3
WBGene00199687.,0,0,0
WBGene00199688.,0,0,0
WBGene00199689.,0,1,1
WBGene00199690.,0,0,0
WBGene00199691.,0,0,0
WBGene00199692.,0,4,4
WBGene00199693.,0,0,0
WBGene00199694.,0,0,0
WBGene00199695.,0,0,0
WBGene00199696.,0,0,0
WBGene00199697.,0,2,2
WBGene00199698.,0,0,0
WBGene00199699.,0,1,1
WBGene00199700.,0,3,3
WBGene00199701.,0,1,1
WBGene00199702.,0,3,3
WBGene00199703.,0,0,0
WBGene00199704.,0,1,1
WBGene00199705.,0,0,0
WBGene00199706.,0,0,0
WBGene00199707.,0,0,0
WBGene00199708.,0,1,1
WBGene00199709.,0,0,0
WBGene00199710.,0,10,10
WBGene00199711.,0,3,3
WBGene00199712.,0,0,0
WBGene00199713.,0,4,4
WBGene00199714.,0,0,0
WBGene00199715.,0,1,1
WBGene00199716.,0,0,0
WBGene00199717.,0,0,0
WBGene00199718.,0,0,0
WBGene00199719.,0,0,0
WBGene00199720.,0,1,1
WBGene00199721.,0,0,0
WBGene00199722.,0,0,0
WBGene00199723.,0,0,0
WBGene00199724.,0,3,3
WBGene00199725.,0,0,0
WBGene00199726.,0,0,0
WBGene00199727.,0,4,4
WBGene00199728.,0,0,0
WBGene00199729.,0,0,0
WBGene00199730.,0,0,0
WBGene00199731.,0,0,0
WBGene00199732.,0,2,2
WBGene00199733.,0,2,2
WBGene00199734.,0,0,0
WBGene00199735.,0,0,0
WBGene00199736.,0,0,0
WBGene00199737.,0,0,0
WBGene00199738.,0,10,10
WBGene00199739.,0,0,0
WBGene00199740.,0,13,13
WBGene00199741.,0,9,9
WBGene00199742.,0,8,8
WBGene00199743.,0,11,11
WBGene00199744.,0,0,0
WBGene00199745.,0,0,0
WBGene00199746.,0,2,2
WBGene00199747.,0,0,0
WBGene00199748.,0,1,1
WBGene00199749.,0,0,0
WBGene00199750.,0,0,0
WBGene00199751.,0,4,4
WBGene00199752.,0,1,1
WBGene00199753.,0,955,955
WBGene00199754.,0,0,0
WBGene00199755.,0,0,0
WBGene00199756.,0,0,0
WBGene00199757.,0,0,0
WBGene00199758.,0,0,0
WBGene00199759.,0,4,4
WBGene00199760.,0,0,0
WBGene00199761.,0,1,1
WBGene00199762.,0,4,4
WBGene00199763.,0,0,0
WBGene00199764.,0,0,0
WBGene00199765.,0,2,2
WBGene00199766.,0,0,0
WBGene00199767.,0,1,1
WBGene00199768.,0,1,1
WBGene00199769.,0,0,0
WBGene00199770.,0,0,0
WBGene00199771.,0,0,0
WBGene00199772.,0,4,4
WBGene00199773.,0,7,7
WBGene00199774.,0,0,0
WBGene00199775.,0,0,0
WBGene00199776.,0,1,1
WBGene00199777.,0,0,0
WBGene00199778.,0,3,3
WBGene00199779.,0,5,5
WBGene00199780.,0,4,4
WBGene00199781.,0,0,0
WBGene00199782.,0,1,1
WBGene00199783.,0,13,13
WBGene00199784.,0,1,1
WBGene00199785.,0,0,0
WBGene00199786.,0,2,2
WBGene00199787.,0,1,1
WBGene00199788.,0,0,0
WBGene00199789.,0,1,1
WBGene00199790.,0,3,3
WBGene00199791.,0,1,1
WBGene00199792.,0,0,0
WBGene00199793.,0,0,0
WBGene00199794.,0,7,7
WBGene00199795.,0,0,0
WBGene00199796.,0,0,0
WBGene00199797.,0,0,0
WBGene00199798.,0,0,0
WBGene00199799.,0,0,0
WBGene00199800.,0,0,0
WBGene00199801.,0,0,0
WBGene00199802.,0,0,0
WBGene00199803.,0,0,0
WBGene00199804.,0,0,0
WBGene00199805.,0,1,1
WBGene00199806.,0,1,1
WBGene00199807.,0,0,0
WBGene00199808.,0,0,0
WBGene00199809.,0,5,5
WBGene00199810.,0,6,6
WBGene00199811.,0,1,1
WBGene00199812.,0,0,0
WBGene00199813.,0,0,0
WBGene00199814.,0,0,0
WBGene00199815.,0,0,0
WBGene00199816.,0,0,0
WBGene00199817.,0,2,2
WBGene00199818.,0,0,0
WBGene00199819.,0,36,36
WBGene00199820.,0,5,5
WBGene00199821.,0,0,0
WBGene00199822.,0,0,0
WBGene00199823.,0,2,2
WBGene00199824.,0,4,4
WBGene00199825.,0,0,0
WBGene00199826.,0,0,0
WBGene00199827.,0,0,0
WBGene00199828.,0,0,0
WBGene00199829.,0,1,1
WBGene00199830.,0,0,0
WBGene00199831.,0,0,0
WBGene00199832.,0,0,0
WBGene00199833.,0,0,0
WBGene00199834.,0,0,0
WBGene00199835.,0,0,0
WBGene00199836.,0,0,0
WBGene00199837.,0,0,0
WBGene00199838.,0,0,0
WBGene00199839.,0,1,1
WBGene00199840.,0,5,5
WBGene00199841.,0,0,0
WBGene00199842.,0,2,2
WBGene00199843.,0,1,1
WBGene00199844.,0,0,0
WBGene00199845.,0,0,0
WBGene00199846.,0,0,0
WBGene00199847.,0,0,0
WBGene00199848.,0,0,0
WBGene00199849.,0,0,0
WBGene00199850.,0,3,3
WBGene00199851.,0,3,3
WBGene00199852.,0,0,0
WBGene00199853.,0,1,1
WBGene00199854.,0,2,2
WBGene00199855.,0,1,1
WBGene00199856.,0,0,0
WBGene00199857.,0,1,1
WBGene00199858.,0,8,8
WBGene00199859.,0,0,0
WBGene00199860.,0,0,0
WBGene00199861.,0,5,5
WBGene00199862.,0,0,0
WBGene00199863.,0,0,0
WBGene00199864.,0,0,0
WBGene00199865.,0,0,0
WBGene00199866.,0,12,12
WBGene00199867.,0,1,1
WBGene00199868.,0,0,0
WBGene00199869.,0,0,0
WBGene00199870.,0,0,0
WBGene00199871.,0,15,15
WBGene00199872.,0,0,0
WBGene00199873.,0,0,0
WBGene00199874.,0,0,0
WBGene00199875.,0,1,1
WBGene00199876.,0,0,0
WBGene00199877.,0,0,0
WBGene00199878.,0,0,0
WBGene00199879.,0,1,1
WBGene00199880.,0,0,0
WBGene00199881.,0,1,1
WBGene00199882.,0,0,0
WBGene00199883.,0,1,1
WBGene00199884.,0,0,0
WBGene00199885.,0,0,0
WBGene00199886.,0,0,0
WBGene00199887.,0,0,0
WBGene00199888.,0,0,0
WBGene00199889.,0,0,0
WBGene00199890.,0,2,2
WBGene00199891.,0,0,0
WBGene00199892.,0,0,0
WBGene00199893.,0,9,9
WBGene00199894.,0,4,4
WBGene00199895.,0,1,1
WBGene00199896.,0,0,0
WBGene00199897.,0,21,21
WBGene00199898.,0,9,9
WBGene00199899.,0,8,8
WBGene00199900.,0,7,7
WBGene00199901.,0,0,0
WBGene00199902.,0,0,0
WBGene00199903.,0,0,0
WBGene00199904.,0,2,2
WBGene00199905.,0,1,1
WBGene00199906.,0,0,0
WBGene00199907.,0,0,0
WBGene00199908.,0,12,12
WBGene00199909.,0,4,4
WBGene00199910.,0,0,0
WBGene00199911.,0,1,1
WBGene00199912.,0,0,0
WBGene00199913.,0,0,0
WBGene00199914.,0,1,1
WBGene00199915.,0,0,0
WBGene00199916.,0,0,0
WBGene00199917.,0,6,6
WBGene00199918.,0,0,0
WBGene00199919.,0,1,1
WBGene00199920.,0,0,0
WBGene00199921.,0,0,0
WBGene00199922.,0,1,1
WBGene00199923.,0,3,3
WBGene00199924.,0,1,1
WBGene00199925.,0,0,0
WBGene00199926.,0,0,0
WBGene00199927.,0,0,0
WBGene00199928.,0,0,0
WBGene00199929.,0,0,0
WBGene00199930.,0,1,1
WBGene00199931.,0,0,0
WBGene00199932.,0,0,0
WBGene00199933.,0,1,1
WBGene00199934.,0,0,0
WBGene00199935.,0,1,1
WBGene00199936.,0,0,0
WBGene00199937.,0,0,0
WBGene00199938.,0,0,0
WBGene00199939.,0,0,0
WBGene00199940.,0,7,7
WBGene00199941.,0,0,0
WBGene00199942.,0,0,0
WBGene00199943.,0,0,0
WBGene00199944.,0,3,3
WBGene00199945.,0,0,0
WBGene00199946.,0,166,166
WBGene00199947.,0,5,5
WBGene00199948.,0,0,0
WBGene00199949.,0,4,4
WBGene00199950.,0,0,0
WBGene00199951.,0,0,0
WBGene00199952.,0,0,0
WBGene00199953.,0,0,0
WBGene00199954.,0,0,0
WBGene00199955.,0,2,2
WBGene00199956.,0,0,0
WBGene00199957.,0,1,1
WBGene00199958.,0,0,0
WBGene00199959.,0,1,1
WBGene00199960.,0,1,1
WBGene00199961.,0,0,0
WBGene00199962.,0,2,2
WBGene00199963.,0,0,0
WBGene00199964.,0,0,0
WBGene00199965.,0,0,0
WBGene00199966.,0,0,0
WBGene00199967.,0,0,0
WBGene00199968.,0,0,0
WBGene00199969.,0,0,0
WBGene00199970.,0,2,2
WBGene00199971.,0,0,0
WBGene00199972.,0,2,2
WBGene00199973.,0,0,0
WBGene00199974.,0,0,0
WBGene00199975.,0,0,0
WBGene00199976.,0,3,3
WBGene00199977.,0,1,1
WBGene00199978.,0,41,41
WBGene00199979.,0,0,0
WBGene00199980.,0,0,0
WBGene00199981.,0,0,0
WBGene00199982.,0,4,4
WBGene00199983.,0,0,0
WBGene00199984.,0,0,0
WBGene00199985.,0,0,0
WBGene00199986.,0,4,4
WBGene00199987.,0,0,0
WBGene00199988.,0,2,2
WBGene00199989.,0,3,3
WBGene00199990.,0,1,1
WBGene00199991.,0,0,0
WBGene00199992.,0,3,3
WBGene00199993.,0,0,0
WBGene00199994.,0,0,0
WBGene00199995.,0,3,3
WBGene00199996.,0,0,0
WBGene00199997.,0,2,2
WBGene00199998.,0,0,0
WBGene00199999.,0,0,0
WBGene00200000.,0,2,2
WBGene00200001.,0,2,2
WBGene00200002.,0,0,0
WBGene00200003.,0,2,2
WBGene00200004.,0,0,0
WBGene00200005.,0,1,1
WBGene00200006.,0,0,0
WBGene00200007.,0,0,0
WBGene00200008.,0,7,7
WBGene00200009.,0,18,18
WBGene00200010.,0,1,1
WBGene00200011.,0,1,1
WBGene00200012.,0,1,1
WBGene00200013.,0,0,0
WBGene00200014.,0,4,4
WBGene00200015.,0,0,0
WBGene00200016.,0,0,0
WBGene00200017.,0,0,0
WBGene00200018.,0,1,1
WBGene00200019.,0,4,4
WBGene00200020.,0,1,1
WBGene00200021.,0,0,0
WBGene00200022.,0,0,0
WBGene00200023.,0,0,0
WBGene00200024.,0,0,0
WBGene00200025.,0,49,49
WBGene00200026.,0,3,3
WBGene00200027.,0,0,0
WBGene00200028.,0,13,13
WBGene00200029.,0,1,1
WBGene00200030.,0,0,0
WBGene00200031.,0,2,2
WBGene00200032.,0,14,14
WBGene00200033.,0,0,0
WBGene00200034.,0,3,3
WBGene00200035.,0,0,0
WBGene00200036.,0,2,2
WBGene00200037.,0,0,0
WBGene00200038.,0,0,0
WBGene00200039.,0,0,0
WBGene00200040.,0,2,2
WBGene00200041.,0,1,1
WBGene00200042.,0,4,4
WBGene00200043.,0,1,1
WBGene00200044.,0,4,4
WBGene00200045.,0,1,1
WBGene00200046.,0,0,0
WBGene00200047.,0,4,4
WBGene00200048.,0,0,0
WBGene00200049.,0,2,2
WBGene00200050.,0,3,3
WBGene00200051.,0,0,0
WBGene00200052.,0,0,0
WBGene00200053.,0,1,1
WBGene00200054.,0,4,4
WBGene00200055.,0,0,0
WBGene00200056.,0,1,1
WBGene00200057.,0,3,3
WBGene00200058.,0,5,5
WBGene00200059.,0,3,3
WBGene00200060.,0,0,0
WBGene00200061.,0,1,1
WBGene00200062.,0,1,1
WBGene00200063.,0,0,0
WBGene00200064.,0,0,0
WBGene00200065.,0,0,0
WBGene00200066.,0,0,0
WBGene00200067.,0,0,0
WBGene00200068.,0,0,0
WBGene00200069.,0,0,0
WBGene00200070.,0,1,1
WBGene00200071.,0,1,1
WBGene00200072.,0,0,0
WBGene00200073.,0,0,0
WBGene00200074.,0,1,1
WBGene00200075.,0,5,5
WBGene00200076.,0,0,0
WBGene00200077.,0,0,0
WBGene00200078.,0,0,0
WBGene00200079.,0,3,3
WBGene00200080.,0,8,8
WBGene00200081.,0,0,0
WBGene00200082.,0,2,2
WBGene00200083.,0,0,0
WBGene00200084.,0,0,0
WBGene00200085.,0,0,0
WBGene00200086.,0,0,0
WBGene00200087.,0,0,0
WBGene00200088.,0,4,4
WBGene00200089.,0,1,1
WBGene00200090.,0,0,0
WBGene00200091.,0,0,0
WBGene00200092.,0,3,3
WBGene00200093.,0,0,0
WBGene00200094.,0,0,0
WBGene00200095.,0,0,0
WBGene00200096.,0,0,0
WBGene00200097.,0,0,0
WBGene00200098.,0,3,3
WBGene00200099.,0,0,0
WBGene00200100.,0,16,16
WBGene00200101.,0,0,0
WBGene00200102.,0,0,0
WBGene00200103.,0,3,3
WBGene00200104.,0,0,0
WBGene00200105.,0,0,0
WBGene00200106.,0,0,0
WBGene00200107.,0,2,2
WBGene00200108.,0,0,0
WBGene00200109.,0,4,4
WBGene00200110.,0,0,0
WBGene00200111.,0,1,1
WBGene00200112.,0,0,0
WBGene00200113.,0,0,0
WBGene00200114.,0,0,0
WBGene00200115.,0,0,0
WBGene00200116.,0,4,4
WBGene00200117.,0,0,0
WBGene00200118.,0,0,0
WBGene00200119.,0,0,0
WBGene00200120.,0,0,0
WBGene00200121.,0,6,6
WBGene00200122.,0,0,0
WBGene00200123.,0,0,0
WBGene00200124.,0,0,0
WBGene00200125.,0,1,1
WBGene00200126.,0,4,4
WBGene00200127.,0,1,1
WBGene00200128.,0,1,1
WBGene00200129.,0,0,0
WBGene00200130.,0,0,0
WBGene00200131.,0,7,7
WBGene00200132.,0,0,0
WBGene00200133.,0,25,25
WBGene00200134.,0,2,2
WBGene00200135.,0,0,0
WBGene00200136.,0,1,1
WBGene00200137.,0,4,4
WBGene00200138.,0,3,3
WBGene00200139.,0,0,0
WBGene00200140.,0,1,1
WBGene00200141.,0,0,0
WBGene00200142.,0,1,1
WBGene00200143.,0,0,0
WBGene00200144.,0,0,0
WBGene00200145.,0,0,0
WBGene00200146.,0,0,0
WBGene00200147.,0,13,13
WBGene00200148.,0,3,3
WBGene00200149.,0,0,0
WBGene00200150.,0,3,3
WBGene00200151.,0,1,1
WBGene00200152.,0,0,0
WBGene00200153.,0,1,1
WBGene00200154.,0,4,4
WBGene00200155.,0,0,0
WBGene00200156.,0,1,1
WBGene00200157.,0,0,0
WBGene00200158.,0,0,0
WBGene00200159.,0,0,0
WBGene00200160.,0,0,0
WBGene00200161.,0,1,1
WBGene00200162.,0,2,2
WBGene00200163.,0,0,0
WBGene00200164.,0,2,2
WBGene00200165.,0,0,0
WBGene00200166.,0,0,0
WBGene00200167.,0,2,2
WBGene00200168.,0,3,3
WBGene00200169.,0,1,1
WBGene00200170.,0,7,7
WBGene00200171.,0,0,0
WBGene00200172.,0,0,0
WBGene00200173.,0,0,0
WBGene00200174.,0,0,0
WBGene00200175.,0,0,0
WBGene00200176.,0,0,0
WBGene00200177.,0,3,3
WBGene00200178.,0,0,0
WBGene00200179.,0,0,0
WBGene00200180.,0,0,0
WBGene00200181.,0,1,1
WBGene00200182.,0,3,3
WBGene00200183.,0,0,0
WBGene00200184.,0,3,3
WBGene00200185.,0,0,0
WBGene00200186.,0,0,0
WBGene00200187.,0,12,12
WBGene00200188.,0,2,2
WBGene00200189.,0,1,1
WBGene00200190.,0,1,1
WBGene00200191.,0,0,0
WBGene00200192.,0,8,8
WBGene00200193.,0,0,0
WBGene00200194.,0,0,0
WBGene00200195.,0,0,0
WBGene00200196.,0,1,1
WBGene00200197.,0,1,1
WBGene00200198.,0,1,1
WBGene00200199.,0,1,1
WBGene00200200.,0,1,1
WBGene00200201.,0,0,0
WBGene00200202.,0,1,1
WBGene00200203.,0,16,16
WBGene00200204.,0,1,1
WBGene00200205.,0,0,0
WBGene00200206.,0,0,0
WBGene00200207.,0,0,0
WBGene00200208.,0,0,0
WBGene00200209.,0,1,1
WBGene00200210.,0,1,1
WBGene00200211.,0,0,0
WBGene00200212.,0,2,2
WBGene00200213.,0,0,0
WBGene00200214.,0,2,2
WBGene00200215.,0,15,15
WBGene00200216.,0,1,1
WBGene00200217.,0,1,1
WBGene00200218.,0,0,0
WBGene00200219.,0,0,0
WBGene00200220.,0,0,0
WBGene00200221.,0,0,0
WBGene00200222.,0,0,0
WBGene00200223.,0,2,2
WBGene00200224.,0,0,0
WBGene00200225.,0,0,0
WBGene00200226.,0,0,0
WBGene00200227.,0,1,1
WBGene00200228.,0,1,1
WBGene00200229.,0,0,0
WBGene00200230.,0,0,0
WBGene00200231.,0,0,0
WBGene00200232.,0,0,0
WBGene00200233.,0,1,1
WBGene00200234.,0,0,0
WBGene00200235.,0,0,0
WBGene00200236.,0,0,0
WBGene00200237.,0,1,1
WBGene00200238.,0,0,0
WBGene00200239.,0,1,1
WBGene00200240.,0,0,0
WBGene00200241.,0,0,0
WBGene00200242.,0,0,0
WBGene00200243.,0,6,6
WBGene00200244.,0,3,3
WBGene00200245.,0,1,1
WBGene00200246.,0,0,0
WBGene00200247.,0,2,2
WBGene00200248.,0,3,3
WBGene00200249.,0,0,0
WBGene00200250.,0,9,9
WBGene00200251.,0,3,3
WBGene00200252.,0,0,0
WBGene00200253.,0,0,0
WBGene00200254.,0,0,0
WBGene00200255.,0,1,1
WBGene00200256.,0,0,0
WBGene00200257.,0,4,4
WBGene00200258.,0,0,0
WBGene00200259.,0,3,3
WBGene00200260.,0,0,0
WBGene00200261.,0,29,29
WBGene00200262.,0,0,0
WBGene00200263.,0,1,1
WBGene00200264.,0,1,1
WBGene00200265.,0,0,0
WBGene00200266.,0,10,10
WBGene00200267.,0,0,0
WBGene00200268.,0,0,0
WBGene00200269.,0,0,0
WBGene00200270.,0,3,3
WBGene00200271.,0,2,2
WBGene00200272.,0,0,0
WBGene00200273.,0,3,3
WBGene00200274.,0,0,0
WBGene00200275.,0,0,0
WBGene00200276.,0,0,0
WBGene00200277.,0,1,1
WBGene00200278.,0,7,7
WBGene00200279.,0,0,0
WBGene00200280.,0,2,2
WBGene00200281.,0,2,2
WBGene00200282.,0,12,12
WBGene00200283.,0,0,0
WBGene00200284.,0,0,0
WBGene00200285.,0,0,0
WBGene00200286.,0,0,0
WBGene00200287.,0,8,8
WBGene00200288.,0,0,0
WBGene00200289.,0,1,1
WBGene00200290.,0,1,1
WBGene00200291.,0,0,0
WBGene00200292.,0,0,0
WBGene00200293.,0,6,6
WBGene00200294.,0,0,0
WBGene00200295.,0,0,0
WBGene00200296.,0,0,0
WBGene00200297.,0,0,0
WBGene00200298.,0,0,0
WBGene00200299.,0,0,0
WBGene00200300.,0,2,2
WBGene00200301.,0,3,3
WBGene00200302.,0,16,16
WBGene00200303.,0,1,1
WBGene00200304.,0,0,0
WBGene00200305.,0,1,1
WBGene00200306.,0,1,1
WBGene00200307.,0,0,0
WBGene00200308.,0,26,26
WBGene00200309.,0,0,0
WBGene00200310.,0,1,1
WBGene00200311.,0,0,0
WBGene00200312.,0,0,0
WBGene00200313.,0,0,0
WBGene00200314.,0,3,3
WBGene00200315.,0,0,0
WBGene00200316.,0,1,1
WBGene00200317.,0,0,0
WBGene00200318.,0,7,7
WBGene00200319.,0,0,0
WBGene00200320.,0,0,0
WBGene00200321.,0,0,0
WBGene00200322.,0,0,0
WBGene00200323.,0,0,0
WBGene00200324.,0,0,0
WBGene00200325.,0,4,4
WBGene00200326.,0,0,0
WBGene00200327.,0,0,0
WBGene00200328.,0,0,0
WBGene00200329.,0,0,0
WBGene00200330.,0,1,1
WBGene00200331.,0,0,0
WBGene00200332.,0,0,0
WBGene00200333.,0,3,3
WBGene00200334.,0,0,0
WBGene00200335.,0,0,0
WBGene00200336.,0,0,0
WBGene00200337.,0,2,2
WBGene00200338.,0,0,0
WBGene00200339.,0,0,0
WBGene00200340.,0,1,1
WBGene00200341.,0,1,1
WBGene00200342.,0,0,0
WBGene00200343.,0,0,0
WBGene00200344.,0,3,3
WBGene00200345.,0,0,0
WBGene00200346.,0,1,1
WBGene00200347.,0,98,98
WBGene00200348.,0,0,0
WBGene00200349.,0,0,0
WBGene00200350.,0,1,1
WBGene00200351.,0,3,3
WBGene00200352.,0,0,0
WBGene00200353.,0,0,0
WBGene00200354.,0,0,0
WBGene00200355.,0,0,0
WBGene00200356.,0,0,0
WBGene00200357.,0,3,3
WBGene00200358.,0,6,6
WBGene00200359.,0,0,0
WBGene00200360.,0,0,0
WBGene00200361.,0,0,0
WBGene00200362.,0,0,0
WBGene00200363.,0,0,0
WBGene00200364.,0,1,1
WBGene00200365.,0,5,5
WBGene00200366.,0,0,0
WBGene00200367.,0,1,1
WBGene00200368.,0,0,0
WBGene00200369.,0,0,0
WBGene00200370.,0,8,8
WBGene00200371.,0,0,0
WBGene00200372.,0,0,0
WBGene00200373.,0,2,2
WBGene00200374.,0,2,2
WBGene00200375.,0,16,16
WBGene00200376.,0,0,0
WBGene00200377.,0,8,8
WBGene00200378.,0,0,0
WBGene00200379.,0,5,5
WBGene00200380.,0,0,0
WBGene00200381.,0,0,0
WBGene00200382.,0,1,1
WBGene00200383.,0,0,0
WBGene00200384.,0,3,3
WBGene00200385.,0,2,2
WBGene00200386.,0,2,2
WBGene00200387.,0,0,0
WBGene00200388.,0,2,2
WBGene00200389.,0,1,1
WBGene00200390.,0,1,1
WBGene00200391.,0,2,2
WBGene00200392.,0,1,1
WBGene00200393.,0,2,2
WBGene00200394.,0,0,0
WBGene00200395.,0,0,0
WBGene00200396.,0,0,0
WBGene00200397.,0,3,3
WBGene00200398.,0,0,0
WBGene00200399.,0,1,1
WBGene00200400.,0,6,6
WBGene00200401.,0,1,1
WBGene00200402.,0,0,0
WBGene00200403.,0,1,1
WBGene00200404.,0,0,0
WBGene00200405.,0,0,0
WBGene00200406.,0,0,0
WBGene00200407.,0,17,17
WBGene00200408.,0,10,10
WBGene00200409.,0,2,2
WBGene00200410.,0,2,2
WBGene00200411.,0,0,0
WBGene00200412.,0,0,0
WBGene00200413.,0,0,0
WBGene00200414.,0,0,0
WBGene00200415.,0,0,0
WBGene00200416.,0,0,0
WBGene00200417.,0,0,0
WBGene00200418.,0,0,0
WBGene00200419.,0,0,0
WBGene00200420.,0,0,0
WBGene00200421.,0,0,0
WBGene00200422.,0,0,0
WBGene00200423.,0,10,10
WBGene00200424.,0,0,0
WBGene00200425.,0,2,2
WBGene00200426.,0,1,1
WBGene00200427.,0,0,0
WBGene00200428.,0,6,6
WBGene00200429.,0,0,0
WBGene00200430.,0,0,0
WBGene00200431.,0,9,9
WBGene00200432.,0,4,4
WBGene00200433.,0,0,0
WBGene00200434.,0,0,0
WBGene00200435.,0,0,0
WBGene00200436.,0,0,0
WBGene00200437.,0,0,0
WBGene00200438.,0,0,0
WBGene00200439.,0,0,0
WBGene00200440.,0,0,0
WBGene00200441.,0,1,1
WBGene00200442.,0,5,5
WBGene00200443.,0,5,5
WBGene00200444.,0,2,2
WBGene00200445.,0,0,0
WBGene00200446.,0,0,0
WBGene00200447.,0,1,1
WBGene00200448.,0,1,1
WBGene00200449.,0,0,0
WBGene00200450.,0,0,0
WBGene00200451.,0,0,0
WBGene00200452.,0,3,3
WBGene00200453.,0,6,6
WBGene00200454.,0,0,0
WBGene00200455.,0,4,4
WBGene00200456.,0,26,26
WBGene00200457.,0,4,4
WBGene00200458.,0,0,0
WBGene00200459.,0,244,244
WBGene00200460.,0,0,0
WBGene00200461.,0,3,3
WBGene00200462.,0,0,0
WBGene00200463.,0,1,1
WBGene00200464.,0,1,1
WBGene00200465.,0,0,0
WBGene00200466.,0,0,0
WBGene00200467.,0,0,0
WBGene00200468.,0,2,2
WBGene00200469.,0,0,0
WBGene00200470.,0,4,4
WBGene00200471.,0,0,0
WBGene00200472.,0,0,0
WBGene00200473.,0,4,4
WBGene00200474.,0,0,0
WBGene00200475.,0,13,13
WBGene00200476.,0,5,5
WBGene00200477.,0,0,0
WBGene00200478.,0,4,4
WBGene00200479.,0,1,1
WBGene00200480.,0,0,0
WBGene00200481.,0,0,0
WBGene00200482.,0,0,0
WBGene00200483.,0,0,0
WBGene00200484.,0,0,0
WBGene00200485.,0,9,9
WBGene00200486.,0,0,0
WBGene00200487.,0,10,10
WBGene00200488.,0,5,5
WBGene00200489.,0,0,0
WBGene00200490.,0,0,0
WBGene00200491.,0,0,0
WBGene00200492.,0,4,4
WBGene00200493.,0,2,2
WBGene00200494.,0,1,1
WBGene00200495.,0,3,3
WBGene00200496.,0,1,1
WBGene00200497.,0,0,0
WBGene00200498.,0,5,5
WBGene00200499.,0,0,0
WBGene00200500.,0,13,13
WBGene00200501.,0,0,0
WBGene00200502.,0,6,6
WBGene00200503.,0,0,0
WBGene00200504.,0,0,0
WBGene00200505.,0,0,0
WBGene00200506.,0,0,0
WBGene00200507.,0,0,0
WBGene00200508.,0,0,0
WBGene00200509.,0,4,4
WBGene00200510.,0,0,0
WBGene00200511.,0,0,0
WBGene00200512.,0,0,0
WBGene00200513.,0,1,1
WBGene00200514.,0,0,0
WBGene00200515.,0,0,0
WBGene00200516.,0,0,0
WBGene00200517.,0,0,0
WBGene00200518.,0,1,1
WBGene00200519.,0,0,0
WBGene00200520.,0,1,1
WBGene00200521.,0,0,0
WBGene00200522.,0,0,0
WBGene00200523.,0,1,1
WBGene00200524.,0,0,0
WBGene00200525.,0,0,0
WBGene00200526.,0,0,0
WBGene00200527.,0,0,0
WBGene00200528.,0,4,4
WBGene00200529.,0,0,0
WBGene00200530.,0,3,3
WBGene00200531.,0,0,0
WBGene00200532.,0,0,0
WBGene00200533.,0,2,2
WBGene00200534.,0,0,0
WBGene00200535.,0,0,0
WBGene00200536.,0,1,1
WBGene00200537.,0,0,0
WBGene00200538.,0,20,20
WBGene00200539.,0,0,0
WBGene00200540.,0,0,0
WBGene00200541.,0,0,0
WBGene00200542.,0,1,1
WBGene00200543.,0,0,0
WBGene00200544.,0,0,0
WBGene00200545.,0,0,0
WBGene00200546.,0,5,5
WBGene00200547.,0,0,0
WBGene00200548.,0,0,0
WBGene00200549.,0,0,0
WBGene00200550.,0,2,2
WBGene00200551.,0,0,0
WBGene00200552.,0,0,0
WBGene00200553.,0,0,0
WBGene00200554.,0,0,0
WBGene00200555.,0,2,2
WBGene00200556.,0,0,0
WBGene00200557.,0,0,0
WBGene00200558.,0,1,1
WBGene00200559.,0,5,5
WBGene00200560.,0,0,0
WBGene00200561.,0,0,0
WBGene00200562.,0,0,0
WBGene00200563.,0,1,1
WBGene00200564.,0,0,0
WBGene00200565.,0,2,2
WBGene00200566.,0,12,12
WBGene00200567.,0,0,0
WBGene00200568.,0,0,0
WBGene00200569.,0,0,0
WBGene00200570.,0,1,1
WBGene00200571.,0,0,0
WBGene00200572.,0,2,2
WBGene00200573.,0,2,2
WBGene00200574.,0,3,3
WBGene00200575.,0,0,0
WBGene00200576.,0,0,0
WBGene00200577.,0,3,3
WBGene00200578.,0,1,1
WBGene00200579.,0,9,9
WBGene00200580.,0,1,1
WBGene00200581.,0,0,0
WBGene00200582.,0,3,3
WBGene00200583.,0,3,3
WBGene00200584.,0,0,0
WBGene00200585.,0,3,3
WBGene00200586.,0,1,1
WBGene00200587.,0,0,0
WBGene00200588.,0,0,0
WBGene00200589.,0,0,0
WBGene00200590.,0,1,1
WBGene00200591.,0,0,0
WBGene00200592.,0,0,0
WBGene00200593.,0,0,0
WBGene00200594.,0,4,4
WBGene00200595.,0,1,1
WBGene00200596.,0,7,7
WBGene00200597.,0,0,0
WBGene00200598.,0,7,7
WBGene00200599.,0,0,0
WBGene00200600.,0,0,0
WBGene00200601.,0,21,21
WBGene00200602.,0,1,1
WBGene00200603.,0,0,0
WBGene00200604.,0,0,0
WBGene00200605.,0,2,2
WBGene00200606.,0,0,0
WBGene00200607.,0,3,3
WBGene00200608.,0,0,0
WBGene00200609.,0,1,1
WBGene00200610.,0,0,0
WBGene00200611.,0,0,0
WBGene00200612.,0,0,0
WBGene00200613.,0,0,0
WBGene00200614.,0,0,0
WBGene00200615.,0,0,0
WBGene00200616.,0,0,0
WBGene00200617.,0,6,6
WBGene00200618.,0,0,0
WBGene00200619.,0,0,0
WBGene00200620.,0,4,4
WBGene00200621.,0,1,1
WBGene00200622.,0,0,0
WBGene00200623.,0,0,0
WBGene00200624.,0,0,0
WBGene00200625.,0,0,0
WBGene00200626.,0,2,2
WBGene00200627.,0,1,1
WBGene00200628.,0,1,1
WBGene00200629.,0,0,0
WBGene00200630.,0,1,1
WBGene00200631.,0,0,0
WBGene00200632.,0,1,1
WBGene00200633.,0,0,0
WBGene00200634.,0,0,0
WBGene00200635.,0,1,1
WBGene00200636.,0,0,0
WBGene00200637.,0,0,0
WBGene00200638.,0,1,1
WBGene00200639.,0,1,1
WBGene00200640.,0,1,1
WBGene00200641.,0,0,0
WBGene00200642.,0,0,0
WBGene00200643.,0,3,3
WBGene00200644.,0,0,0
WBGene00200645.,0,560,560
WBGene00200646.,0,3,3
WBGene00200647.,0,0,0
WBGene00200648.,0,0,0
WBGene00200649.,0,1,1
WBGene00200650.,0,3,3
WBGene00200651.,0,0,0
WBGene00200652.,0,0,0
WBGene00200653.,0,0,0
WBGene00200654.,0,0,0
WBGene00200655.,0,0,0
WBGene00200656.,0,0,0
WBGene00200657.,0,0,0
WBGene00200658.,0,1,1
WBGene00200659.,0,1,1
WBGene00200660.,0,0,0
WBGene00200661.,0,0,0
WBGene00200662.,0,0,0
WBGene00200663.,0,0,0
WBGene00200664.,0,3,3
WBGene00200665.,0,5,5
WBGene00200666.,0,3,3
WBGene00200667.,0,0,0
WBGene00200668.,0,0,0
WBGene00200669.,0,1,1
WBGene00200670.,0,0,0
WBGene00200671.,0,1,1
WBGene00200672.,0,0,0
WBGene00200673.,0,0,0
WBGene00200674.,0,2,2
WBGene00200675.,0,3,3
WBGene00200676.,0,0,0
WBGene00200677.,0,0,0
WBGene00200678.,0,0,0
WBGene00200679.,0,1,1
WBGene00200680.,0,0,0
WBGene00200681.,0,0,0
WBGene00200682.,0,0,0
WBGene00200683.,0,1,1
WBGene00200684.,0,0,0
WBGene00200685.,0,0,0
WBGene00200686.,0,1,1
WBGene00200687.,0,0,0
WBGene00200688.,0,0,0
WBGene00200689.,0,1,1
WBGene00200690.,0,0,0
WBGene00200691.,0,0,0
WBGene00200692.,0,0,0
WBGene00200693.,0,0,0
WBGene00200694.,0,1,1
WBGene00200695.,0,0,0
WBGene00200696.,0,0,0
WBGene00200697.,0,3,3
WBGene00200698.,0,0,0
WBGene00200699.,0,0,0
WBGene00200700.,0,1,1
WBGene00200701.,0,4,4
WBGene00200702.,0,74,74
WBGene00200703.,0,0,0
WBGene00200704.,0,0,0
WBGene00200705.,0,1,1
WBGene00200706.,0,0,0
WBGene00200707.,0,8,8
WBGene00200708.,0,0,0
WBGene00200709.,0,0,0
WBGene00200710.,0,2,2
WBGene00200711.,0,2,2
WBGene00200712.,0,0,0
WBGene00200713.,0,1,1
WBGene00200714.,0,0,0
WBGene00200715.,0,0,0
WBGene00200716.,0,2,2
WBGene00200717.,0,1,1
WBGene00200718.,0,1,1
WBGene00200719.,0,2,2
WBGene00200720.,0,0,0
WBGene00200721.,0,0,0
WBGene00200722.,0,2,2
WBGene00200723.,0,2,2
WBGene00200724.,0,0,0
WBGene00200725.,0,0,0
WBGene00200726.,0,0,0
WBGene00200727.,0,1,1
WBGene00200728.,0,0,0
WBGene00200729.,0,0,0
WBGene00200730.,0,0,0
WBGene00200731.,0,0,0
WBGene00200732.,0,0,0
WBGene00200733.,0,1,1
WBGene00200734.,0,0,0
WBGene00200735.,0,0,0
WBGene00200736.,0,1,1
WBGene00200737.,0,0,0
WBGene00200738.,0,0,0
WBGene00200739.,0,1,1
WBGene00200740.,0,0,0
WBGene00200741.,0,1,1
WBGene00200742.,0,3,3
WBGene00200743.,0,10,10
WBGene00200744.,0,10,10
WBGene00200745.,0,0,0
WBGene00200746.,0,4,4
WBGene00200747.,0,0,0
WBGene00200748.,0,1,1
WBGene00200749.,0,5,5
WBGene00200750.,0,5,5
WBGene00200751.,0,2,2
WBGene00200752.,0,24,24
WBGene00200753.,0,2,2
WBGene00200754.,0,3,3
WBGene00200755.,0,0,0
WBGene00200756.,0,58,58
WBGene00200757.,0,3,3
WBGene00200758.,0,1,1
WBGene00200759.,0,0,0
WBGene00200760.,0,0,0
WBGene00200761.,0,0,0
WBGene00200762.,0,80,80
WBGene00200763.,0,0,0
WBGene00200764.,0,0,0
WBGene00200765.,0,0,0
WBGene00200766.,0,0,0
WBGene00200767.,0,3,3
WBGene00200768.,0,6,6
WBGene00200769.,0,3,3
WBGene00200770.,0,1,1
WBGene00200771.,0,0,0
WBGene00200772.,0,4,4
WBGene00200773.,0,0,0
WBGene00200774.,0,0,0
WBGene00200775.,0,0,0
WBGene00200776.,0,0,0
WBGene00200777.,0,0,0
WBGene00200778.,0,0,0
WBGene00200779.,0,1,1
WBGene00200780.,0,4,4
WBGene00200781.,0,0,0
WBGene00200782.,0,0,0
WBGene00200783.,0,0,0
WBGene00200784.,0,0,0
WBGene00200785.,0,0,0
WBGene00200786.,0,46,46
WBGene00200787.,0,0,0
WBGene00200788.,0,0,0
WBGene00200789.,0,2,2
WBGene00200790.,0,0,0
WBGene00200791.,0,0,0
WBGene00200792.,0,0,0
WBGene00200793.,0,0,0
WBGene00200794.,0,0,0
WBGene00200795.,0,2,2
WBGene00200796.,0,1,1
WBGene00200797.,0,0,0
WBGene00200798.,0,1,1
WBGene00200799.,0,1,1
WBGene00200800.,0,0,0
WBGene00200801.,0,2,2
WBGene00200802.,0,4,4
WBGene00200803.,0,0,0
WBGene00200804.,0,0,0
WBGene00200805.,0,0,0
WBGene00200806.,0,0,0
WBGene00200807.,0,1,1
WBGene00200808.,0,1,1
WBGene00200809.,0,19,19
WBGene00200810.,0,0,0
WBGene00200811.,0,0,0
WBGene00200812.,0,0,0
WBGene00200813.,0,3,3
WBGene00200814.,0,2,2
WBGene00200815.,0,0,0
WBGene00200816.,0,0,0
WBGene00200817.,0,0,0
WBGene00200818.,0,2,2
WBGene00200819.,0,3,3
WBGene00200820.,0,0,0
WBGene00200821.,0,0,0
WBGene00200822.,0,0,0
WBGene00200823.,0,1,1
WBGene00200824.,0,1,1
WBGene00200825.,0,0,0
WBGene00200826.,0,13,13
WBGene00200827.,0,1,1
WBGene00200828.,0,8,8
WBGene00200829.,0,0,0
WBGene00200830.,0,0,0
WBGene00200831.,0,0,0
WBGene00200832.,0,0,0
WBGene00200833.,0,0,0
WBGene00200834.,0,0,0
WBGene00200835.,0,0,0
WBGene00200836.,0,0,0
WBGene00200837.,0,0,0
WBGene00200838.,0,0,0
WBGene00200839.,0,0,0
WBGene00200840.,0,1,1
WBGene00200841.,0,2,2
WBGene00200842.,0,4,4
WBGene00200843.,0,0,0
WBGene00200844.,0,0,0
WBGene00200845.,0,1,1
WBGene00200846.,0,3,3
WBGene00200847.,0,2,2
WBGene00200848.,0,0,0
WBGene00200849.,0,0,0
WBGene00200850.,0,0,0
WBGene00200851.,0,0,0
WBGene00200852.,0,2,2
WBGene00200853.,0,0,0
WBGene00200854.,0,4,4
WBGene00200855.,0,0,0
WBGene00200856.,0,13,13
WBGene00200857.,0,1,1
WBGene00200858.,0,0,0
WBGene00200859.,0,0,0
WBGene00200860.,0,1,1
WBGene00200861.,0,0,0
WBGene00200862.,0,2,2
WBGene00200863.,0,11,11
WBGene00200864.,0,0,0
WBGene00200865.,0,1,1
WBGene00200866.,0,0,0
WBGene00200867.,0,0,0
WBGene00200868.,0,7,7
WBGene00200869.,0,1,1
WBGene00200870.,0,3,3
WBGene00200871.,0,2,2
WBGene00200872.,0,1,1
WBGene00200873.,0,0,0
WBGene00200874.,0,9,9
WBGene00200875.,0,0,0
WBGene00200876.,0,1,1
WBGene00200877.,0,0,0
WBGene00200878.,0,0,0
WBGene00200879.,0,3,3
WBGene00200880.,0,0,0
WBGene00200881.,0,0,0
WBGene00200882.,0,0,0
WBGene00200883.,0,0,0
WBGene00200884.,0,3,3
WBGene00200885.,0,0,0
WBGene00200886.,0,0,0
WBGene00200887.,0,0,0
WBGene00200888.,0,2,2
WBGene00200889.,0,4,4
WBGene00200890.,0,0,0
WBGene00200891.,0,0,0
WBGene00200892.,0,3,3
WBGene00200893.,0,24,24
WBGene00200894.,0,0,0
WBGene00200895.,0,1,1
WBGene00200896.,0,1,1
WBGene00200897.,0,0,0
WBGene00200898.,0,0,0
WBGene00200899.,0,0,0
WBGene00200900.,0,0,0
WBGene00200901.,0,0,0
WBGene00200902.,0,0,0
WBGene00200903.,0,0,0
WBGene00200904.,0,1,1
WBGene00200905.,0,7,7
WBGene00200906.,0,0,0
WBGene00200907.,0,0,0
WBGene00200908.,0,17,17
WBGene00200909.,0,3,3
WBGene00200910.,0,0,0
WBGene00200911.,0,0,0
WBGene00200912.,0,2,2
WBGene00200913.,0,0,0
WBGene00200914.,0,0,0
WBGene00200915.,0,7,7
WBGene00200916.,0,2,2
WBGene00200917.,0,0,0
WBGene00200918.,0,0,0
WBGene00200919.,0,3,3
WBGene00200920.,0,8,8
WBGene00200921.,0,0,0
WBGene00200922.,0,0,0
WBGene00200923.,0,4,4
WBGene00200924.,0,1,1
WBGene00200925.,0,0,0
WBGene00200926.,0,0,0
WBGene00200927.,0,0,0
WBGene00200928.,0,0,0
WBGene00200929.,0,1,1
WBGene00200930.,0,0,0
WBGene00200931.,0,0,0
WBGene00200932.,0,4,4
WBGene00200933.,0,0,0
WBGene00200934.,0,18,18
WBGene00200935.,0,2,2
WBGene00200936.,0,0,0
WBGene00200937.,0,0,0
WBGene00200938.,0,1,1
WBGene00200939.,0,0,0
WBGene00200940.,0,23,23
WBGene00200941.,0,7,7
WBGene00200942.,0,0,0
WBGene00200943.,0,0,0
WBGene00200944.,0,0,0
WBGene00200945.,0,0,0
WBGene00200946.,0,3,3
WBGene00200947.,0,2,2
WBGene00200948.,0,0,0
WBGene00200949.,0,2,2
WBGene00200950.,0,0,0
WBGene00200951.,0,0,0
WBGene00200952.,0,2,2
WBGene00200953.,0,35,35
WBGene00200954.,0,0,0
WBGene00200955.,0,0,0
WBGene00200956.,0,2,2
WBGene00200957.,0,1,1
WBGene00200958.,0,1,1
WBGene00200959.,0,1,1
WBGene00200960.,0,16,16
WBGene00200961.,0,0,0
WBGene00200962.,0,0,0
WBGene00200963.,0,0,0
WBGene00200964.,0,0,0
WBGene00200965.,0,1,1
WBGene00200966.,0,0,0
WBGene00200967.,0,0,0
WBGene00200968.,0,7,7
WBGene00200969.,0,0,0
WBGene00200970.,0,2,2
WBGene00200971.,0,21,21
WBGene00200972.,0,2,2
WBGene00200973.,0,0,0
WBGene00200974.,0,0,0
WBGene00200975.,0,0,0
WBGene00200976.,0,0,0
WBGene00200977.,0,6,6
WBGene00200978.,0,0,0
WBGene00200979.,0,1,1
WBGene00200980.,0,0,0
WBGene00200981.,0,1,1
WBGene00200982.,0,4,4
WBGene00200983.,0,2,2
WBGene00200984.,0,0,0
WBGene00200985.,0,0,0
WBGene00200986.,0,0,0
WBGene00200987.,0,1,1
WBGene00200988.,0,0,0
WBGene00200989.,0,0,0
WBGene00200990.,0,0,0
WBGene00200991.,0,0,0
WBGene00200992.,0,0,0
WBGene00200993.,0,0,0
WBGene00200994.,0,1,1
WBGene00200995.,0,13,13
WBGene00200996.,0,44,44
WBGene00200997.,0,0,0
WBGene00200998.,0,0,0
WBGene00200999.,0,0,0
WBGene00201000.,0,0,0
WBGene00201001.,0,0,0
WBGene00201002.,0,5,5
WBGene00201003.,0,0,0
WBGene00201004.,0,1,1
WBGene00201005.,0,21,21
WBGene00201006.,0,4,4
WBGene00201007.,0,0,0
WBGene00201008.,0,1,1
WBGene00201009.,0,0,0
WBGene00201010.,0,18,18
WBGene00201011.,0,0,0
WBGene00201012.,0,1,1
WBGene00201013.,0,0,0
WBGene00201014.,0,7,7
WBGene00201015.,0,0,0
WBGene00201016.,0,0,0
WBGene00201017.,0,0,0
WBGene00201018.,0,0,0
WBGene00201019.,0,4,4
WBGene00201020.,0,0,0
WBGene00201021.,0,5,5
WBGene00201022.,0,0,0
WBGene00201023.,0,0,0
WBGene00201024.,0,0,0
WBGene00201025.,0,0,0
WBGene00201026.,0,0,0
WBGene00201027.,0,1,1
WBGene00201028.,0,0,0
WBGene00201029.,0,0,0
WBGene00201030.,0,2,2
WBGene00201031.,0,13,13
WBGene00201032.,0,0,0
WBGene00201033.,0,0,0
WBGene00201034.,0,4,4
WBGene00201035.,0,0,0
WBGene00201036.,0,0,0
WBGene00201037.,0,0,0
WBGene00201038.,0,0,0
WBGene00201039.,0,0,0
WBGene00201040.,0,1,1
WBGene00201041.,0,9,9
WBGene00201042.,0,0,0
WBGene00201043.,0,5,5
WBGene00201044.,0,0,0
WBGene00201045.,0,35,35
WBGene00201046.,0,0,0
WBGene00201047.,0,0,0
WBGene00201048.,0,0,0
WBGene00201049.,0,0,0
WBGene00201050.,0,1,1
WBGene00201051.,0,0,0
WBGene00201052.,0,0,0
WBGene00201053.,0,0,0
WBGene00201054.,0,3,3
WBGene00201055.,0,0,0
WBGene00201056.,0,0,0
WBGene00201057.,0,10,10
WBGene00201058.,0,3,3
WBGene00201059.,0,0,0
WBGene00201060.,0,0,0
WBGene00201061.,0,0,0
WBGene00201062.,0,0,0
WBGene00201063.,0,0,0
WBGene00201064.,0,0,0
WBGene00201065.,0,0,0
WBGene00201066.,0,0,0
WBGene00201067.,0,0,0
WBGene00201068.,0,0,0
WBGene00201069.,0,0,0
WBGene00201070.,0,0,0
WBGene00201071.,0,0,0
WBGene00201072.,0,0,0
WBGene00201073.,0,0,0
WBGene00201074.,0,1,1
WBGene00201075.,0,81,81
WBGene00201076.,0,6,6
WBGene00201077.,0,2,2
WBGene00201078.,0,5,5
WBGene00201079.,0,0,0
WBGene00201080.,0,4,4
WBGene00201081.,0,1,1
WBGene00201082.,0,12,12
WBGene00201083.,0,1,1
WBGene00201084.,0,3,3
WBGene00201085.,0,0,0
WBGene00201086.,0,0,0
WBGene00201087.,0,3,3
WBGene00201088.,0,3,3
WBGene00201089.,0,0,0
WBGene00201090.,0,2,2
WBGene00201091.,0,0,0
WBGene00201092.,0,0,0
WBGene00201093.,0,0,0
WBGene00201094.,0,1,1
WBGene00201095.,0,5,5
WBGene00201096.,0,0,0
WBGene00201097.,0,0,0
WBGene00201098.,0,3,3
WBGene00201099.,0,0,0
WBGene00201100.,0,2,2
WBGene00201101.,0,0,0
WBGene00201102.,0,0,0
WBGene00201103.,0,0,0
WBGene00201104.,0,0,0
WBGene00201105.,0,0,0
WBGene00201106.,0,0,0
WBGene00201107.,0,1,1
WBGene00201108.,0,0,0
WBGene00201109.,0,2,2
WBGene00201110.,0,1,1
WBGene00201111.,0,3,3
WBGene00201112.,0,1,1
WBGene00201113.,0,0,0
WBGene00201114.,0,0,0
WBGene00201115.,0,0,0
WBGene00201116.,0,0,0
WBGene00201117.,0,2,2
WBGene00201118.,0,2,2
WBGene00201119.,0,0,0
WBGene00201120.,0,2,2
WBGene00201121.,0,2,2
WBGene00201122.,0,0,0
WBGene00201123.,0,0,0
WBGene00201124.,0,1,1
WBGene00201125.,0,1,1
WBGene00201126.,0,1,1
WBGene00201127.,0,0,0
WBGene00201128.,0,1,1
WBGene00201129.,0,14,14
WBGene00201130.,0,1,1
WBGene00201131.,0,2,2
WBGene00201132.,0,1,1
WBGene00201133.,0,5,5
WBGene00201134.,0,0,0
WBGene00201135.,0,0,0
WBGene00201136.,0,1,1
WBGene00201137.,0,0,0
WBGene00201138.,0,0,0
WBGene00201139.,0,0,0
WBGene00201140.,0,0,0
WBGene00201141.,0,0,0
WBGene00201142.,0,0,0
WBGene00201143.,0,0,0
WBGene00201145.,0,0,0
WBGene00201146.,0,2,2
WBGene00201147.,0,0,0
WBGene00201148.,0,0,0
WBGene00201149.,0,4,4
WBGene00201150.,0,1,1
WBGene00201151.,0,1,1
WBGene00201152.,0,0,0
WBGene00201153.,0,1,1
WBGene00201154.,0,0,0
WBGene00201155.,0,0,0
WBGene00201156.,0,1,1
WBGene00201157.,0,0,0
WBGene00201158.,0,1,1
WBGene00201159.,0,1,1
WBGene00201160.,0,0,0
WBGene00201161.,0,1,1
WBGene00201162.,0,0,0
WBGene00201163.,0,0,0
WBGene00201164.,0,0,0
WBGene00201165.,0,1,1
WBGene00201166.,0,0,0
WBGene00201167.,0,1,1
WBGene00201168.,0,3,3
WBGene00201169.,0,0,0
WBGene00201170.,0,0,0
WBGene00201171.,0,3,3
WBGene00201172.,0,0,0
WBGene00201173.,0,0,0
WBGene00201174.,0,0,0
WBGene00201175.,0,2,2
WBGene00201176.,0,0,0
WBGene00201177.,0,1,1
WBGene00201178.,0,0,0
WBGene00201179.,0,1,1
WBGene00201180.,0,0,0
WBGene00201181.,0,62,62
WBGene00201182.,0,2,2
WBGene00201183.,0,0,0
WBGene00201184.,0,0,0
WBGene00201185.,0,10,10
WBGene00201186.,0,0,0
WBGene00201187.,0,0,0
WBGene00201188.,0,12,12
WBGene00201189.,0,1,1
WBGene00201190.,0,0,0
WBGene00201191.,0,0,0
WBGene00201192.,0,0,0
WBGene00201193.,0,0,0
WBGene00201194.,0,0,0
WBGene00201195.,0,0,0
WBGene00201196.,0,1,1
WBGene00201197.,0,0,0
WBGene00201198.,0,20,20
WBGene00201199.,0,0,0
WBGene00201200.,0,0,0
WBGene00201201.,0,3,3
WBGene00201202.,0,0,0
WBGene00201203.,0,0,0
WBGene00201204.,0,2,2
WBGene00201205.,0,2,2
WBGene00201206.,0,0,0
WBGene00201207.,0,8,8
WBGene00201208.,0,0,0
WBGene00201209.,0,0,0
WBGene00201210.,0,1,1
WBGene00201211.,0,0,0
WBGene00201212.,0,7,7
WBGene00201213.,0,0,0
WBGene00201214.,0,0,0
WBGene00201215.,0,1,1
WBGene00201216.,0,0,0
WBGene00201217.,0,0,0
WBGene00201218.,0,6,6
WBGene00201219.,0,47,47
WBGene00201220.,0,2,2
WBGene00201221.,0,2,2
WBGene00201222.,0,0,0
WBGene00201223.,0,1,1
WBGene00201224.,0,0,0
WBGene00201225.,0,0,0
WBGene00201226.,0,0,0
WBGene00201227.,0,0,0
WBGene00201228.,0,1,1
WBGene00201229.,0,4,4
WBGene00201230.,0,0,0
WBGene00201231.,0,0,0
WBGene00201232.,0,0,0
WBGene00201233.,0,0,0
WBGene00201234.,0,0,0
WBGene00201235.,0,0,0
WBGene00201236.,0,0,0
WBGene00201237.,0,2,2
WBGene00201238.,0,0,0
WBGene00201239.,0,4,4
WBGene00201240.,0,0,0
WBGene00201241.,0,0,0
WBGene00201242.,0,1,1
WBGene00201243.,0,0,0
WBGene00201244.,0,0,0
WBGene00201245.,0,0,0
WBGene00201246.,0,0,0
WBGene00201247.,0,0,0
WBGene00201248.,0,0,0
WBGene00201249.,0,1,1
WBGene00201250.,0,0,0
WBGene00201251.,0,1,1
WBGene00201252.,0,1,1
WBGene00201253.,0,3,3
WBGene00201254.,0,1,1
WBGene00201255.,0,1,1
WBGene00201256.,0,3,3
WBGene00201257.,0,2,2
WBGene00201258.,0,5,5
WBGene00201259.,0,0,0
WBGene00201260.,0,0,0
WBGene00201261.,0,0,0
WBGene00201262.,0,1,1
WBGene00201263.,0,4,4
WBGene00201264.,0,0,0
WBGene00201265.,0,0,0
WBGene00201266.,0,0,0
WBGene00201267.,0,2,2
WBGene00201268.,0,0,0
WBGene00201269.,0,0,0
WBGene00201270.,0,3,3
WBGene00201271.,0,0,0
WBGene00201272.,0,0,0
WBGene00201273.,0,48,48
WBGene00201274.,0,0,0
WBGene00201275.,0,0,0
WBGene00201276.,0,0,0
WBGene00201277.,0,0,0
WBGene00201278.,0,0,0
WBGene00201279.,0,0,0
WBGene00201280.,0,1,1
WBGene00201281.,0,0,0
WBGene00201282.,0,0,0
WBGene00201283.,0,0,0
WBGene00201284.,0,1,1
WBGene00201285.,0,2,2
WBGene00201286.,0,5,5
WBGene00201287.,0,1,1
WBGene00201288.,0,0,0
WBGene00201289.,0,3,3
WBGene00201290.,0,3,3
WBGene00201291.,0,8,8
WBGene00201292.,0,0,0
WBGene00201293.,0,1,1
WBGene00201294.,0,0,0
WBGene00201295.,0,0,0
WBGene00201296.,0,3,3
WBGene00201297.,0,0,0
WBGene00201298.,0,0,0
WBGene00201299.,0,6,6
WBGene00201300.,0,0,0
WBGene00201301.,0,5,5
WBGene00201302.,0,1,1
WBGene00201303.,0,14,14
WBGene00201304.,0,0,0
WBGene00201305.,0,0,0
WBGene00201306.,0,0,0
WBGene00201307.,0,2,2
WBGene00201308.,0,2,2
WBGene00201309.,0,0,0
WBGene00201310.,0,2,2
WBGene00201311.,0,0,0
WBGene00201312.,0,0,0
WBGene00201313.,0,0,0
WBGene00201314.,0,0,0
WBGene00201315.,0,2,2
WBGene00201316.,0,0,0
WBGene00201317.,0,1,1
WBGene00201318.,0,0,0
WBGene00201319.,0,3,3
WBGene00201320.,0,1,1
WBGene00201321.,0,0,0
WBGene00201322.,0,10,10
WBGene00201323.,0,1,1
WBGene00201324.,0,0,0
WBGene00201325.,0,0,0
WBGene00201326.,0,1,1
WBGene00201327.,0,9,9
WBGene00201328.,0,0,0
WBGene00201329.,0,0,0
WBGene00201330.,0,0,0
WBGene00201331.,0,6,6
WBGene00201332.,0,0,0
WBGene00201333.,0,0,0
WBGene00201334.,0,1,1
WBGene00201335.,0,0,0
WBGene00201336.,0,1,1
WBGene00201337.,0,0,0
WBGene00201338.,0,0,0
WBGene00201339.,0,0,0
WBGene00201340.,0,0,0
WBGene00201341.,0,0,0
WBGene00201342.,0,1,1
WBGene00201343.,0,0,0
WBGene00201344.,0,3,3
WBGene00201345.,0,0,0
WBGene00201346.,0,0,0
WBGene00201347.,0,1,1
WBGene00201348.,0,0,0
WBGene00201349.,0,2,2
WBGene00201350.,0,0,0
WBGene00201351.,0,1,1
WBGene00201352.,0,2,2
WBGene00201353.,0,0,0
WBGene00201354.,0,3,3
WBGene00201355.,0,0,0
WBGene00201356.,0,0,0
WBGene00201357.,0,0,0
WBGene00201358.,0,1,1
WBGene00201359.,0,0,0
WBGene00201360.,0,1,1
WBGene00201361.,0,0,0
WBGene00201362.,0,0,0
WBGene00201363.,0,0,0
WBGene00201364.,0,0,0
WBGene00201365.,0,1,1
WBGene00201366.,0,0,0
WBGene00201367.,0,0,0
WBGene00201368.,0,0,0
WBGene00201369.,0,0,0
WBGene00201370.,0,16,16
WBGene00201371.,0,0,0
WBGene00201372.,0,50,50
WBGene00201373.,0,0,0
WBGene00201374.,0,8,8
WBGene00201375.,0,0,0
WBGene00201376.,0,0,0
WBGene00201377.,0,0,0
WBGene00201378.,0,4,4
WBGene00201379.,0,0,0
WBGene00201380.,0,1,1
WBGene00201381.,0,0,0
WBGene00201382.,0,0,0
WBGene00201383.,0,0,0
WBGene00201384.,0,0,0
WBGene00201385.,0,1,1
WBGene00201386.,0,2,2
WBGene00201387.,0,0,0
WBGene00201388.,0,0,0
WBGene00201389.,0,0,0
WBGene00201390.,0,10,10
WBGene00201391.,0,0,0
WBGene00201392.,0,0,0
WBGene00201393.,0,1,1
WBGene00201394.,0,1,1
WBGene00201395.,0,0,0
WBGene00201396.,0,0,0
WBGene00201397.,0,0,0
WBGene00201398.,0,0,0
WBGene00201399.,0,4,4
WBGene00201400.,0,0,0
WBGene00201401.,0,0,0
WBGene00201402.,0,0,0
WBGene00201403.,0,1,1
WBGene00201404.,0,1,1
WBGene00201405.,0,0,0
WBGene00201406.,0,1,1
WBGene00201407.,0,3,3
WBGene00201408.,0,0,0
WBGene00201409.,0,0,0
WBGene00201410.,0,2,2
WBGene00201411.,0,0,0
WBGene00201412.,0,0,0
WBGene00201413.,0,0,0
WBGene00201414.,0,0,0
WBGene00201415.,0,0,0
WBGene00201416.,0,0,0
WBGene00201417.,0,0,0
WBGene00201418.,0,0,0
WBGene00201419.,0,7,7
WBGene00201420.,0,0,0
WBGene00201421.,0,0,0
WBGene00201422.,0,2,2
WBGene00201423.,0,4,4
WBGene00201424.,0,0,0
WBGene00201425.,0,0,0
WBGene00201426.,0,1,1
WBGene00201427.,0,0,0
WBGene00201428.,0,0,0
WBGene00201429.,0,0,0
WBGene00201430.,0,1,1
WBGene00201431.,0,0,0
WBGene00201432.,0,0,0
WBGene00201433.,0,0,0
WBGene00201434.,0,0,0
WBGene00201435.,0,3,3
WBGene00201436.,0,0,0
WBGene00201437.,0,2,2
WBGene00201438.,0,1,1
WBGene00201439.,0,0,0
WBGene00201440.,0,0,0
WBGene00201441.,0,1,1
WBGene00201442.,0,2,2
WBGene00201443.,0,0,0
WBGene00201444.,0,0,0
WBGene00201445.,0,0,0
WBGene00201446.,0,1,1
WBGene00201447.,0,39,39
WBGene00201448.,0,0,0
WBGene00201449.,0,0,0
WBGene00201450.,0,0,0
WBGene00201451.,0,0,0
WBGene00201452.,0,1,1
WBGene00201453.,0,0,0
WBGene00201454.,0,0,0
WBGene00201455.,0,0,0
WBGene00201456.,0,1,1
WBGene00201457.,0,0,0
WBGene00201458.,0,394,394
WBGene00201459.,0,0,0
WBGene00201460.,0,0,0
WBGene00201461.,0,0,0
WBGene00201462.,0,0,0
WBGene00201463.,0,0,0
WBGene00201464.,0,0,0
WBGene00201465.,0,1,1
WBGene00201466.,0,4,4
WBGene00201467.,0,0,0
WBGene00201468.,0,2,2
WBGene00201469.,0,0,0
WBGene00201470.,0,5,5
WBGene00201471.,0,0,0
WBGene00201472.,0,0,0
WBGene00201473.,0,15,15
WBGene00201474.,0,1,1
WBGene00201475.,0,1,1
WBGene00201476.,0,0,0
WBGene00201477.,0,0,0
WBGene00201478.,0,0,0
WBGene00201479.,0,2,2
WBGene00201480.,0,3,3
WBGene00201481.,0,0,0
WBGene00201482.,0,0,0
WBGene00201483.,0,1,1
WBGene00201484.,0,0,0
WBGene00201485.,0,0,0
WBGene00201486.,0,0,0
WBGene00201487.,0,5,5
WBGene00201488.,0,0,0
WBGene00201489.,0,3,3
WBGene00201490.,0,0,0
WBGene00201491.,0,0,0
WBGene00201492.,0,6,6
WBGene00201493.,0,1,1
WBGene00201494.,0,1,1
WBGene00201495.,0,0,0
WBGene00201496.,0,2,2
WBGene00201497.,0,1,1
WBGene00201498.,0,1,1
WBGene00201499.,0,4,4
WBGene00201500.,0,1,1
WBGene00201501.,0,10,10
WBGene00201502.,0,0,0
WBGene00201503.,0,0,0
WBGene00201504.,0,0,0
WBGene00201505.,0,0,0
WBGene00201506.,0,0,0
WBGene00201507.,0,0,0
WBGene00201508.,0,0,0
WBGene00201509.,0,0,0
WBGene00201510.,0,1,1
WBGene00201511.,0,0,0
WBGene00201512.,0,1,1
WBGene00201513.,0,4,4
WBGene00201514.,0,3,3
WBGene00201515.,0,0,0
WBGene00201516.,0,0,0
WBGene00201517.,0,0,0
WBGene00201518.,0,0,0
WBGene00201519.,0,1,1
WBGene00201520.,0,0,0
WBGene00201521.,0,3,3
WBGene00201522.,0,2,2
WBGene00201523.,0,1,1
WBGene00201524.,0,1,1
WBGene00201525.,0,0,0
WBGene00201526.,0,0,0
WBGene00201527.,0,0,0
WBGene00201528.,0,0,0
WBGene00201529.,0,0,0
WBGene00201530.,0,5,5
WBGene00201531.,0,0,0
WBGene00201532.,0,3,3
WBGene00201533.,0,0,0
WBGene00201534.,0,2,2
WBGene00201535.,0,3,3
WBGene00201536.,0,0,0
WBGene00201537.,0,0,0
WBGene00201538.,0,3,3
WBGene00201539.,0,0,0
WBGene00201540.,0,6,6
WBGene00201541.,0,2,2
WBGene00201542.,0,0,0
WBGene00201543.,0,1,1
WBGene00201544.,0,0,0
WBGene00201545.,0,0,0
WBGene00201546.,0,0,0
WBGene00201547.,0,3,3
WBGene00201548.,0,0,0
WBGene00201549.,0,0,0
WBGene00201550.,0,7,7
WBGene00201551.,0,0,0
WBGene00201552.,0,1,1
WBGene00201553.,0,0,0
WBGene00201554.,0,0,0
WBGene00201555.,0,0,0
WBGene00201556.,0,3,3
WBGene00201557.,0,1,1
WBGene00201558.,0,0,0
WBGene00201559.,0,0,0
WBGene00201560.,0,1,1
WBGene00201561.,0,7,7
WBGene00201562.,0,0,0
WBGene00201563.,0,1,1
WBGene00201564.,0,1,1
WBGene00201565.,0,4,4
WBGene00201566.,0,1,1
WBGene00201567.,0,2,2
WBGene00201568.,0,0,0
WBGene00201569.,0,2,2
WBGene00201570.,0,3,3
WBGene00201571.,0,0,0
WBGene00201572.,0,0,0
WBGene00201573.,0,1,1
WBGene00201574.,0,0,0
WBGene00201575.,0,1,1
WBGene00201576.,0,9,9
WBGene00201577.,0,0,0
WBGene00201578.,0,2,2
WBGene00201579.,0,0,0
WBGene00201580.,0,0,0
WBGene00201581.,0,0,0
WBGene00201582.,0,2,2
WBGene00201583.,0,0,0
WBGene00201584.,0,0,0
WBGene00201585.,0,0,0
WBGene00201586.,0,4,4
WBGene00201587.,0,0,0
WBGene00201588.,0,0,0
WBGene00201589.,0,0,0
WBGene00201590.,0,0,0
WBGene00201591.,0,0,0
WBGene00201592.,0,1,1
WBGene00201593.,0,2,2
WBGene00201594.,0,0,0
WBGene00201595.,0,0,0
WBGene00201596.,0,2,2
WBGene00201597.,0,0,0
WBGene00201598.,0,2,2
WBGene00201599.,0,7,7
WBGene00201600.,0,0,0
WBGene00201601.,0,1,1
WBGene00201602.,0,12,12
WBGene00201603.,0,9,9
WBGene00201604.,0,0,0
WBGene00201605.,0,0,0
WBGene00201606.,0,3,3
WBGene00201607.,0,0,0
WBGene00201608.,0,0,0
WBGene00201609.,0,2,2
WBGene00201610.,0,5,5
WBGene00201611.,0,2,2
WBGene00201612.,0,0,0
WBGene00201613.,0,0,0
WBGene00201614.,0,2,2
WBGene00201615.,0,0,0
WBGene00201616.,0,0,0
WBGene00201617.,0,0,0
WBGene00201618.,0,0,0
WBGene00201619.,0,0,0
WBGene00201620.,0,1,1
WBGene00201621.,0,3,3
WBGene00201622.,0,2,2
WBGene00201623.,0,3,3
WBGene00201624.,0,3,3
WBGene00201625.,0,8,8
WBGene00201626.,0,14,14
WBGene00201627.,0,0,0
WBGene00201628.,0,0,0
WBGene00201629.,0,0,0
WBGene00201630.,0,0,0
WBGene00201631.,0,0,0
WBGene00201632.,0,2,2
WBGene00201633.,0,25,25
WBGene00201634.,0,2,2
WBGene00201636.,0,0,0
WBGene00201637.,0,0,0
WBGene00201638.,0,0,0
WBGene00201639.,0,0,0
WBGene00201640.,0,0,0
WBGene00201641.,0,0,0
WBGene00201642.,0,32,32
WBGene00201643.,0,3,3
WBGene00201644.,0,12,12
WBGene00201645.,0,3,3
WBGene00201646.,0,1,1
WBGene00201647.,0,0,0
WBGene00201648.,0,1,1
WBGene00201649.,0,5,5
WBGene00201650.,0,27,27
WBGene00201651.,0,12,12
WBGene00201652.,0,2,2
WBGene00201653.,0,2,2
WBGene00201654.,0,5,5
WBGene00201655.,0,1,1
WBGene00201656.,0,0,0
WBGene00201657.,0,1,1
WBGene00201658.,0,1,1
WBGene00201659.,0,0,0
WBGene00201660.,0,9,9
WBGene00201661.,0,0,0
WBGene00201662.,0,0,0
WBGene00201663.,0,0,0
WBGene00201664.,0,1,1
WBGene00201665.,0,1,1
WBGene00201666.,0,1,1
WBGene00201667.,0,1,1
WBGene00201668.,0,0,0
WBGene00201669.,0,0,0
WBGene00201670.,0,5,5
WBGene00201671.,0,0,0
WBGene00201672.,0,0,0
WBGene00201673.,0,1,1
WBGene00201674.,0,1,1
WBGene00201675.,0,1,1
WBGene00201676.,0,2,2
WBGene00201677.,0,3,3
WBGene00201678.,0,0,0
WBGene00201679.,0,1,1
WBGene00201680.,0,0,0
WBGene00201681.,0,0,0
WBGene00201682.,0,0,0
WBGene00201683.,0,1,1
WBGene00201684.,0,0,0
WBGene00201685.,0,3,3
WBGene00201686.,0,0,0
WBGene00201687.,0,0,0
WBGene00201688.,0,0,0
WBGene00201689.,0,3,3
WBGene00201690.,0,3,3
WBGene00201691.,0,0,0
WBGene00201692.,0,1,1
WBGene00201693.,0,0,0
WBGene00201694.,0,5,5
WBGene00201695.,0,0,0
WBGene00201696.,0,0,0
WBGene00201697.,0,0,0
WBGene00201698.,0,2,2
WBGene00201699.,0,1,1
WBGene00201700.,0,0,0
WBGene00201701.,0,1,1
WBGene00201702.,0,4,4
WBGene00201703.,0,4,4
WBGene00201704.,0,0,0
WBGene00201705.,0,1,1
WBGene00201706.,0,0,0
WBGene00201707.,0,0,0
WBGene00201708.,0,0,0
WBGene00201709.,0,0,0
WBGene00201710.,0,1,1
WBGene00201711.,0,3,3
WBGene00201712.,0,0,0
WBGene00201713.,0,0,0
WBGene00201714.,0,7,7
WBGene00201715.,0,2,2
WBGene00201716.,0,0,0
WBGene00201717.,0,0,0
WBGene00201718.,0,5,5
WBGene00201719.,0,1,1
WBGene00201720.,0,0,0
WBGene00201721.,0,5,5
WBGene00201722.,0,2,2
WBGene00201723.,0,0,0
WBGene00201724.,0,0,0
WBGene00201725.,0,0,0
WBGene00201726.,0,0,0
WBGene00201727.,0,0,0
WBGene00201728.,0,0,0
WBGene00201729.,0,2,2
WBGene00201730.,0,12,12
WBGene00201731.,0,0,0
WBGene00201732.,0,1,1
WBGene00201733.,0,2,2
WBGene00201734.,0,0,0
WBGene00201735.,0,0,0
WBGene00201736.,0,0,0
WBGene00201737.,0,0,0
WBGene00201738.,0,2,2
WBGene00201739.,0,3,3
WBGene00201740.,0,4,4
WBGene00201741.,0,7,7
WBGene00201742.,0,0,0
WBGene00201743.,0,0,0
WBGene00201744.,0,1,1
WBGene00201745.,0,54,54
WBGene00201746.,0,1,1
WBGene00201747.,0,2,2
WBGene00201748.,0,0,0
WBGene00201749.,0,7,7
WBGene00201750.,0,0,0
WBGene00201751.,0,2,2
WBGene00201752.,0,7,7
WBGene00201753.,0,11,11
WBGene00201754.,0,8,8
WBGene00201755.,0,16,16
WBGene00201756.,0,0,0
WBGene00201757.,0,0,0
WBGene00201758.,0,0,0
WBGene00201759.,0,0,0
WBGene00201760.,0,0,0
WBGene00201761.,0,0,0
WBGene00201762.,0,0,0
WBGene00201763.,0,1,1
WBGene00201764.,0,0,0
WBGene00201765.,0,0,0
WBGene00201766.,0,5,5
WBGene00201767.,0,2,2
WBGene00201768.,0,0,0
WBGene00201769.,0,4,4
WBGene00201770.,0,17,17
WBGene00201771.,0,2,2
WBGene00201772.,0,0,0
WBGene00201773.,0,0,0
WBGene00201774.,0,0,0
WBGene00201775.,0,1,1
WBGene00201776.,0,0,0
WBGene00201777.,0,0,0
WBGene00201778.,0,14,14
WBGene00201779.,0,3,3
WBGene00201780.,0,0,0
WBGene00201781.,0,0,0
WBGene00201782.,0,0,0
WBGene00201783.,0,0,0
WBGene00201784.,0,2,2
WBGene00201785.,0,1,1
WBGene00201786.,0,0,0
WBGene00201787.,0,0,0
WBGene00201788.,0,0,0
WBGene00201789.,0,0,0
WBGene00201790.,0,0,0
WBGene00201791.,0,2,2
WBGene00201792.,0,0,0
WBGene00201793.,0,1,1
WBGene00201794.,0,0,0
WBGene00201795.,0,0,0
WBGene00201796.,0,0,0
WBGene00201797.,0,3,3
WBGene00201798.,0,0,0
WBGene00201799.,0,0,0
WBGene00201800.,0,0,0
WBGene00201801.,0,0,0
WBGene00201802.,0,0,0
WBGene00201803.,0,0,0
WBGene00201804.,0,0,0
WBGene00201805.,0,1,1
WBGene00201806.,0,8,8
WBGene00201807.,0,6,6
WBGene00201808.,0,0,0
WBGene00201809.,0,1,1
WBGene00201810.,0,0,0
WBGene00201811.,0,6,6
WBGene00201812.,0,0,0
WBGene00201813.,0,0,0
WBGene00201814.,0,0,0
WBGene00201815.,0,1,1
WBGene00201816.,0,2,2
WBGene00201817.,0,0,0
WBGene00201818.,0,0,0
WBGene00201819.,0,0,0
WBGene00201820.,0,0,0
WBGene00201821.,0,3,3
WBGene00201822.,0,0,0
WBGene00201823.,0,0,0
WBGene00201824.,0,0,0
WBGene00201825.,0,17,17
WBGene00201826.,0,0,0
WBGene00201827.,0,1,1
WBGene00201828.,0,3,3
WBGene00201829.,0,0,0
WBGene00201830.,0,0,0
WBGene00201831.,0,0,0
WBGene00201832.,0,0,0
WBGene00201833.,0,0,0
WBGene00201834.,0,0,0
WBGene00201835.,0,0,0
WBGene00201836.,0,7,7
WBGene00201837.,0,0,0
WBGene00201838.,0,11,11
WBGene00201839.,0,0,0
WBGene00201840.,0,1,1
WBGene00201841.,0,1,1
WBGene00201842.,0,0,0
WBGene00201843.,0,3,3
WBGene00201844.,0,2,2
WBGene00201845.,0,0,0
WBGene00201846.,0,2,2
WBGene00201847.,0,0,0
WBGene00201848.,0,14,14
WBGene00201849.,0,1,1
WBGene00201850.,0,0,0
WBGene00201851.,0,0,0
WBGene00201852.,0,0,0
WBGene00201853.,0,0,0
WBGene00201854.,0,1,1
WBGene00201855.,0,21,21
WBGene00201856.,0,0,0
WBGene00201857.,0,0,0
WBGene00201858.,0,1,1
WBGene00201859.,0,0,0
WBGene00201860.,0,0,0
WBGene00201861.,0,1,1
WBGene00201862.,0,1,1
WBGene00201863.,0,0,0
WBGene00201864.,0,4,4
WBGene00201865.,0,1,1
WBGene00201866.,0,0,0
WBGene00201867.,0,0,0
WBGene00201868.,0,4,4
WBGene00201869.,0,0,0
WBGene00201870.,0,0,0
WBGene00201871.,0,90,90
WBGene00201872.,0,0,0
WBGene00201873.,0,0,0
WBGene00201874.,0,0,0
WBGene00201875.,0,0,0
WBGene00201876.,0,0,0
WBGene00201877.,0,0,0
WBGene00201878.,0,0,0
WBGene00201879.,0,2,2
WBGene00201880.,0,0,0
WBGene00201881.,0,0,0
WBGene00201882.,0,1,1
WBGene00201883.,0,0,0
WBGene00201884.,0,0,0
WBGene00201885.,0,5,5
WBGene00201886.,0,0,0
WBGene00201887.,0,0,0
WBGene00201888.,0,0,0
WBGene00201889.,0,6,6
WBGene00201890.,0,0,0
WBGene00201891.,0,0,0
WBGene00201892.,0,0,0
WBGene00201893.,0,1,1
WBGene00201894.,0,19,19
WBGene00201895.,0,0,0
WBGene00201896.,0,0,0
WBGene00201897.,0,1,1
WBGene00201898.,0,0,0
WBGene00201899.,0,0,0
WBGene00201900.,0,6,6
WBGene00201901.,0,4,4
WBGene00201902.,0,1,1
WBGene00201903.,0,1,1
WBGene00201904.,0,0,0
WBGene00201905.,0,0,0
WBGene00201906.,0,0,0
WBGene00201907.,0,4,4
WBGene00201908.,0,3,3
WBGene00201909.,0,0,0
WBGene00201910.,0,0,0
WBGene00201911.,0,0,0
WBGene00201912.,0,0,0
WBGene00201913.,0,1,1
WBGene00201914.,0,0,0
WBGene00201915.,0,9,9
WBGene00201916.,0,9,9
WBGene00201917.,0,7,7
WBGene00201918.,0,0,0
WBGene00201919.,0,88,88
WBGene00201920.,0,1,1
WBGene00201921.,0,1,1
WBGene00201922.,0,0,0
WBGene00201923.,0,1,1
WBGene00201924.,0,0,0
WBGene00201925.,0,1,1
WBGene00201926.,0,0,0
WBGene00201927.,0,0,0
WBGene00201928.,0,0,0
WBGene00201929.,0,1,1
WBGene00201930.,0,6,6
WBGene00201931.,0,0,0
WBGene00201932.,0,0,0
WBGene00201933.,0,23,23
WBGene00201934.,0,0,0
WBGene00201935.,0,0,0
WBGene00201936.,0,0,0
WBGene00201937.,0,1,1
WBGene00201938.,0,0,0
WBGene00201939.,0,0,0
WBGene00201940.,0,0,0
WBGene00201941.,0,0,0
WBGene00201942.,0,10,10
WBGene00201943.,0,0,0
WBGene00201944.,0,10,10
WBGene00201945.,0,1,1
WBGene00201946.,0,0,0
WBGene00201947.,0,0,0
WBGene00201948.,0,0,0
WBGene00201949.,0,5,5
WBGene00201950.,0,0,0
WBGene00201951.,0,0,0
WBGene00201952.,0,10,10
WBGene00201953.,0,23,23
WBGene00201954.,0,6,6
WBGene00201955.,0,0,0
WBGene00201956.,0,1,1
WBGene00201957.,0,0,0
WBGene00201958.,0,0,0
WBGene00201959.,0,3,3
WBGene00201960.,0,0,0
WBGene00201961.,0,0,0
WBGene00201962.,0,0,0
WBGene00201963.,0,0,0
WBGene00201964.,0,95,95
WBGene00201965.,0,2,2
WBGene00201966.,0,15,15
WBGene00201967.,0,1,1
WBGene00201968.,0,0,0
WBGene00201969.,0,0,0
WBGene00201970.,0,1,1
WBGene00201971.,0,0,0
WBGene00201972.,0,0,0
WBGene00201973.,0,0,0
WBGene00201974.,0,0,0
WBGene00201975.,0,1,1
WBGene00201976.,0,0,0
WBGene00201977.,0,0,0
WBGene00201978.,0,1,1
WBGene00201979.,0,0,0
WBGene00201980.,0,0,0
WBGene00201981.,0,0,0
WBGene00201982.,0,4,4
WBGene00201983.,0,0,0
WBGene00201984.,0,0,0
WBGene00201985.,0,1,1
WBGene00201986.,0,7,7
WBGene00201987.,0,0,0
WBGene00201988.,0,2,2
WBGene00201989.,0,3,3
WBGene00201990.,0,0,0
WBGene00201991.,0,4,4
WBGene00201992.,0,0,0
WBGene00201993.,0,1,1
WBGene00201994.,0,11,11
WBGene00201995.,0,2,2
WBGene00201996.,0,0,0
WBGene00201997.,0,1,1
WBGene00201998.,0,10,10
WBGene00201999.,0,0,0
WBGene00202000.,0,3,3
WBGene00202001.,0,3,3
WBGene00202002.,0,0,0
WBGene00202003.,0,0,0
WBGene00202004.,0,0,0
WBGene00202005.,0,4,4
WBGene00202006.,0,0,0
WBGene00202007.,0,0,0
WBGene00202008.,0,6,6
WBGene00202009.,0,0,0
WBGene00202010.,0,0,0
WBGene00202011.,0,4,4
WBGene00202012.,0,1,1
WBGene00202013.,0,0,0
WBGene00202014.,0,0,0
WBGene00202015.,0,0,0
WBGene00202016.,0,36,36
WBGene00202017.,0,0,0
WBGene00202018.,0,0,0
WBGene00202019.,0,0,0
WBGene00202020.,0,0,0
WBGene00202021.,0,1,1
WBGene00202022.,0,1,1
WBGene00202023.,0,0,0
WBGene00202024.,0,1,1
WBGene00202025.,0,0,0
WBGene00202026.,0,1,1
WBGene00202027.,0,1,1
WBGene00202028.,0,8,8
WBGene00202029.,0,27,27
WBGene00202030.,0,8,8
WBGene00202031.,0,0,0
WBGene00202032.,0,3,3
WBGene00202033.,0,7,7
WBGene00202034.,0,3,3
WBGene00202035.,0,3,3
WBGene00202036.,0,10,10
WBGene00202037.,0,0,0
WBGene00202038.,0,0,0
WBGene00202039.,0,3,3
WBGene00202040.,0,0,0
WBGene00202041.,0,0,0
WBGene00202042.,0,1,1
WBGene00202043.,0,0,0
WBGene00202044.,0,2,2
WBGene00202045.,0,0,0
WBGene00202046.,0,0,0
WBGene00202047.,0,0,0
WBGene00202048.,0,4,4
WBGene00202049.,0,0,0
WBGene00202050.,0,1,1
WBGene00202051.,0,2,2
WBGene00202052.,0,3,3
WBGene00202053.,0,1,1
WBGene00202054.,0,0,0
WBGene00202055.,0,0,0
WBGene00202056.,0,9,9
WBGene00202057.,0,1,1
WBGene00202058.,0,1,1
WBGene00202059.,0,1,1
WBGene00202060.,0,2,2
WBGene00202061.,0,1,1
WBGene00202062.,0,0,0
WBGene00202063.,0,1,1
WBGene00202064.,0,0,0
WBGene00202065.,0,1,1
WBGene00202066.,0,1,1
WBGene00202067.,0,0,0
WBGene00202068.,0,0,0
WBGene00202069.,0,0,0
WBGene00202070.,0,0,0
WBGene00202071.,0,0,0
WBGene00202072.,0,1,1
WBGene00202073.,0,0,0
WBGene00202074.,0,21,21
WBGene00202075.,0,2,2
WBGene00202076.,0,0,0
WBGene00202077.,0,1,1
WBGene00202078.,0,0,0
WBGene00202079.,0,3,3
WBGene00202080.,0,1,1
WBGene00202081.,0,1,1
WBGene00202082.,0,4,4
WBGene00202083.,0,0,0
WBGene00202084.,0,3,3
WBGene00202085.,0,0,0
WBGene00202086.,0,6,6
WBGene00202087.,0,0,0
WBGene00202088.,0,0,0
WBGene00202089.,0,1,1
WBGene00202090.,0,1,1
WBGene00202091.,0,7,7
WBGene00202092.,0,0,0
WBGene00202093.,0,0,0
WBGene00202094.,0,1,1
WBGene00202095.,0,1,1
WBGene00202096.,0,2,2
WBGene00202097.,0,12,12
WBGene00202098.,0,0,0
WBGene00202099.,0,0,0
WBGene00202100.,0,0,0
WBGene00202101.,0,0,0
WBGene00202102.,0,0,0
WBGene00202103.,0,0,0
WBGene00202104.,0,0,0
WBGene00202105.,0,4,4
WBGene00202106.,0,0,0
WBGene00202107.,0,9,9
WBGene00202108.,0,1,1
WBGene00202109.,0,2,2
WBGene00202110.,0,0,0
WBGene00202111.,0,0,0
WBGene00202112.,0,1,1
WBGene00202113.,0,2,2
WBGene00202114.,0,0,0
WBGene00202115.,0,0,0
WBGene00202116.,0,0,0
WBGene00202117.,0,0,0
WBGene00202118.,0,1,1
WBGene00202119.,0,2,2
WBGene00202120.,0,0,0
WBGene00202121.,0,0,0
WBGene00202122.,0,3,3
WBGene00202123.,0,0,0
WBGene00202124.,0,0,0
WBGene00202125.,0,0,0
WBGene00202126.,0,0,0
WBGene00202127.,0,1,1
WBGene00202128.,0,0,0
WBGene00202129.,0,0,0
WBGene00202130.,0,5,5
WBGene00202131.,0,2,2
WBGene00202132.,0,1,1
WBGene00202133.,0,4,4
WBGene00202134.,0,1,1
WBGene00202135.,0,0,0
WBGene00202136.,0,51,51
WBGene00202137.,0,0,0
WBGene00202138.,0,0,0
WBGene00202139.,0,0,0
WBGene00202140.,0,0,0
WBGene00202141.,0,0,0
WBGene00202142.,0,0,0
WBGene00202143.,0,0,0
WBGene00202144.,0,0,0
WBGene00202145.,0,2,2
WBGene00202146.,0,0,0
WBGene00202147.,0,0,0
WBGene00202148.,0,0,0
WBGene00202149.,0,0,0
WBGene00202150.,0,9,9
WBGene00202151.,0,0,0
WBGene00202152.,0,0,0
WBGene00202153.,0,0,0
WBGene00202154.,0,0,0
WBGene00202155.,0,0,0
WBGene00202156.,0,1,1
WBGene00202157.,0,2,2
WBGene00202158.,0,5,5
WBGene00202159.,0,0,0
WBGene00202160.,0,0,0
WBGene00202161.,0,0,0
WBGene00202162.,0,0,0
WBGene00202163.,0,2,2
WBGene00202164.,0,0,0
WBGene00202165.,0,1,1
WBGene00202166.,0,3,3
WBGene00202167.,0,1,1
WBGene00202168.,0,1,1
WBGene00202169.,0,0,0
WBGene00202170.,0,1,1
WBGene00202171.,0,1,1
WBGene00202172.,0,0,0
WBGene00202173.,0,0,0
WBGene00202174.,0,1,1
WBGene00202175.,0,1,1
WBGene00202176.,0,0,0
WBGene00202177.,0,5,5
WBGene00202178.,0,0,0
WBGene00202179.,0,0,0
WBGene00202180.,0,0,0
WBGene00202181.,0,1,1
WBGene00202182.,0,0,0
WBGene00202183.,0,1,1
WBGene00202184.,0,2,2
WBGene00202185.,0,0,0
WBGene00202186.,0,0,0
WBGene00202187.,0,0,0
WBGene00202188.,0,0,0
WBGene00202189.,0,0,0
WBGene00202190.,0,0,0
WBGene00202191.,0,5,5
WBGene00202192.,0,0,0
WBGene00202193.,0,0,0
WBGene00202194.,0,1,1
WBGene00202195.,0,2,2
WBGene00202196.,0,1,1
WBGene00202197.,0,0,0
WBGene00202198.,0,3,3
WBGene00202199.,0,0,0
WBGene00202200.,0,0,0
WBGene00202201.,0,0,0
WBGene00202202.,0,1,1
WBGene00202203.,0,0,0
WBGene00202204.,0,0,0
WBGene00202205.,0,1,1
WBGene00202206.,0,0,0
WBGene00202207.,0,0,0
WBGene00202208.,0,0,0
WBGene00202209.,0,0,0
WBGene00202210.,0,0,0
WBGene00202211.,0,2,2
WBGene00202212.,0,3,3
WBGene00202213.,0,0,0
WBGene00202214.,0,0,0
WBGene00202215.,0,0,0
WBGene00202216.,0,1,1
WBGene00202217.,0,0,0
WBGene00202218.,0,1,1
WBGene00202219.,0,1,1
WBGene00202220.,0,0,0
WBGene00202221.,0,1,1
WBGene00202222.,0,0,0
WBGene00202223.,0,0,0
WBGene00202224.,0,1,1
WBGene00202225.,0,0,0
WBGene00202226.,0,3,3
WBGene00202227.,0,0,0
WBGene00202228.,0,0,0
WBGene00202229.,0,0,0
WBGene00202230.,0,0,0
WBGene00202231.,0,1,1
WBGene00202232.,0,4,4
WBGene00202233.,0,0,0
WBGene00202234.,0,0,0
WBGene00202235.,0,3,3
WBGene00202236.,0,0,0
WBGene00202237.,0,2,2
WBGene00202238.,0,0,0
WBGene00202239.,0,0,0
WBGene00202240.,0,0,0
WBGene00202241.,0,2,2
WBGene00202242.,0,2,2
WBGene00202243.,0,1,1
WBGene00202244.,0,0,0
WBGene00202245.,0,2,2
WBGene00202246.,0,0,0
WBGene00202247.,0,0,0
WBGene00202248.,0,0,0
WBGene00202249.,0,0,0
WBGene00202250.,0,0,0
WBGene00202251.,0,1,1
WBGene00202252.,0,0,0
WBGene00202253.,0,0,0
WBGene00202254.,0,1,1
WBGene00202255.,0,2,2
WBGene00202256.,0,1,1
WBGene00202257.,0,1,1
WBGene00202258.,0,0,0
WBGene00202259.,0,0,0
WBGene00202260.,0,1,1
WBGene00202261.,0,0,0
WBGene00202262.,0,0,0
WBGene00202263.,0,4,4
WBGene00202264.,0,2,2
WBGene00202265.,0,1,1
WBGene00202266.,0,0,0
WBGene00202267.,0,0,0
WBGene00202268.,0,5,5
WBGene00202269.,0,0,0
WBGene00202270.,0,0,0
WBGene00202271.,0,0,0
WBGene00202272.,0,1,1
WBGene00202273.,0,1,1
WBGene00202274.,0,0,0
WBGene00202275.,0,0,0
WBGene00202276.,0,0,0
WBGene00202277.,0,0,0
WBGene00202278.,0,1,1
WBGene00202279.,0,0,0
WBGene00202280.,0,0,0
WBGene00202281.,0,0,0
WBGene00202282.,0,1,1
WBGene00202283.,0,0,0
WBGene00202284.,0,0,0
WBGene00202285.,0,0,0
WBGene00202286.,0,0,0
WBGene00202287.,0,1,1
WBGene00202288.,0,0,0
WBGene00202289.,0,9,9
WBGene00202290.,0,0,0
WBGene00202291.,0,2,2
WBGene00202292.,0,1,1
WBGene00202293.,0,1,1
WBGene00202294.,0,4,4
WBGene00202295.,0,0,0
WBGene00202296.,0,0,0
WBGene00202297.,0,0,0
WBGene00202298.,0,0,0
WBGene00202299.,0,0,0
WBGene00202300.,0,4,4
WBGene00202301.,0,21,21
WBGene00202302.,0,0,0
WBGene00202303.,0,0,0
WBGene00202304.,0,0,0
WBGene00202305.,0,1,1
WBGene00202306.,0,2,2
WBGene00202307.,0,1,1
WBGene00202308.,0,0,0
WBGene00202309.,0,0,0
WBGene00202310.,0,0,0
WBGene00202311.,0,4,4
WBGene00202312.,0,0,0
WBGene00202313.,0,5,5
WBGene00202314.,0,2,2
WBGene00202315.,0,0,0
WBGene00202316.,0,2,2
WBGene00202317.,0,4,4
WBGene00202318.,0,0,0
WBGene00202319.,0,3,3
WBGene00202320.,0,0,0
WBGene00202321.,0,10,10
WBGene00202322.,0,0,0
WBGene00202323.,0,3,3
WBGene00202324.,0,0,0
WBGene00202325.,0,0,0
WBGene00202326.,0,0,0
WBGene00202327.,0,0,0
WBGene00202328.,0,0,0
WBGene00202329.,0,1,1
WBGene00202330.,0,10,10
WBGene00202331.,0,0,0
WBGene00202332.,0,1,1
WBGene00202333.,0,4,4
WBGene00202334.,0,0,0
WBGene00202335.,0,1,1
WBGene00202336.,0,0,0
WBGene00202337.,0,1,1
WBGene00202338.,0,0,0
WBGene00202339.,0,0,0
WBGene00202340.,0,1,1
WBGene00202341.,0,0,0
WBGene00202342.,0,0,0
WBGene00202343.,0,0,0
WBGene00202344.,0,0,0
WBGene00202345.,0,0,0
WBGene00202346.,0,0,0
WBGene00202347.,0,0,0
WBGene00202348.,0,0,0
WBGene00202349.,0,3,3
WBGene00202350.,0,1,1
WBGene00202351.,0,0,0
WBGene00202352.,0,0,0
WBGene00202353.,0,1,1
WBGene00202354.,0,0,0
WBGene00202355.,0,6,6
WBGene00202356.,0,0,0
WBGene00202357.,0,0,0
WBGene00202358.,0,0,0
WBGene00202359.,0,1,1
WBGene00202360.,0,1,1
WBGene00202361.,0,0,0
WBGene00202362.,0,0,0
WBGene00202363.,0,0,0
WBGene00202364.,0,0,0
WBGene00202365.,0,2,2
WBGene00202366.,0,0,0
WBGene00202367.,0,0,0
WBGene00202368.,0,0,0
WBGene00202369.,0,0,0
WBGene00202370.,0,6,6
WBGene00202371.,0,0,0
WBGene00202372.,0,0,0
WBGene00202373.,0,2,2
WBGene00202374.,0,0,0
WBGene00202375.,0,0,0
WBGene00202376.,0,0,0
WBGene00202377.,0,3,3
WBGene00202378.,0,0,0
WBGene00202379.,0,0,0
WBGene00202380.,0,0,0
WBGene00202381.,0,1,1
WBGene00202382.,0,1,1
WBGene00202383.,0,4,4
WBGene00202384.,0,0,0
WBGene00202385.,0,1,1
WBGene00202386.,0,0,0
WBGene00202387.,0,0,0
WBGene00202388.,0,1,1
WBGene00202389.,0,9,9
WBGene00202390.,0,2,2
WBGene00202391.,0,0,0
WBGene00202392.,0,0,0
WBGene00202393.,0,0,0
WBGene00202394.,0,0,0
WBGene00202395.,0,2,2
WBGene00202396.,0,0,0
WBGene00202397.,0,4,4
WBGene00202398.,0,0,0
WBGene00202399.,0,0,0
WBGene00202400.,0,59,59
WBGene00202401.,0,1,1
WBGene00202402.,0,0,0
WBGene00202403.,0,0,0
WBGene00202404.,0,2,2
WBGene00202405.,0,1,1
WBGene00202406.,0,0,0
WBGene00202407.,0,3,3
WBGene00202408.,0,0,0
WBGene00202409.,0,0,0
WBGene00202410.,0,676,676
WBGene00202411.,0,0,0
WBGene00202412.,0,0,0
WBGene00202413.,0,1,1
WBGene00202414.,0,0,0
WBGene00202415.,0,0,0
WBGene00202416.,0,1,1
WBGene00202417.,0,1,1
WBGene00202418.,0,2,2
WBGene00202419.,0,0,0
WBGene00202420.,0,0,0
WBGene00202421.,0,1,1
WBGene00202422.,0,1,1
WBGene00202423.,0,2,2
WBGene00202424.,0,3,3
WBGene00202425.,0,2,2
WBGene00202426.,0,0,0
WBGene00202427.,0,1,1
WBGene00202428.,0,0,0
WBGene00202429.,0,7,7
WBGene00202430.,0,0,0
WBGene00202431.,0,0,0
WBGene00202432.,0,3,3
WBGene00202433.,0,0,0
WBGene00202434.,0,0,0
WBGene00202435.,0,0,0
WBGene00202436.,0,9,9
WBGene00202437.,0,0,0
WBGene00202438.,0,0,0
WBGene00202439.,0,0,0
WBGene00202440.,0,0,0
WBGene00202441.,0,1,1
WBGene00202442.,0,0,0
WBGene00202443.,0,0,0
WBGene00202444.,0,0,0
WBGene00202445.,0,0,0
WBGene00202446.,0,1,1
WBGene00202447.,0,0,0
WBGene00202448.,0,7,7
WBGene00202449.,0,27,27
WBGene00202450.,0,0,0
WBGene00202451.,0,2,2
WBGene00202452.,0,0,0
WBGene00202453.,0,0,0
WBGene00202454.,0,0,0
WBGene00202455.,0,0,0
WBGene00202456.,0,0,0
WBGene00202457.,0,0,0
WBGene00202458.,0,2,2
WBGene00202459.,0,0,0
WBGene00202460.,0,2,2
WBGene00202461.,0,0,0
WBGene00202462.,0,0,0
WBGene00202463.,0,10,10
WBGene00202464.,0,1,1
WBGene00202465.,0,0,0
WBGene00202466.,0,0,0
WBGene00202467.,0,0,0
WBGene00202468.,0,1,1
WBGene00202469.,0,0,0
WBGene00202470.,0,2,2
WBGene00202471.,0,0,0
WBGene00202472.,0,7,7
WBGene00202473.,0,0,0
WBGene00202474.,0,0,0
WBGene00202475.,0,3,3
WBGene00202476.,0,1,1
WBGene00202477.,0,1,1
WBGene00202478.,0,0,0
WBGene00202479.,0,1,1
WBGene00202480.,0,1,1
WBGene00202481.,0,0,0
WBGene00202482.,0,0,0
WBGene00202483.,0,1,1
WBGene00202484.,0,1,1
WBGene00202485.,0,0,0
WBGene00202486.,0,0,0
WBGene00202487.,0,1,1
WBGene00202488.,0,0,0
WBGene00202489.,0,0,0
WBGene00202490.,0,1,1
WBGene00202491.,0,0,0
WBGene00202492.,0,2,2
WBGene00202493.,0,2,2
WBGene00202494.,0,0,0
WBGene00202495.,0,0,0
WBGene00202496.,5,28,33
WBGene00202497.,1,3,4
WBGene00202498.,6,13,19
WBGene00202499.,6,3,9
WBGene00202500.,9,0,9
WBGene00202501.,2,3,5
WBGene00202502.,0,10,10
WBGene00202504.,0,0,0
WBGene00202511.,2,12,14
WBGene00202512.,31,30,61
WBGene00202513.,6,63,69
WBGene00202514.,3,10,13
WBGene00206354.,4,41,45
WBGene00206355.,3,31,34
WBGene00206356.,19,636,655
WBGene00206357.,5,24,29
WBGene00206358.,2,0,2
WBGene00206359.,9,8,17
WBGene00206360.,12,5,17
WBGene00206361.,9,20,29
WBGene00206362.,124,609,733
WBGene00206363.,1,1,2
WBGene00206364.,20,24,44
WBGene00206365.,0,22,22
WBGene00206366.,3,42,45
WBGene00206368.,0,0,0
WBGene00206369.,0,0,0
WBGene00206370.,9,11,20
WBGene00206371.,8,275,283
WBGene00206372.,6,9,15
WBGene00206373.,15,99,114
WBGene00206374.,71,265,336
WBGene00206375.,0,5,5
WBGene00206377.,4,12,16
WBGene00206378.,29,50,79
WBGene00206379.,0,1,1
WBGene00206380.,96,1538,1634
WBGene00206381.,2,12,14
WBGene00206382.,23,244,267
WBGene00206383.,0,0,0
WBGene00206384.,2,2,4
WBGene00206385.,0,0,0
WBGene00206386.,7,18,25
WBGene00206388.,2,0,2
WBGene00206389.,1,2,3
WBGene00206390.,3,14,17
WBGene00206391.,0,0,0
WBGene00206392.,7,25,32
WBGene00206393.,0,2,2
WBGene00206394.,0,0,0
WBGene00206395.,0,1,1
WBGene00206411.,3,1,4
WBGene00206412.,2,26,28
WBGene00206413.,4,6,10
WBGene00206414.,3,8,11
WBGene00206415.,26,15,41
WBGene00206416.,17,56,73
WBGene00206417.,27,153,180
WBGene00206418.,2,95,97
WBGene00206420.,9,278,287
WBGene00206421.,0,0,0
WBGene00206422.,0,0,0
WBGene00206423.,0,1292,1292
WBGene00206459.,70,567,637
WBGene00206460.,53,323,376
WBGene00206461.,7,36,43
WBGene00206462.,0,15,15
WBGene00206464.,0,219,219
WBGene00206466.,6,125,131
WBGene00206468.,0,0,0
WBGene00206469.,67,63,130
WBGene00206470.,2,7,9
WBGene00206471.,7,3,10
WBGene00206473.,0,9,9
WBGene00206474.,8,38,46
WBGene00206475.,0,2,2
WBGene00206477.,4,22,26
WBGene00206478.,3,8,11
WBGene00206479.,8,2,10
WBGene00206481.,2,0,2
WBGene00206482.,3,17,20
WBGene00206483.,1,1,2
WBGene00206484.,11,55,66
WBGene00206485.,6,11,17
WBGene00206486.,12,28,40
WBGene00206487.,25,599,624
WBGene00206488.,178,43,221
WBGene00206489.,115,101,216
WBGene00206490.,1,2,3
WBGene00206491.,27,35,62
WBGene00206492.,0,0,0
WBGene00206493.,0,2,2
WBGene00206494.,2,4,6
WBGene00206495.,8,1,9
WBGene00206496.,0,0,0
WBGene00206497.,7,6,13
WBGene00206498.,0,1,1
WBGene00206499.,3,2,5
WBGene00206500.,0,0,0
WBGene00206501.,2,1,3
WBGene00206502.,2,0,2
WBGene00206503.,0,1,1
WBGene00206504.,0,0,0
WBGene00206505.,14,361,375
WBGene00206506.,2,0,2
WBGene00206507.,1,1,2
WBGene00206508.,0,0,0
WBGene00206509.,1,4,5
WBGene00206510.,8,2,10
WBGene00206511.,15,9,24
WBGene00206512.,3,29,32
WBGene00206513.,0,1,1
WBGene00206514.,2,6,8
WBGene00206515.,1,7,8
WBGene00206516.,1021,1,1022
WBGene00206517.,5,159,164
WBGene00206518.,0,1,1
WBGene00206519.,1,0,1
WBGene00206520.,2,2,4
WBGene00206521.,0,4,4
WBGene00206522.,200,6917,7117
WBGene00206523.,1,0,1
WBGene00206524.,3,21,24
WBGene00206525.,47,344,391
WBGene00206526.,4,4,8
WBGene00206527.,3,10,13
WBGene00206528.,0,91,91
WBGene00206529.,61,311,372
WBGene00206530.,63,83,146
WBGene00206531.,0,0,0
WBGene00206532.,629,500,1129
WBGene00206533.,73,81,154
WBGene00206534.,2,4,6
WBGene00206535.,7,11,18
WBGene00206536.,15,7,22
WBGene00206537.,4,6,10
WBGene00206538.,21,186,207
WBGene00215616.,78,238,316
WBGene00219205.,6,1,7
WBGene00219206.,4,271,275
WBGene00219207.,0,928,928
WBGene00219208.,7,15,22
WBGene00219209.,33,12,45
WBGene00219210.,8,169,177
WBGene00219212.,0,0,0
WBGene00219214.,1,3,4
WBGene00219215.,3,1,4
WBGene00219216.,11,21,32
WBGene00219217.,0,1,1
WBGene00219218.,4,22,26
WBGene00219219.,0,0,0
WBGene00219220.,0,9,9
WBGene00219221.,0,14,14
WBGene00219222.,0,0,0
WBGene00219223.,0,0,0
WBGene00219224.,0,0,0
WBGene00219225.,0,0,0
WBGene00219226.,0,0,0
WBGene00219227.,0,3,3
WBGene00219228.,0,0,0
WBGene00219229.,0,11,11
WBGene00219230.,0,0,0
WBGene00219231.,0,0,0
WBGene00219232.,0,1,1
WBGene00219233.,0,0,0
WBGene00219234.,5,1,6
WBGene00219235.,0,7,7
WBGene00219236.,0,41,41
WBGene00219238.,0,0,0
WBGene00219239.,0,0,0
WBGene00219241.,13,25,38
WBGene00219242.,1,0,1
WBGene00219243.,51,36,87
WBGene00219244.,0,0,0
WBGene00219245.,0,0,0
WBGene00219246.,0,0,0
WBGene00219247.,0,0,0
WBGene00219248.,0,0,0
WBGene00219249.,0,0,0
WBGene00219250.,0,0,0
WBGene00219251.,0,1,1
WBGene00219252.,0,0,0
WBGene00219253.,0,0,0
WBGene00219254.,0,0,0
WBGene00219255.,0,0,0
WBGene00219256.,0,0,0
WBGene00219257.,0,0,0
WBGene00219258.,0,0,0
WBGene00219259.,0,0,0
WBGene00219260.,0,0,0
WBGene00219261.,0,0,0
WBGene00219262.,0,2,2
WBGene00219263.,0,0,0
WBGene00219264.,0,1,1
WBGene00219265.,0,1,1
WBGene00219266.,0,4,4
WBGene00219267.,0,11,11
WBGene00219269.,0,2,2
WBGene00219270.,0,0,0
WBGene00219271.,0,5,5
WBGene00219272.,12,10,22
WBGene00219274.,42,85,127
WBGene00219275.,145,1230,1375
WBGene00219278.,0,6,6
WBGene00219279.,0,3,3
WBGene00219280.,5,27,32
WBGene00219281.,201,1198,1399
WBGene00219282.,7,35,42
WBGene00219283.,1164,630,1794
WBGene00219284.,8,7,15
WBGene00219285.,12,10,22
WBGene00219286.,17,699,716
WBGene00219287.,27,443,470
WBGene00219288.,79,280,359
WBGene00219289.,576,578,1154
WBGene00219290.,0,0,0
WBGene00219291.,0,1,1
WBGene00219292.,3,3,6
WBGene00219293.,7,7,14
WBGene00219294.,1,9,10
WBGene00219295.,25,17,42
WBGene00219296.,94,152,246
WBGene00219297.,6,12,18
WBGene00219298.,18,174,192
WBGene00219299.,3,8,11
WBGene00219300.,18,49,67
WBGene00219301.,2,2,4
WBGene00219302.,0,4,4
WBGene00219303.,41,89,130
WBGene00219304.,70,1350,1420
WBGene00219306.,5,87,92
WBGene00219307.,269,1116,1385
WBGene00219308.,1,18,19
WBGene00219309.,1,20,21
WBGene00219310.,1,4,5
WBGene00219311.,0,0,0
WBGene00219312.,0,0,0
WBGene00219313.,78,1888,1966
WBGene00219314.,2,0,2
WBGene00219315.,1,4,5
WBGene00219316.,23,236,259
WBGene00219317.,17,76,93
WBGene00219318.,0,0,0
WBGene00219319.,24,9,33
WBGene00219321.,2,12,14
WBGene00219322.,0,1,1
WBGene00219323.,0,1,1
WBGene00219324.,0,3,3
WBGene00219325.,10,2,12
WBGene00219326.,1,3,4
WBGene00219327.,0,4,4
WBGene00219329.,1328,1464,2792
WBGene00219330.,5,0,5
WBGene00219331.,0,3,3
WBGene00219332.,56,0,56
WBGene00219337.,118,83,201
WBGene00219342.,1,1,2
WBGene00219343.,0,67,67
WBGene00219351.,2,7,9
WBGene00219352.,1,3,4
WBGene00219362.,131,277,408
WBGene00219368.,0,37,37
WBGene00219369.,0,6,6
WBGene00219370.,0,1,1
WBGene00219371.,3,4,7
WBGene00219373.,12,353,365
WBGene00219374.,27,0,27
WBGene00219375.,40,253,293
WBGene00219376.,3,33,36
WBGene00219377.,1,2,3
WBGene00219378.,1,3,4
WBGene00219381.,2,0,2
WBGene00219383.,6,4,10
WBGene00219394.,0,0,0
WBGene00219395.,3,3,6
WBGene00219399.,36,93,129
WBGene00219410.,3,2,5
WBGene00219411.,9,20,29
WBGene00219412.,0,4,4
WBGene00219413.,3,70,73
WBGene00219414.,2,6,8
WBGene00219415.,20,33,53
WBGene00219416.,1,18,19
WBGene00219417.,5,17,22
WBGene00219418.,0,3,3
WBGene00219420.,0,51,51
WBGene00219421.,0,24,24
WBGene00219422.,16,33,49
WBGene00219423.,17,56,73
WBGene00219424.,12,31,43
WBGene00219425.,209,315,524
WBGene00219434.,0,5,5
WBGene00219436.,11,19,30
WBGene00219437.,3,2,5
WBGene00219442.,0,1,1
WBGene00219443.,0,2,2
WBGene00219444.,49,14,63
WBGene00219445.,0,0,0
WBGene00219446.,0,0,0
WBGene00219447.,0,1,1
WBGene00219448.,7,25,32
WBGene00219449.,8,4,12
WBGene00219450.,8,56,64
WBGene00219451.,5,70,75
WBGene00219452.,5,6,11
WBGene00219453.,0,0,0
WBGene00219454.,0,0,0
WBGene00219455.,0,2,2
WBGene00219456.,0,3,3
WBGene00219458.,0,0,0
WBGene00219460.,26,8,34
WBGene00219476.,11,22,33
WBGene00219477.,0,0,0
WBGene00219478.,1,0,1
WBGene00219483.,3,1,4
WBGene00219489.,0,4,4
WBGene00219490.,0,83,83
WBGene00219491.,1,0,1
WBGene00219492.,3,1,4
WBGene00219493.,0,0,0
WBGene00219497.,0,1,1
WBGene00219498.,4,8,12
WBGene00219544.,0,0,0
WBGene00219545.,0,9,9
WBGene00219546.,267,522,789
WBGene00219547.,0,2,2
WBGene00219548.,0,64,64
WBGene00219549.,0,0,0
WBGene00219550.,0,0,0
WBGene00219551.,0,11,11
WBGene00219552.,22,0,22
WBGene00219553.,2,0,2
WBGene00219554.,0,0,0
WBGene00219555.,0,4,4
WBGene00219556.,0,0,0
WBGene00219557.,4,6,10
WBGene00219558.,0,0,0
WBGene00219559.,0,145,145
WBGene00219560.,0,0,0
WBGene00219561.,0,0,0
WBGene00219562.,20,11,31
WBGene00219563.,45,12,57
WBGene00219564.,0,0,0
WBGene00219565.,6,21,27
WBGene00219566.,0,72,72
WBGene00219567.,17,53,70
WBGene00219568.,0,0,0
WBGene00219569.,0,39,39
WBGene00219570.,22,25,47
WBGene00219571.,73,520,593
WBGene00219572.,183,9,192
WBGene00219573.,0,0,0
WBGene00219574.,0,11,11
WBGene00219575.,117,491,608
WBGene00219576.,0,0,0
WBGene00219577.,0,3,3
WBGene00219578.,0,4,4
WBGene00219579.,0,0,0
WBGene00219580.,5,0,5
WBGene00219581.,0,765,765
WBGene00219582.,0,97,97
WBGene00219583.,19,125,144
WBGene00219584.,0,4,4
WBGene00219585.,1,0,1
WBGene00219586.,53,15,68
WBGene00219587.,2,12,14
WBGene00219588.,0,2,2
WBGene00219589.,44,207,251
WBGene00219590.,0,13,13
WBGene00219591.,0,31,31
WBGene00219592.,0,1893,1893
WBGene00219593.,0,11,11
WBGene00219594.,0,0,0
WBGene00219596.,11,16,27
WBGene00219597.,0,5,5
WBGene00219598.,5,66,71
WBGene00219599.,8,1,9
WBGene00219600.,136,42,178
WBGene00219601.,84,141,225
WBGene00219602.,0,153,153
WBGene00219603.,2,5,7
WBGene00219604.,0,0,0
WBGene00219605.,38,65,103
WBGene00219606.,12,61,73
WBGene00219607.,0,18,18
WBGene00219608.,0,33,33
WBGene00219609.,0,5706,5706
WBGene00219610.,0,17,17
WBGene00219611.,0,0,0
WBGene00219612.,2,26,28
WBGene00219613.,33,2,35
WBGene00219614.,16,14,30
WBGene00219615.,37,209,246
WBGene00219616.,0,0,0
WBGene00219617.,33,193,226
WBGene00219618.,0,31,31
WBGene00219619.,8,131,139
WBGene00219620.,48,18,66
WBGene00219621.,0,0,0
WBGene00219622.,0,0,0
WBGene00219623.,1,0,1
WBGene00219624.,1,8,9
WBGene00219625.,25,36,61
WBGene00219626.,9,7,16
WBGene00219627.,40,117,157
WBGene00219628.,0,30,30
WBGene00219629.,18,19,37
WBGene00219630.,103,8,111
WBGene00219631.,0,1,1
WBGene00219632.,0,2,2
WBGene00219633.,0,10,10
WBGene00219634.,0,0,0
WBGene00219635.,0,0,0
WBGene00219636.,27,105,132
WBGene00219637.,0,11,11
WBGene00219638.,0,15,15
WBGene00219639.,1,28,29
WBGene00219640.,7,6,13
WBGene00219641.,5,71,76
WBGene00219642.,35,12,47
WBGene00219643.,0,0,0
WBGene00219644.,5,4,9
WBGene00219645.,23,17,40
WBGene00219646.,0,8,8
WBGene00219647.,742,1773,2515
WBGene00219648.,0,19,19
WBGene00219649.,0,36,36
WBGene00219650.,0,139,139
WBGene00219651.,0,8,8
WBGene00219652.,3,0,3
WBGene00219653.,0,1,1
WBGene00219654.,12,38,50
WBGene00219655.,0,6,6
WBGene00219656.,6,2,8
WBGene00219657.,0,8,8
WBGene00219658.,0,0,0
WBGene00219659.,0,37,37
WBGene00219660.,1,11,12
WBGene00219661.,8,38,46
WBGene00219662.,0,3,3
WBGene00219663.,0,0,0
WBGene00219664.,0,41,41
WBGene00219665.,6,26,32
WBGene00219666.,221,25,246
WBGene00219667.,0,4,4
WBGene00219668.,0,4,4
WBGene00219669.,0,1,1
WBGene00219670.,0,0,0
WBGene00219671.,0,2,2
WBGene00219672.,100,127,227
WBGene00219673.,29,85,114
WBGene00219674.,0,2,2
WBGene00219675.,0,611,611
WBGene00219676.,0,40,40
WBGene00219677.,0,4,4
WBGene00219678.,86,576,662
WBGene00219679.,17,8,25
WBGene00219680.,0,308,308
WBGene00219681.,2,21,23
WBGene00219682.,0,110,110
WBGene00219683.,37,40,77
WBGene00219684.,0,0,0
WBGene00219685.,3,7,10
WBGene00219686.,10,70,80
WBGene00219687.,56,259,315
WBGene00219688.,8,23,31
WBGene00219689.,0,23,23
WBGene00219690.,0,0,0
WBGene00219691.,4,15,19
WBGene00219692.,4,0,4
WBGene00219693.,0,0,0
WBGene00219694.,4,14,18
WBGene00219695.,59,139,198
WBGene00219696.,0,17,17
WBGene00219697.,0,45,45
WBGene00219698.,0,0,0
WBGene00219699.,204,805,1009
WBGene00219700.,0,67,67
WBGene00219701.,17,125,142
WBGene00219702.,0,12,12
WBGene00219703.,0,1,1
WBGene00219704.,1,2,3
WBGene00219705.,0,0,0
WBGene00219706.,1,4,5
WBGene00219707.,375,2123,2498
WBGene00219708.,9,160,169
WBGene00219709.,0,6,6
WBGene00219710.,0,134,134
WBGene00219711.,29,25,54
WBGene00219712.,44,27,71
WBGene00219713.,0,43,43
WBGene00219714.,0,0,0
WBGene00219715.,4,25,29
WBGene00219716.,0,8,8
WBGene00219717.,0,0,0
WBGene00219718.,27,133,160
WBGene00219719.,93,58,151
WBGene00219720.,0,1098,1098
WBGene00219721.,2,34,36
WBGene00219722.,0,29,29
WBGene00219723.,5,6,11
WBGene00219724.,0,6,6
WBGene00219725.,0,4,4
WBGene00219726.,1,6,7
WBGene00219727.,33,310,343
WBGene00219728.,0,13,13
WBGene00219729.,0,41,41
WBGene00219730.,0,9,9
WBGene00219731.,0,1,1
WBGene00219732.,7,0,7
WBGene00219733.,14,5,19
WBGene00219734.,0,158,158
WBGene00219735.,0,9,9
WBGene00219736.,57,292,349
WBGene00219737.,5,1,6
WBGene00219738.,0,30,30
WBGene00219739.,42,62,104
WBGene00219740.,2,4,6
WBGene00219741.,0,7,7
WBGene00219742.,0,17,17
WBGene00219743.,178,845,1023
WBGene00219744.,0,0,0
WBGene00219745.,21,26,47
WBGene00219746.,0,641,641
WBGene00219747.,0,0,0
WBGene00219748.,21,200,221
WBGene00219749.,0,76,76
WBGene00219750.,3,0,3
WBGene00219751.,0,25,25
WBGene00219752.,0,41,41
WBGene00219753.,2,95,97
WBGene00219754.,17,42,59
WBGene00219755.,13,154,167
WBGene00219756.,4,37,41
WBGene00219757.,0,0,0
WBGene00219758.,16,1785,1801
WBGene00219759.,0,0,0
WBGene00219760.,0,0,0
WBGene00219761.,0,0,0
WBGene00219762.,7,15,22
WBGene00219763.,11,77,88
WBGene00219764.,0,3,3
WBGene00219765.,465,17,482
WBGene00219766.,0,28,28
WBGene00219767.,41,0,41
WBGene00219768.,0,5,5
WBGene00219769.,14,75,89
WBGene00219770.,0,8,8
WBGene00219771.,83,738,821
WBGene00219772.,1,6,7
WBGene00219773.,8,4,12
WBGene00219774.,1,1,2
WBGene00219775.,8,5,13
WBGene00219776.,0,0,0
WBGene00219777.,0,0,0
WBGene00219778.,0,0,0
WBGene00219779.,0,0,0
WBGene00219780.,0,0,0
WBGene00219781.,0,1,1
WBGene00219782.,0,0,0
WBGene00219783.,0,0,0
WBGene00219784.,0,0,0
WBGene00219785.,0,0,0
WBGene00219786.,0,0,0
WBGene00219787.,0,0,0
WBGene00219788.,0,9,9
WBGene00219789.,0,0,0
WBGene00219790.,0,0,0
WBGene00219791.,0,3,3
WBGene00219792.,0,4,4
WBGene00219793.,0,1,1
WBGene00219794.,0,0,0
WBGene00219795.,0,0,0
WBGene00219796.,0,222,222
WBGene00219797.,0,0,0
WBGene00219798.,0,12,12
WBGene00219799.,0,6,6
WBGene00219800.,0,510,510
WBGene00219801.,0,84,84
WBGene00219803.,0,9,9
WBGene00219804.,0,0,0
WBGene00219805.,0,1,1
WBGene00219806.,0,0,0
WBGene00219807.,0,0,0
WBGene00219808.,0,0,0
WBGene00219809.,0,2,2
WBGene00219810.,0,0,0
WBGene00219811.,0,3,3
WBGene00219812.,0,0,0
WBGene00219813.,0,0,0
WBGene00219814.,0,0,0
WBGene00219815.,0,4,4
WBGene00219816.,0,759,759
WBGene00219817.,0,0,0
WBGene00219818.,0,0,0
WBGene00219819.,0,0,0
WBGene00219820.,0,0,0
WBGene00219821.,0,3,3
WBGene00219822.,0,23,23
WBGene00219823.,0,3,3
WBGene00219824.,0,9,9
WBGene00219825.,0,0,0
WBGene00219826.,0,0,0
WBGene00219827.,0,3,3
WBGene00219828.,0,0,0
WBGene00219829.,0,0,0
WBGene00219830.,0,0,0
WBGene00219831.,0,0,0
WBGene00219832.,0,1,1
WBGene00219833.,0,8,8
WBGene00219834.,0,15,15
WBGene00219835.,0,23,23
WBGene00219836.,0,1,1
WBGene00219837.,0,0,0
WBGene00219838.,40,12,52
WBGene00219839.,0,2,2
WBGene00219840.,0,0,0
WBGene00219841.,0,4,4
WBGene00219842.,0,0,0
WBGene00219843.,0,0,0
WBGene00219844.,0,0,0
WBGene00219845.,0,0,0
WBGene00219846.,0,24,24
WBGene00219847.,0,9,9
WBGene00219848.,0,0,0
WBGene00219849.,0,49889,49889
WBGene00219850.,0,9,9
WBGene00219851.,0,22,22
WBGene00219852.,0,0,0
WBGene00219853.,0,0,0
WBGene00219854.,0,0,0
WBGene00219855.,0,0,0
WBGene00219856.,0,0,0
WBGene00219857.,0,0,0
WBGene00219858.,0,0,0
WBGene00219859.,0,10,10
WBGene00219860.,0,0,0
WBGene00219861.,0,0,0
WBGene00219862.,0,0,0
WBGene00219863.,0,10,10
WBGene00219864.,0,0,0
WBGene00219865.,0,0,0
WBGene00219866.,0,0,0
WBGene00219867.,0,0,0
WBGene00219868.,0,12,12
WBGene00219869.,0,3,3
WBGene00219870.,0,0,0
WBGene00219871.,0,0,0
WBGene00219872.,0,0,0
WBGene00219873.,0,0,0
WBGene00219874.,0,3,3
WBGene00219875.,0,0,0
WBGene00219876.,0,0,0
WBGene00219877.,0,1,1
WBGene00219878.,0,0,0
WBGene00219879.,0,2,2
WBGene00219880.,0,0,0
WBGene00219881.,0,0,0
WBGene00219882.,0,3,3
WBGene00219883.,0,0,0
WBGene00219884.,0,0,0
WBGene00219885.,0,91,91
WBGene00219886.,0,21820,21820
WBGene00219887.,0,0,0
WBGene00219888.,0,12,12
WBGene00219889.,0,0,0
WBGene00219890.,0,0,0
WBGene00219891.,0,0,0
WBGene00219892.,0,0,0
WBGene00219893.,0,0,0
WBGene00219894.,0,0,0
WBGene00219895.,0,34,34
WBGene00219896.,0,0,0
WBGene00219897.,0,0,0
WBGene00219898.,0,0,0
WBGene00219899.,0,9,9
WBGene00219900.,0,0,0
WBGene00219901.,0,0,0
WBGene00219902.,0,0,0
WBGene00219903.,0,0,0
WBGene00219904.,0,0,0
WBGene00219905.,0,1,1
WBGene00219906.,0,7,7
WBGene00219907.,0,0,0
WBGene00219908.,0,0,0
WBGene00219909.,0,42,42
WBGene00219910.,0,3,3
WBGene00219911.,0,4,4
WBGene00219912.,0,328,328
WBGene00219913.,0,2,2
WBGene00219914.,0,0,0
WBGene00219915.,0,0,0
WBGene00219916.,0,0,0
WBGene00219917.,0,0,0
WBGene00219918.,0,0,0
WBGene00219919.,0,1,1
WBGene00219920.,0,3,3
WBGene00219921.,0,3,3
WBGene00219922.,0,0,0
WBGene00219923.,0,3,3
WBGene00219924.,0,0,0
WBGene00219925.,0,0,0
WBGene00219926.,0,25,25
WBGene00219927.,0,0,0
WBGene00219928.,0,1,1
WBGene00219929.,0,0,0
WBGene00219930.,0,5,5
WBGene00219931.,0,0,0
WBGene00219932.,0,0,0
WBGene00219933.,0,0,0
WBGene00219934.,0,0,0
WBGene00219935.,0,45,45
WBGene00219936.,0,4,4
WBGene00219937.,0,1,1
WBGene00219938.,0,0,0
WBGene00219939.,0,0,0
WBGene00219940.,0,0,0
WBGene00219941.,0,0,0
WBGene00219942.,0,6,6
WBGene00219943.,0,39,39
WBGene00219944.,0,0,0
WBGene00219945.,0,2,2
WBGene00219946.,0,0,0
WBGene00219947.,0,0,0
WBGene00219948.,0,0,0
WBGene00219949.,0,1,1
WBGene00219950.,0,2532,2532
WBGene00219951.,0,0,0
WBGene00219952.,0,2,2
WBGene00219953.,0,9,9
WBGene00219954.,0,0,0
WBGene00219955.,0,0,0
WBGene00219956.,0,0,0
WBGene00219957.,0,28,28
WBGene00219958.,0,40,40
WBGene00219959.,0,347,347
WBGene00219960.,0,0,0
WBGene00219961.,0,0,0
WBGene00219962.,0,0,0
WBGene00219963.,0,1,1
WBGene00219964.,0,0,0
WBGene00219965.,0,0,0
WBGene00219966.,0,0,0
WBGene00219967.,0,3,3
WBGene00219968.,0,18,18
WBGene00219969.,0,0,0
WBGene00219970.,0,21,21
WBGene00219971.,0,0,0
WBGene00219972.,0,41,41
WBGene00219973.,0,0,0
WBGene00219974.,0,0,0
WBGene00219975.,0,0,0
WBGene00219976.,0,93,93
WBGene00219977.,0,2,2
WBGene00219978.,0,0,0
WBGene00219979.,0,16,16
WBGene00219980.,0,0,0
WBGene00219981.,0,0,0
WBGene00219982.,0,2,2
WBGene00219983.,0,0,0
WBGene00219984.,0,0,0
WBGene00219985.,0,0,0
WBGene00219986.,0,0,0
WBGene00219987.,0,7,7
WBGene00219988.,0,0,0
WBGene00219989.,0,0,0
WBGene00219990.,0,0,0
WBGene00219991.,0,0,0
WBGene00219992.,0,0,0
WBGene00219994.,0,0,0
WBGene00219995.,0,45,45
WBGene00219996.,0,2,2
WBGene00219997.,0,0,0
WBGene00219998.,0,3,3
WBGene00219999.,0,0,0
WBGene00220000.,0,23,23
WBGene00220001.,0,0,0
WBGene00220002.,0,0,0
WBGene00220003.,0,0,0
WBGene00220004.,0,0,0
WBGene00220005.,0,1,1
WBGene00220006.,0,0,0
WBGene00220007.,0,0,0
WBGene00220008.,0,0,0
WBGene00220009.,0,1,1
WBGene00220010.,0,0,0
WBGene00220011.,0,0,0
WBGene00220012.,0,9,9
WBGene00220013.,0,0,0
WBGene00220014.,0,0,0
WBGene00220015.,0,0,0
WBGene00220016.,0,0,0
WBGene00220017.,0,123,123
WBGene00220018.,0,3,3
WBGene00220019.,0,0,0
WBGene00220020.,0,4,4
WBGene00220021.,0,0,0
WBGene00220022.,0,0,0
WBGene00220023.,0,0,0
WBGene00220024.,0,1,1
WBGene00220025.,0,0,0
WBGene00220026.,0,0,0
WBGene00220027.,0,0,0
WBGene00220028.,0,0,0
WBGene00220029.,0,9,9
WBGene00220030.,0,11,11
WBGene00220031.,0,0,0
WBGene00220032.,0,65,65
WBGene00220033.,0,3,3
WBGene00220034.,0,0,0
WBGene00220035.,0,0,0
WBGene00220036.,0,0,0
WBGene00220037.,0,2,2
WBGene00220038.,0,0,0
WBGene00220039.,0,3,3
WBGene00220040.,0,0,0
WBGene00220041.,0,15,15
WBGene00220042.,0,1,1
WBGene00220043.,0,4,4
WBGene00220044.,0,22,22
WBGene00220045.,0,0,0
WBGene00220046.,0,0,0
WBGene00220047.,0,9,9
WBGene00220048.,0,0,0
WBGene00220049.,0,0,0
WBGene00220050.,0,0,0
WBGene00220051.,0,12,12
WBGene00220052.,0,14,14
WBGene00220053.,0,10,10
WBGene00220054.,0,1,1
WBGene00220055.,0,2,2
WBGene00220056.,0,0,0
WBGene00220057.,0,0,0
WBGene00220058.,0,0,0
WBGene00220059.,0,0,0
WBGene00220060.,0,0,0
WBGene00220061.,0,1,1
WBGene00220062.,0,0,0
WBGene00220063.,0,0,0
WBGene00220064.,0,14,14
WBGene00220065.,0,0,0
WBGene00220066.,0,0,0
WBGene00220067.,0,0,0
WBGene00220068.,0,4,4
WBGene00220069.,0,0,0
WBGene00220070.,0,0,0
WBGene00220071.,0,0,0
WBGene00220072.,0,176,176
WBGene00220073.,0,3,3
WBGene00220074.,0,0,0
WBGene00220075.,0,0,0
WBGene00220076.,0,0,0
WBGene00220077.,0,0,0
WBGene00220078.,0,4,4
WBGene00220079.,0,0,0
WBGene00220080.,0,1,1
WBGene00220081.,0,2,2
WBGene00220082.,0,0,0
WBGene00220083.,0,0,0
WBGene00220084.,0,1,1
WBGene00220085.,0,0,0
WBGene00220086.,0,0,0
WBGene00220087.,0,0,0
WBGene00220088.,0,6,6
WBGene00220089.,0,479,479
WBGene00220090.,0,2,2
WBGene00220091.,0,20,20
WBGene00220092.,0,6,6
WBGene00220093.,0,0,0
WBGene00220094.,0,0,0
WBGene00220095.,0,1,1
WBGene00220096.,0,1,1
WBGene00220097.,0,6,6
WBGene00220098.,0,0,0
WBGene00220099.,0,0,0
WBGene00220100.,0,5,5
WBGene00220101.,0,10,10
WBGene00220102.,0,0,0
WBGene00220104.,0,0,0
WBGene00220105.,0,0,0
WBGene00220106.,0,180,180
WBGene00220107.,0,0,0
WBGene00220108.,0,38,38
WBGene00220109.,0,0,0
WBGene00220110.,0,0,0
WBGene00220111.,0,203,203
WBGene00220112.,0,0,0
WBGene00220113.,0,1,1
WBGene00220114.,0,0,0
WBGene00220115.,0,0,0
WBGene00220116.,0,0,0
WBGene00220117.,0,9,9
WBGene00220118.,0,0,0
WBGene00220119.,0,3,3
WBGene00220120.,0,3,3
WBGene00220121.,0,0,0
WBGene00220122.,0,0,0
WBGene00220123.,0,0,0
WBGene00220124.,0,0,0
WBGene00220125.,0,1,1
WBGene00220126.,0,0,0
WBGene00220127.,0,0,0
WBGene00220128.,0,0,0
WBGene00220129.,0,0,0
WBGene00220130.,0,0,0
WBGene00220131.,0,0,0
WBGene00220132.,0,0,0
WBGene00220133.,14,2,16
WBGene00220134.,0,38,38
WBGene00220135.,0,0,0
WBGene00220136.,0,0,0
WBGene00220137.,0,0,0
WBGene00220138.,0,0,0
WBGene00220139.,0,0,0
WBGene00220140.,0,0,0
WBGene00220141.,0,795,795
WBGene00220142.,0,2,2
WBGene00220143.,0,0,0
WBGene00220144.,0,0,0
WBGene00220145.,0,0,0
WBGene00220146.,0,13,13
WBGene00220147.,0,4,4
WBGene00220148.,0,0,0
WBGene00220149.,0,1,1
WBGene00220150.,0,0,0
WBGene00220151.,0,0,0
WBGene00220152.,0,0,0
WBGene00220153.,0,0,0
WBGene00220154.,0,1,1
WBGene00220155.,0,0,0
WBGene00220156.,0,0,0
WBGene00220157.,0,0,0
WBGene00220158.,0,0,0
WBGene00220159.,0,104,104
WBGene00220160.,0,99,99
WBGene00220161.,0,0,0
WBGene00220162.,0,0,0
WBGene00220163.,0,0,0
WBGene00220164.,0,2,2
WBGene00220165.,0,966,966
WBGene00220166.,0,0,0
WBGene00220167.,0,0,0
WBGene00220168.,0,2,2
WBGene00220169.,0,0,0
WBGene00220170.,0,0,0
WBGene00220171.,0,0,0
WBGene00220172.,0,0,0
WBGene00220173.,0,0,0
WBGene00220174.,0,0,0
WBGene00220175.,0,7,7
WBGene00220176.,0,0,0
WBGene00220177.,0,0,0
WBGene00220178.,0,0,0
WBGene00220179.,0,0,0
WBGene00220180.,0,0,0
WBGene00220181.,0,0,0
WBGene00220182.,0,0,0
WBGene00220183.,0,6,6
WBGene00220184.,0,0,0
WBGene00220185.,0,0,0
WBGene00220186.,0,2,2
WBGene00220187.,0,2,2
WBGene00220188.,0,0,0
WBGene00220189.,0,0,0
WBGene00220190.,0,0,0
WBGene00220191.,0,0,0
WBGene00220192.,0,0,0
WBGene00220193.,0,0,0
WBGene00220194.,0,1,1
WBGene00220195.,0,0,0
WBGene00220196.,0,0,0
WBGene00220197.,0,0,0
WBGene00220198.,0,397,397
WBGene00220199.,0,0,0
WBGene00220200.,0,0,0
WBGene00220201.,0,4,4
WBGene00220202.,0,0,0
WBGene00220203.,0,0,0
WBGene00220204.,0,3,3
WBGene00220205.,0,0,0
WBGene00220206.,0,1,1
WBGene00220207.,0,0,0
WBGene00220208.,0,0,0
WBGene00220209.,0,0,0
WBGene00220210.,0,0,0
WBGene00220211.,0,0,0
WBGene00220212.,0,3,3
WBGene00220213.,0,1,1
WBGene00220214.,0,60,60
WBGene00220215.,0,0,0
WBGene00220216.,0,0,0
WBGene00220217.,0,0,0
WBGene00220218.,0,0,0
WBGene00220219.,0,8,8
WBGene00220220.,0,5,5
WBGene00220221.,0,5,5
WBGene00220222.,0,0,0
WBGene00220223.,0,4,4
WBGene00220224.,0,0,0
WBGene00220225.,0,0,0
WBGene00220226.,0,0,0
WBGene00220227.,0,0,0
WBGene00220228.,0,18,18
WBGene00220229.,0,0,0
WBGene00220230.,0,0,0
WBGene00220231.,0,2,2
WBGene00220232.,0,0,0
WBGene00220233.,0,22,22
WBGene00220234.,0,0,0
WBGene00220235.,0,12,12
WBGene00220236.,0,181,181
WBGene00220237.,0,8,8
WBGene00220238.,0,172,172
WBGene00220239.,0,1865,1865
WBGene00220240.,0,0,0
WBGene00220241.,0,2,2
WBGene00220242.,0,0,0
WBGene00220243.,0,8,8
WBGene00220244.,0,0,0
WBGene00220245.,0,2,2
WBGene00220246.,0,0,0
WBGene00220247.,0,0,0
WBGene00220248.,0,14,14
WBGene00220249.,2,3,5
WBGene00220250.,24,5,29
WBGene00220251.,10,18,28
WBGene00220252.,25,32,57
WBGene00220253.,0,3,3
WBGene00220254.,4,0,4
WBGene00220255.,0,0,0
WBGene00220256.,3,0,3
WBGene00220257.,0,25,25
WBGene00220258.,0,20,20
WBGene00220259.,5,38,43
WBGene00220260.,56,3,59
WBGene00220261.,6,7,13
WBGene00235003.,13,8,21
WBGene00235080.,0,0,0
WBGene00235081.,0,0,0
WBGene00235084.,0,0,0
WBGene00235085.,0,0,0
WBGene00235086.,12,108,120
WBGene00235087.,0,0,0
WBGene00235088.,0,0,0
WBGene00235089.,0,0,0
WBGene00235090.,1,6,7
WBGene00235091.,1,0,1
WBGene00235092.,4,18,22
WBGene00235093.,1,88,89
WBGene00235094.,0,1,1
WBGene00235095.,4,12,16
WBGene00235102.,14,2600,2614
WBGene00235106.,0,32,32
WBGene00235107.,0,2,2
WBGene00235108.,1,0,1
WBGene00235109.,8,4,12
WBGene00235110.,8,6,14
WBGene00235111.,0,0,0
WBGene00235112.,0,5,5
WBGene00235113.,0,17,17
WBGene00235114.,6,169,175
WBGene00235115.,1,0,1
WBGene00235116.,11,10,21
WBGene00235117.,5,0,5
WBGene00235118.,1,0,1
WBGene00235119.,0,0,0
WBGene00235120.,2,3,5
WBGene00235121.,1,3,4
WBGene00235128.,0,5,5
WBGene00235129.,8,12,20
WBGene00235132.,27,8,35
WBGene00235133.,11,120,131
WBGene00235134.,2,0,2
WBGene00235152.,0,10,10
WBGene00235153.,12,7,19
WBGene00235157.,0,5,5
WBGene00235158.,18,286,304
WBGene00235159.,0,0,0
WBGene00235160.,0,0,0
WBGene00235161.,0,0,0
WBGene00235162.,0,2,2
WBGene00235163.,0,0,0
WBGene00235164.,55,742,797
WBGene00235165.,0,1,1
WBGene00235166.,0,4,4
WBGene00235167.,1,3,4
WBGene00235175.,0,1,1
WBGene00235179.,0,0,0
WBGene00235180.,0,1,1
WBGene00235181.,0,0,0
WBGene00235183.,0,0,0
WBGene00235188.,0,0,0
WBGene00235190.,0,4,4
WBGene00235197.,0,0,0
WBGene00235198.,0,0,0
WBGene00235200.,0,1,1
WBGene00235201.,0,0,0
WBGene00235206.,0,0,0
WBGene00235209.,0,0,0
WBGene00235235.,0,7,7
WBGene00235237.,0,0,0
WBGene00235247.,0,0,0
WBGene00235250.,0,0,0
WBGene00235251.,0,5,5
WBGene00235252.,0,0,0
WBGene00235254.,1,4,5
WBGene00235255.,0,1,1
WBGene00235256.,0,37,37
WBGene00235257.,9,26,35
WBGene00235258.,5,3,8
WBGene00235259.,4,16,20
WBGene00235260.,87,5,92
WBGene00235261.,0,3,3
WBGene00235262.,0,1,1
WBGene00235263.,51,7,58
WBGene00235264.,1,1,2
WBGene00235265.,3,4,7
WBGene00235266.,3,1,4
WBGene00235267.,3,8,11
WBGene00235268.,15,3,18
WBGene00235269.,0,712,712
WBGene00235270.,0,2,2
WBGene00235271.,0,26,26
WBGene00235272.,0,2,2
WBGene00235273.,163,413,576
WBGene00235274.,40,288,328
WBGene00235275.,34,1,35
WBGene00235276.,0,0,0
WBGene00235277.,204,237,441
WBGene00235278.,2,3,5
WBGene00235279.,84,29,113
WBGene00235280.,3,5,8
WBGene00235281.,0,0,0
WBGene00235282.,0,1,1
WBGene00235283.,18,39,57
WBGene00235284.,0,0,0
WBGene00235285.,0,0,0
WBGene00235286.,0,10,10
WBGene00235287.,12,141,153
WBGene00235288.,1,0,1
WBGene00235289.,0,0,0
WBGene00235290.,4,1,5
WBGene00235291.,155,1109,1264
WBGene00235292.,9,3,12
WBGene00235293.,0,2,2
WBGene00235294.,0,5,5
WBGene00235295.,0,3,3
WBGene00235296.,0,9,9
WBGene00235297.,0,1,1
WBGene00235298.,0,9,9
WBGene00235299.,1,1,2
WBGene00235300.,0,41,41
WBGene00235301.,2,13,15
WBGene00235302.,0,0,0
WBGene00235303.,0,21,21
WBGene00235304.,0,1,1
WBGene00235305.,0,0,0
WBGene00235307.,8,3,11
WBGene00235308.,9,19,28
WBGene00235309.,0,0,0
WBGene00235310.,41,129,170
WBGene00235311.,0,1,1
WBGene00235312.,3,51,54
WBGene00235313.,7,13,20
WBGene00235314.,31,52,83
WBGene00235315.,36,458,494
WBGene00235316.,8,51,59
WBGene00235317.,0,0,0
WBGene00235318.,16,96,112
WBGene00235319.,0,11,11
WBGene00235320.,4,28,32
WBGene00235321.,13,0,13
WBGene00235322.,0,0,0
WBGene00235323.,0,4,4
WBGene00235324.,8,4,12
WBGene00235325.,37,227,264
WBGene00235326.,0,0,0
WBGene00235327.,1,0,1
WBGene00235328.,0,36,36
WBGene00235329.,2,0,2
WBGene00235330.,50,236,286
WBGene00235331.,0,103,103
WBGene00235332.,0,1,1
WBGene00235333.,1,4,5
WBGene00235334.,4,0,4
WBGene00235335.,0,1,1
WBGene00235336.,0,0,0
WBGene00235338.,10,7,17
WBGene00235339.,0,0,0
WBGene00235340.,0,3,3
WBGene00235341.,1,8,9
WBGene00235342.,1,0,1
WBGene00235343.,0,0,0
WBGene00235346.,0,198,198
WBGene00235348.,0,5,5
WBGene00235350.,104,2,106
WBGene00235351.,13,16,29
WBGene00235352.,9,75,84
WBGene00235353.,1,1,2
WBGene00235354.,1,5,6
WBGene00235355.,0,1,1
WBGene00235356.,0,0,0
WBGene00235357.,14,5,19
WBGene00235358.,0,2,2
WBGene00235359.,0,0,0
WBGene00235361.,0,0,0
WBGene00235362.,1,2,3
WBGene00235363.,0,0,0
WBGene00235364.,0,2,2
WBGene00235365.,0,10,10
WBGene00235366.,0,0,0
WBGene00235367.,0,11,11
WBGene00235368.,2,8,10
WBGene00235369.,3,0,3
WBGene00235370.,1,3,4
WBGene00235371.,0,3,3
WBGene00235372.,13,22,35
WBGene00235373.,0,2,2
WBGene00235374.,3,3,6
WBGene00235375.,5,3,8
WBGene00235376.,26,7,33
WBGene00235377.,0,0,0
WBGene00235378.,0,0,0
WBGene00235379.,0,0,0
WBGene00235380.,0,34,34
WBGene00235381.,0,0,0
WBGene00235382.,0,1,1
WBGene00235383.,5,0,5
WBGene00235385.,13,150,163
WBGene00235386.,0,0,0
WBGene00235387.,276,1213,1489
WBGene00235388.,7,1,8
WBGene00235389.,0,6,6
WBGene00235390.,1,0,1
WBGene00235391.,0,3,3
WBGene00236785.,0,33,33
WBGene00236786.,10,265,275
WBGene00236787.,0,6,6
WBGene00236788.,0,0,0
WBGene00236789.,7,24,31
WBGene00236797.,0,22,22
WBGene00236798.,0,13,13
WBGene00236799.,0,5,5
WBGene00236800.,0,30,30
WBGene00236806.,77,0,77
WBGene00236807.,0,2,2
WBGene00236808.,4,3,7
WBGene00236809.,3,70,73
WBGene00249808.,0,54,54
WBGene00249812.,0,0,0
WBGene00249813.,0,0,0
WBGene00249814.,0,0,0
WBGene00249815.,494,183,677
WBGene00249816.,0,4,4
WBGene00249817.,28,472,500
WBGene00249825.,1,2,3
WBGene00249826.,0,1129,1129
WBGene00255375.,0,0,0
WBGene00255420.,11,1,12
WBGene00255426.,0,16,16
WBGene00255435.,4,1,5
WBGene00255441.,0,2,2
WBGene00255457.,317,94,411
WBGene00255469.,6,11,17
WBGene00255522.,0,1,1
WBGene00255543.,0,1,1
WBGene00255545.,0,0,0
WBGene00255546.,1,1,2
WBGene00255549.,1,9,10
WBGene00255550.,0,0,0
WBGene00255553.,1,0,1
WBGene00255560.,0,0,0
WBGene00255561.,0,0,0
WBGene00255562.,0,0,0
WBGene00255563.,0,0,0
WBGene00255564.,0,0,0
WBGene00255565.,0,0,0
WBGene00255566.,0,0,0
WBGene00255567.,0,0,0
WBGene00255568.,0,0,0
WBGene00255569.,0,0,0
WBGene00255570.,0,0,0
WBGene00255571.,0,0,0
WBGene00255572.,0,2,2
WBGene00255573.,0,0,0
WBGene00255574.,0,0,0
WBGene00255575.,0,0,0
WBGene00255576.,0,0,0
WBGene00255577.,0,0,0
WBGene00255578.,0,0,0
WBGene00255579.,0,7,7
WBGene00255580.,0,0,0
WBGene00255581.,0,0,0
WBGene00255582.,0,0,0
WBGene00255583.,0,0,0
WBGene00255584.,0,0,0
WBGene00255586.,0,0,0
WBGene00255587.,0,0,0
WBGene00255588.,0,0,0
WBGene00255594.,3,84,87
WBGene00255595.,0,0,0
WBGene00255596.,0,7,7
WBGene00255597.,2,7,9
WBGene00255598.,49,230,279
WBGene00255600.,6,41,47
WBGene00255605.,0,80,80
WBGene00255606.,7,113,120
WBGene00255607.,0,0,0
WBGene00255611.,0,0,0
WBGene00255702.,30,95,125
WBGene00255703.,1,8,9
WBGene00255704.,0,71,71
WBGene00255709.,0,3,3
WBGene00255714.,5,293,298
WBGene00255728.,2,11,13
WBGene00255729.,0,5,5
WBGene00255730.,1,15,16
WBGene00255731.,8,30,38
WBGene00255732.,1,1,2
WBGene00255733.,5,23,28
WBGene00255736.,0,25,25
WBGene00268189.,1,4,5
WBGene00268190.,6,1,7
WBGene00268191.,0,0,0
WBGene00268192.,44,268,312
WBGene00268193.,0,2,2
WBGene00268194.,6,8,14
WBGene00268196.,55,84,139
WBGene00268197.,0,4,4
WBGene00268198.,0,0,0
WBGene00268199.,1,2,3
WBGene00268202.,6,6,12
WBGene00268203.,1,5,6
WBGene00268204.,0,11,11
WBGene00268205.,0,0,0
WBGene00268206.,4,15,19
WBGene00268207.,0,1,1
WBGene00268208.,187,8,195
WBGene00268209.,1,6,7
WBGene00268210.,0,0,0
WBGene00268211.,0,1,1
WBGene00268212.,43,2,45
WBGene00268213.,4,73,77
WBGene00268214.,11,7,18
WBGene00268215.,2,3,5
WBGene00268216.,11,2,13
WBGene00269331.,0,1,1
WBGene00269332.,0,1,1
WBGene00269333.,0,1,1
WBGene00269336.,0,2,2
WBGene00269337.,0,1,1
WBGene00269338.,0,3,3
WBGene00269346.,0,1,1
WBGene00269352.,0,0,0
WBGene00269355.,46,553,599
WBGene00269373.,0,25,25
WBGene00269376.,0,102,102
WBGene00269378.,100,320,420
WBGene00269379.,3,10,13
WBGene00269381.,1,1,2
WBGene00269382.,34,468,502
WBGene00269383.,59,178,237
WBGene00269384.,7,74,81
WBGene00269385.,0,1,1
WBGene00269386.,0,49,49
WBGene00269387.,0,33,33
WBGene00269388.,0,1,1
WBGene00269389.,0,1,1
WBGene00269390.,3,13,16
WBGene00269391.,0,2,2
WBGene00269392.,5,7,12
WBGene00269393.,0,5,5
WBGene00269394.,0,2,2
WBGene00269419.,0,0,0
WBGene00269420.,0,0,0
WBGene00269421.,2557,11667,14224
WBGene00269422.,0,3,3
WBGene00269423.,8,0,8
WBGene00269424.,6,19,25
WBGene00269425.,2,4,6
WBGene00269426.,11,22,33
WBGene00269427.,0,19,19
WBGene00269428.,5,20,25
WBGene00269429.,0,13,13
WBGene00269430.,0,0,0
WBGene00269431.,2,26,28
WBGene00269432.,21,154,175
WBGene00269433.,58,261,319
WBGene00269434.,1,117,118
WBGene00269435.,2,7,9
WBGene00269436.,6,16,22
WBGene00269437.,1,26,27
WBGene00269438.,0,13,13
WBGene00270290.,1,2,3
WBGene00270291.,0,0,0
WBGene00270292.,0,1,1
WBGene00270293.,0,6,6
WBGene00270303.,0,9,9
WBGene00270309.,18,50,68
WBGene00270318.,51,139,190
WBGene00270319.,0,244,244
WBGene00270320.,5,3,8
WBGene00270321.,5,10,15
WBGene00270322.,22,1006,1028
WBGene00271414.,71,1443,1514
WBGene00271415.,7,15,22
WBGene00271437.,7,45,52
WBGene00271444.,4,11,15
WBGene00271567.,1,2,3
WBGene00271577.,3,2,5
WBGene00271598.,10,22,32
WBGene00271605.,29,112,141
WBGene00271606.,129,1721,1850
WBGene00271632.,0,555,555
WBGene00271633.,0,235,235
WBGene00271634.,0,15,15
WBGene00271635.,0,1,1
WBGene00271636.,75,889,964
WBGene00271637.,10,13,23
WBGene00271638.,0,6,6
WBGene00271639.,0,1,1
WBGene00271640.,2,6,8
WBGene00271641.,0,1,1
WBGene00271642.,60,4025,4085
WBGene00271643.,0,1,1
WBGene00271644.,0,10,10
WBGene00271645.,0,15,15
WBGene00271646.,0,10,10
WBGene00271647.,3,37,40
WBGene00271648.,0,5,5
WBGene00271649.,2,4,6
WBGene00271650.,0,6,6
WBGene00271651.,0,6,6
WBGene00271652.,40,100,140
WBGene00271653.,2,0,2
WBGene00271654.,0,4,4
WBGene00271655.,0,88,88
WBGene00271656.,0,10,10
WBGene00271657.,3,11,14
WBGene00271694.,14,201,215
WBGene00271701.,1,14,15
WBGene00271703.,1,0,1
WBGene00271706.,29,587,616
WBGene00271707.,0,4,4
WBGene00271715.,5,1,6
WBGene00271716.,206,540,746
WBGene00271744.,15,32,47
WBGene00271774.,0,5,5
WBGene00271775.,56,1270,1326
WBGene00271776.,19,15,34
WBGene00271777.,386,23,409
WBGene00271778.,0,23,23
WBGene00271779.,0,9,9
WBGene00271780.,0,0,0
WBGene00271781.,0,11,11
WBGene00271786.,13,7,20
WBGene00271788.,9,105,114
WBGene00271789.,1,4,5
WBGene00271790.,0,0,0
WBGene00271791.,0,12,12
WBGene00271792.,0,0,0
WBGene00271795.,1,297,298
WBGene00271796.,30,399,429
WBGene00271797.,2,0,2
WBGene00271798.,74,56,130
WBGene00271799.,0,0,0
WBGene00271800.,0,0,0
WBGene00271801.,8,27,35
WBGene00271802.,14,153,167
WBGene00271803.,0,1,1
WBGene00271804.,0,0,0
WBGene00271805.,0,23,23
WBGene00271806.,0,1,1
WBGene00271807.,0,0,0
WBGene00271808.,28,17,45
WBGene00271809.,10,13,23
WBGene00271810.,0,0,0
WBGene00271811.,2,2,4
WBGene00271813.,0,3,3
WBGene00271815.,0,1,1
WBGene00271816.,0,1,1
WBGene00271817.,0,288,288
WBGene00271818.,48,287,335
WBGene00271819.,0,0,0
WBGene00271820.,22,5,27
WBGene00271821.,26,7,33
WBGene00271822.,0,3,3
WBGene00271823.,0,0,0
WBGene00271824.,12,42,54
WBGene00271827.,18,97,115
WBGene00271830.,180,872,1052
WBGene00271831.,0,0,0
WBGene00271832.,3,5,8
WBGene00271837.,0,0,0
WBGene00284844.,0,577,577
WBGene00284845.,0,2,2
WBGene00284846.,691,7780,8471
WBGene00284847.,0,1,1
WBGene00284848.,33,327,360
WBGene00284849.,0,12,12
WBGene00284850.,0,0,0
WBGene00284851.,77,60,137
WBGene00284852.,24,225,249
WBGene00284853.,6,6,12
WBGene00284854.,22,28,50
WBGene00284855.,0,3,3
WBGene00284856.,0,1761,1761
WBGene00284857.,0,31,31
WBGene00284858.,0,0,0
WBGene00284859.,0,469,469
WBGene00284861.,0,192,192
WBGene00284867.,0,112,112
WBGene00302964.,0,28,28
WBGene00302968.,0,275,275
WBGene00302971.,25,145,170
WBGene00302974.,0,9,9
WBGene00302976.,0,14,14
WBGene00302978.,103,431,534
WBGene00302980.,0,110,110
WBGene00302982.,3,85,88
WBGene00302984.,13,25,38
WBGene00302986.,59,12,71
WBGene00302988.,13,11,24
WBGene00302991.,34,51,85
WBGene00302993.,4,0,4
WBGene00302995.,116,494,610
WBGene00302998.,73,176,249
WBGene00303000.,353,740,1093
WBGene00303002.,0,68,68
WBGene00303005.,0,0,0
WBGene00303007.,0,36,36
WBGene00303009.,20,286,306
WBGene00303011.,44,51,95
WBGene00303013.,21,13,34
WBGene00303015.,30,874,904
WBGene00303019.,0,1741,1741
WBGene00303021.,0,195,195
WBGene00303023.,0,0,0
WBGene00303024.,0,0,0
WBGene00303026.,69,507,576
WBGene00303028.,0,0,0
WBGene00303030.,4,33,37
WBGene00303031.,0,0,0
WBGene00303032.,0,0,0
WBGene00303033.,0,0,0
WBGene00303034.,0,0,0
WBGene00303035.,0,0,0
WBGene00303036.,0,0,0
WBGene00303037.,0,0,0
WBGene00303038.,0,0,0
WBGene00303039.,0,0,0
WBGene00303040.,0,0,0
WBGene00303041.,0,0,0
WBGene00303042.,0,0,0
WBGene00303043.,0,0,0
WBGene00303044.,0,0,0
WBGene00303045.,0,0,0
WBGene00303046.,0,0,0
WBGene00303047.,0,0,0
WBGene00303048.,0,0,0
WBGene00303049.,0,0,0
WBGene00303050.,0,0,0
WBGene00303051.,0,0,0
WBGene00303052.,0,0,0
WBGene00303053.,0,0,0
WBGene00303054.,0,0,0
WBGene00303055.,0,0,0
WBGene00303056.,0,0,0
WBGene00303057.,0,0,0
WBGene00303058.,0,0,0
WBGene00303059.,0,0,0
WBGene00303060.,0,0,0
WBGene00303061.,0,0,0
WBGene00303062.,0,0,0
WBGene00303063.,0,0,0
WBGene00303064.,0,0,0
WBGene00303065.,0,0,0
WBGene00303066.,0,0,0
WBGene00303067.,0,0,0
WBGene00303068.,0,0,0
WBGene00303069.,0,0,0
WBGene00303070.,0,0,0
WBGene00303071.,0,0,0
WBGene00303072.,0,0,0
WBGene00303073.,0,0,0
WBGene00303074.,0,0,0
WBGene00303075.,0,358,358
WBGene00303076.,0,0,0
WBGene00303077.,0,0,0
WBGene00303078.,0,0,0
WBGene00303079.,0,0,0
WBGene00303080.,0,0,0
WBGene00303081.,0,0,0
WBGene00303082.,0,0,0
WBGene00303083.,0,0,0
WBGene00303085.,0,0,0
WBGene00303086.,0,0,0
WBGene00303087.,0,0,0
WBGene00303088.,0,0,0
WBGene00303089.,0,0,0
WBGene00303090.,0,0,0
WBGene00303091.,0,21,21
WBGene00303092.,0,0,0
WBGene00303093.,0,0,0
WBGene00303094.,0,0,0
WBGene00303095.,0,0,0
WBGene00303096.,0,0,0
WBGene00303097.,0,0,0
WBGene00303098.,0,0,0
WBGene00303099.,0,0,0
WBGene00303100.,0,0,0
WBGene00303101.,0,0,0
WBGene00303102.,0,0,0
WBGene00303103.,0,0,0
WBGene00303104.,0,0,0
WBGene00303105.,0,1,1
WBGene00303113.,0,0,0
WBGene00303114.,0,0,0
WBGene00303115.,0,0,0
WBGene00303208.,86,1120,1206
WBGene00303231.,1,4,5
WBGene00303233.,154,774,928
WBGene00303359.,2,0,2
WBGene00303360.,0,0,0
WBGene00303362.,1,0,1
WBGene00303363.,0,2,2
WBGene00303364.,25,35,60
WBGene00303365.,0,0,0
WBGene00303366.,0,1,1
WBGene00303367.,0,0,0
WBGene00303368.,8,8,16
WBGene00303369.,0,1,1
WBGene00303370.,0,0,0
WBGene00303371.,2,10,12
WBGene00303378.,0,1,1
WBGene00303398.,9,10,19
WBGene00303421.,5,4,9
WBGene00303423.,106,547,653
WBGene00303425.,18,83,101
WBGene00304173.,0,7,7
WBGene00304175.,3,1,4
WBGene00304181.,25,0,25
WBGene00304182.,0,5,5
WBGene00304183.,0,3,3
WBGene00304189.,62,825,887
WBGene00304194.,10,11,21
WBGene00304195.,0,1,1
WBGene00304201.,2,3,5
WBGene00304202.,4,10,14
WBGene00304203.,45,32,77
WBGene00304215.,18,17,35
WBGene00304219.,0,303,303
WBGene00304220.,12,5,17
WBGene00304237.,8,75,83
WBGene00304238.,0,3,3
WBGene00304775.,0,26,26
WBGene00304776.,5,65,70
WBGene00304782.,0,44,44
WBGene00304783.,0,439,439
WBGene00304785.,1,1,2
WBGene00304786.,0,5,5
WBGene00304787.,8,66,74
WBGene00304788.,19,56,75
WBGene00304789.,0,0,0
WBGene00304790.,16,855,871
WBGene00304791.,14,70,84
WBGene00304792.,0,76,76
WBGene00304793.,2,14,16
WBGene00304794.,24,8,32
WBGene00304797.,0,1,1
WBGene00304798.,0,37,37
WBGene00304806.,0,2,2
WBGene00304808.,65,117,182
WBGene00304811.,131,856,987
WBGene00304812.,0,52,52
WBGene00304813.,0,1184,1184
WBGene00304814.,0,0,0
WBGene00304815.,0,10875,10875
WBGene00304816.,3,46,49
WBGene00304817.,8,13,21
WBGene00304818.,0,0,0
WBGene00304819.,2,5,7
WBGene00304820.,6,27,33
WBGene00304822.,1,39,40
WBGene00304823.,1,1,2
WBGene00304824.,2,2,4
WBGene00304825.,38,1,39
WBGene00304826.,2,4,6
WBGene00304827.,3,0,3
WBGene00304828.,0,14,14
WBGene00304895.,11,381,392
WBGene00304901.,1,0,1
WBGene00304906.,0,29,29
WBGene00304907.,4,0,4
WBGene00304908.,1,1,2
WBGene00304930.,0,2,2
WBGene00304981.,4,0,4
WBGene00304985.,9,15,24
WBGene00304992.,281,6039,6320
WBGene00304996.,7,15,22
WBGene00305018.,0,4,4
WBGene00305047.,0,1,1
WBGene00305048.,0,0,0
WBGene00305049.,3,4,7
WBGene00305050.,85,86,171
WBGene00305065.,29,40,69
WBGene00305066.,1,47,48
WBGene00305067.,35,385,420
WBGene00305069.,0,0,0
WBGene00305086.,37,44,81
WBGene00305090.,16,23,39
WBGene00305091.,2,6,8
WBGene00305092.,0,14,14
WBGene00305093.,0,0,0
WBGene00305095.,0,6,6
WBGene00305102.,1,1,2
WBGene00305103.,12,174,186
WBGene00305104.,0,20,20
WBGene00305109.,0,6,6
WBGene00305110.,0,1,1
WBGene00305111.,0,0,0
WBGene00305112.,0,1,1
WBGene00305113.,1,7,8
WBGene00305114.,3,1,4
WBGene00305130.,0,1,1
WBGene00305131.,0,648,648
WBGene00305132.,0,2,2
WBGene00305157.,0,382,382
WBGene00305158.,10,14,24
WBGene00305159.,2,1,3
WBGene00305173.,29,93,122
WBGene00305970.,0,5,5
WBGene00305979.,0,1,1
WBGene00305980.,13,8,21
WBGene00305981.,65,235,300
WBGene00305991.,7,46,53
WBGene00305992.,4,24,28
WBGene00305993.,1,44,45
WBGene00305994.,5,17,22
WBGene00305995.,5,30,35
WBGene00305996.,11,15,26
WBGene00305997.,0,1,1
WBGene00305998.,2,5,7
WBGene00305999.,8,7,15
WBGene00306000.,2,10,12
WBGene00306001.,0,3,3
WBGene00306002.,4,93,97
WBGene00306003.,50,1018,1068
WBGene00306004.,4,1,5
WBGene00306005.,50,58,108
WBGene00306012.,158,606,764
WBGene00306013.,266,1896,2162
WBGene00306014.,0,11,11
WBGene00306062.,0,1,1
WBGene00306066.,21,35,56
WBGene00306069.,0,397,397
WBGene00306070.,3,0,3
WBGene00306076.,0,1,1
WBGene00306078.,0,17,17
WBGene00306080.,0,0,0
WBGene00306081.,4,41,45
WBGene00306121.,4,36,40
WBGene00306122.,0,1,1
WBGene00306123.,29,73,102
WBGene00306124.,53,2,55
WBGene00306125.,0,0,0
WBGene00306126.,57,908,965
WBGene00306131.,0,208,208
WBGene00306132.,0,25,25
